0 0.40348331133524573 0.6863937377929688 0.01946147282918294 0.029463591399016203
0 0.5227160188886855 0.6767708813702619 0.01911730236477322 0.023898324848693094
0 0.439295834965176 0.8046723118534794 0.02249418364630805 0.03542379685390143
0 0.3746285570992363 0.6736205065691913 0.010024891959296334 0.021429697672526046
0 0.45594472355312776 0.5527913599838445 0.016063849131266277 0.022105275848765437
0 0.3706625699996949 0.7592295422966098 0.013272417916191947 0.023446919005594136
0 0.4204878674613105 0.7315330034420815 0.013568109936184354 0.02234376507040895
0 0.3968674606747098 0.7301566512496384 0.010247283511691622 0.019321017795138888
0 0.434744291835361 0.7128149668375652 0.011743360095553927 0.015768404360170716
0 0.5380728774600559 0.7734221941159095 0.012391779157850478 0.017742580837673612
0 0.5207464959886339 0.7519554326563705 0.01032967037624783 0.015296841845100308
0 0.546873066160414 0.7286788799144603 0.013898160722520616 0.018715328640407987
0 0.3027885357538859 0.6914983678747106 0.01838586065504286 0.02500727147231867
0 0.4421869516372681 0.5417531566855349 0.015089432398478188 0.025682378698278358
0 0.3954676919513278 0.8085662935986931 0.009918769200642904 0.018770665298273533
0 0.24237998326619464 0.8694808394820602 0.016560872395833332 0.025392697181230706
0 0.45818752712673605 0.7660853068033853 0.017940733167860243 0.02242674650969329
0 0.46036341455247665 0.8707988880298757 0.013031058841281466 0.017938401963975694
0 0.32922963301340735 0.1936875567024137 0.016987721125284832 0.023338788821373458
0 0.21732073360019263 0.7485966623565297 0.01661915249294705 0.035571157196421684
0 0.5558239618937174 0.7912415633966893 0.010755750868055556 0.017906330249927663
0 0.42534339427948 0.653717064563139 0.01575869984096951 0.026144004162446954
0 0.39025006029340953 0.7613538341757693 0.007847600513034396 0.015142228868272569
0 0.5337803363800049 0.7422691392309873 0.00813044442070855 0.011810349829402971
0 0.479839907752143 0.7425245120201582 0.008938789367675781 0.014692518446180556
0 0.5010596646202936 0.7195571145893613 0.012412230173746742 0.017685501663773147
0 0.42186689376831055 0.7718587333773389 0.017164760165744357 0.018012058587721837
0 0.38146988550821936 0.7968148361017675 0.01328955756293403 0.022255367702907987
0 0.5988880263434516 0.8354648072042582 0.010126431783040367 0.01404364315080054
0 0.41685238149431014 0.7543627421061199 0.008491383658515083 0.015642707730516976
0 0.329871588283115 0.7678000603193118 0.01030543115403917 0.021804008954836997
0 0.4907454649607341 0.6888612346884645 0.01802894804212782 0.02539552288290895
0 0.4905961354573568 0.6884774573055314 0.018252796596950956 0.026788876380449456
0 0.6041973431905111 0.8509910489306038 0.01138252682156033 0.015320012598861883
0 0.4852989514668783 0.8273996423791955 0.010226461622450087 0.01661456072771991
0 0.45562015639411074 0.5529578880027488 0.016138871510823567 0.02186772852768133
0 0.43767334355248344 0.8577161247347608 0.012811899185180664 0.016613242066936727
0 0.4154639906353421 0.7036724090576172 0.009102529949612088 0.014148617968147183
0 0.5410133202870687 0.8480226493176118 0.01143376032511393 0.015372570650077159
0 0.4169069396124946 0.7558237711588542 0.00797218746609158 0.015286480938946759
0 0.3736752801471287 0.8574857358579283 0.013171222474839952 0.014553682303722993
0 0.4264068073696561 0.707773137975622 0.008337073855929904 0.01431189643012153
0 0.5037040710449218 0.8599855399426118 0.015530904134114586 0.017523494767554014
