0 0.4769486586252848 0.6798936820324556 0.013972441355387367 0.022289040647907023
0 0.47329547670152455 0.6169182341775776 0.016113705105251737 0.02203712934329186
0 0.38401186466217035 0.6544010021068432 0.022089348898993597 0.03032853868272569
0 0.42963063716888433 0.6597464526141131 0.0188750425974528 0.02212321905442226
0 0.361552291446262 0.7197501335614994 0.012520101335313585 0.021990411075544943
0 0.39691576692793107 0.5923250692862051 0.014751513799031578 0.020704528431833527
0 0.45398966471354174 0.696473745652187 0.01641103956434462 0.020677213315610534
0 0.5264698399437798 0.7278190188937717 0.008972432878282335 0.015064804642288774
0 0.1636200083626641 0.1405748908902392 0.01777966817220052 0.02768933331524884
0 0.5039712852901882 0.7250698937310112 0.011909325917561851 0.016446101812668788
0 0.4328260289298163 0.6807296187789352 0.011109643512301974 0.019082057623215663
0 0.3901670244004991 0.7164266374376085 0.025731457604302302 0.030035372133608216
0 0.49129345681932235 0.9140552944607204 0.012813938988579642 0.019848576298466435
0 0.535334481133355 0.6981791743525753 0.012652397155761719 0.018463134765625
0 0.4608654975891113 0.727176148214458 0.01147111256917318 0.014957946023823302
0 0.42316558625962997 0.7237782890414014 0.009374989403618706 0.014179371021412037
0 0.4851592911614312 0.7485656031855831 0.010469224717881944 0.014488455689983604
0 0.5329073270161946 0.7487968162254052 0.012946446736653648 0.017830931110146605
0 0.5148069593641493 0.7213828239911868 0.011619991726345487 0.017020755343967013
0 0.4676020410325792 0.7135318709008487 0.009388499789767794 0.015723334418402776
0 0.49464048279656303 0.8605541653103299 0.014777024586995445 0.019744307906539353
0 0.47492175632052946 0.726182137006595 0.0117393069797092 0.01615232302818769
0 0.4890828927357992 0.7359336099506897 0.011348883310953774 0.016676914544753087
0 0.4890936745537652 0.7220373035948953 0.011361863878038194 0.012649865798008295
0 0.5025393433041042 0.7454398119891131 0.010065661536322702 0.014052920871310763
0 0.5083236429426404 0.8378506884162809 0.014135201772054039 0.018041163315007717
0 0.6147862805260552 0.8369549880793066 0.00968260235256619 0.018493934913917823
