0 0.377846810552809 0.6191755459632402 0.02892650498284234 0.040694766574435756
0 0.420134014553494 0.7488277105637539 0.017919010586208768 0.023140895513840666
0 0.41557848453521723 0.7135977803924938 0.01604612668355306 0.02511874540352527
0 0.4344489309522841 0.819784046691141 0.013496875762939453 0.019237282835407023
0 0.4590926435258653 0.7308654314205971 0.008934285905626085 0.011972403820650077
0 0.42155983712938094 0.8259838716483411 0.011695279015435111 0.022125244140625
0 0.1792179580014482 0.8303161959932416 0.01520637219406229 0.03089548636253923
0 0.38047573231933035 0.8399395531874009 0.014621818989552367 0.020065810075331286
0 0.46884795410706404 0.8271704013212811 0.009234833046033088 0.017329563246877056
0 0.5460614192975076 0.8264863396141675 0.010773971887038556 0.01687352210880121
0 0.47756974087276194 0.7304896800492305 0.006156555364022154 0.01550539869457424
0 0.47051535451815335 0.7311737417563441 0.006413078504189684 0.012313110728044023
0 0.44742827190307055 0.7446269553295776 0.011030495027206228 0.01459331641842283
0 0.5056071092703134 0.6553311154147948 0.00974787932636822 0.017329563246876914
0 0.43557629200456227 0.6847457688206782 0.0112870181673739 0.021433933489558257
0 0.52138328239062 0.7123362576742585 0.008465263625530213 0.01276915186611987
0 0.36618678258923004 0.8345552826785487 0.011543541307541432 0.03009871511299693
0 0.44057849323783027 0.8516568253563878 0.011543541307541432 0.01960976893725544
