0 0.471968412399292 0.704053101716218 0.01618581347995334 0.02495989387418017
0 0.3524611658520169 0.6812420126832562 0.01759118503994412 0.02750123577353395
0 0.4204329517152574 0.8131870222680362 0.013352526558770072 0.02307524504484954
0 0.4063969982994927 0.7480622986216605 0.0146434572007921 0.02009945151246624
0 0.4251146316528321 0.7541270079436124 0.013560454050699867 0.01787844999336902
0 0.3614395989312066 0.7530741514983 0.012505266401502822 0.018026987711588543
0 0.4695898956722684 0.7402049641550323 0.01431502236260308 0.016424155529634454
0 0.2886166149154189 0.5923210169144915 0.01749485096710906 0.028956994704180446
0 0.2794651624314911 0.7177581002138049 0.014176861990588313 0.02520331020549051
0 0.4779412302997277 0.8322454774238517 0.013573591267584603 0.018232181850780193
0 0.43933190402748723 0.8818477368708274 0.01236704982157704 0.018768422493450315
0 0.3780999256426057 0.844847132526597 0.016589944882603264 0.016623459922770253
0 0.329838267802305 0.8209844239277815 0.014176861990588279 0.019304663136120438
0 0.5068560451805777 0.7457901886739043 0.012532768321717356 0.023673006829910578
0 0.44967528971274207 0.8378712225931889 0.012532768321717427 0.03168005325767439
0 0.4043419167990299 0.8260347191782336 0.010770347776475902 0.021236079656243304
0 0.7071699117561152 0.8190134167562164 0.00938823537166016 0.01942131923349507
