0 0.4019059075249566 0.7393771277533636 0.012881278991699219 0.018681985360604746
0 0.4595918390485975 0.7258098272629726 0.009293609195285372 0.01974713360821759
0 0.444303380118476 0.7304843620017724 0.015317016177707247 0.01675118340386285
0 0.5211034086015489 0.5869472173996914 0.021150853898790144 0.035862487039448304
0 0.46226649814181864 0.7696386031162592 0.012239350212944877 0.021418771626036844
0 0.4428883658515083 0.7074380333040967 0.02216233147515191 0.023272902877242475
0 0.18881168630388045 0.2601034258618767 0.030112054612901472 0.03978472580144435
0 0.4824875460730658 0.7404491047800323 0.008652528127034506 0.01324335734049479
0 0.3985194365183513 0.8151135856722607 0.020655367109510638 0.02169611424575617
0 0.4347015884187486 0.6801697295389058 0.012213574515448678 0.021208821991343562
0 0.3757045269012451 0.7626286494879075 0.010831885867648654 0.014718938756872106
0 0.46224024560716415 0.769867084644459 0.010882642534044053 0.020272337360146605
0 0.37196240160200333 0.7824829478322723 0.01942457093132867 0.017579820421006944
0 0.4474864753504219 0.8395971420000037 0.011236735717809693 0.016451168632610234
