0 0.42284327083163786 0.6929729132004725 0.01666063732571072 0.026765894006799767
0 0.4300945997238159 0.5852922039267459 0.019586748547024198 0.029416967321325233
0 0.45992138650682235 0.7484558953179252 0.013311651017930772 0.024873804163049767
0 0.4225790765550401 0.7486502329508464 0.009271886613633897 0.014350561448085455
0 0.41082566314273417 0.746850119696723 0.006703297297159832 0.014935293315369406
0 0.3956256045235528 0.7350659311553578 0.010878801345825195 0.014585706922743056
0 0.44748059360374826 0.713607794404248 0.0058983032635907765 0.01165096940956218
0 0.4371039489733569 0.7138019772277409 0.00699058164573728 0.011262603762576902
0 0.4258534816372485 0.7151612569921898 0.008519771380742327 0.012427700703532878
0 0.37975933391066824 0.85458452425995 0.012015062203610967 0.024855401407066182
