0 0.4340212080213759 0.7048455932993949 0.021800676981608078 0.027186028751326193
0 0.2583690881729126 0.6754610273573133 0.019938230514526367 0.03223649955090181
0 0.45062817467583555 0.7189375559488933 0.012019581264919706 0.022024696255907597
0 0.3933401902516682 0.7942310851297261 0.016838338640001085 0.026125495816454472
0 0.3939249383078681 0.7943653766019846 0.01734826299879286 0.02585258012936439
0 0.4127483298046846 0.8513596722864216 0.01712774540705148 0.02952661834481589
0 0.4008108102785578 0.8153741061786769 0.010899474349941728 0.023990377405162917
0 0.38601866651792244 0.868891101928656 0.013494587290404212 0.023990377405162917
0 0.4011758218714006 0.7326167820033257 0.014301747884633969 0.02022469397827038
0 0.46114565106946814 0.7519747033825271 0.016577025957189448 0.018491148780132676
0 0.09304851556842868 0.6082548877624909 0.018102824040550337 0.037332046021401624
