0 0.2071775926484002 0.08399314350552028 0.024980372852749295 0.03726432352890203
0 0.13464316394593984 0.11811169871577512 0.03556189272138807 0.046795209248860686
0 0.23355465465121797 0.24196929696165484 0.0382788446214464 0.04776526086124373
0 0.27185487747192383 0.2270697958675432 0.02221292919582791 0.03300035735707224
0 0.3776792420281304 0.6232552469512563 0.017968230777316622 0.02531315367898823
0 0.5422490702735053 0.3306843322000386 0.017152203453911677 0.030386559757185568
0 0.5676513248019749 0.6843184482904127 0.025855276319715716 0.03324880717713156
0 0.5334517425960964 0.5498034630292729 0.022813426123725042 0.027981981819058643
0 0.6029143068525527 0.17230822127542378 0.018439663781060114 0.027493312035077887
0 0.5896169344584148 0.6737366900031949 0.01993030971950955 0.031250988995587384
0 0.3912686241997613 0.6504876407576197 0.0197704103257921 0.031657654562114196
0 0.373919169108073 0.7488441938235436 0.01843404769897461 0.028973426347897378
0 0.397043334113227 0.7707427460470316 0.01871024237738715 0.02908800855095004
0 0.4737798372904459 0.7826734472204138 0.015442212422688804 0.031542836883921684
0 0.471308602227105 0.7178983335141783 0.016772800021701388 0.02758534749348958
0 0.3669346306059096 0.7076740029417438 0.013400475184122719 0.021272353184076002
0 0.49188982115851504 0.5911193188325857 0.014410813649495445 0.021434548460407023
0 0.5369467205471463 0.9621178426860291 0.01565445793999566 0.029295838909384645
0 0.4902803632948134 0.7318696857970438 0.014253086513943143 0.02119587085865162
0 0.42520356178283697 0.7510070094355831 0.01351515452067057 0.02035159829222126
0 0.3057563437355889 0.2698125015070409 0.02153235011630588 0.028006895088855132
0 0.4205373790529039 0.7208215219003182 0.013819562064276803 0.02550337049696181
0 0.38052944342295336 0.6842972084327981 0.01453709602355957 0.0213775634765625
0 0.016527965457903013 0.6966413333092207 0.02498044942816098 0.04366264814211998
0 0.43239920669131804 0.6164064525086203 0.023336595959133573 0.0337837595998505
0 0.4197110070122613 0.6622030234631197 0.01737833023071289 0.024262275224850503
0 0.5158073902130127 0.47467730957784765 0.011408329010009766 0.020258444326895254
0 0.3262826999028524 0.708769433292342 0.016128036710951064 0.023744182822145063
0 0.4578474362691243 0.7148364267231506 0.017026901245117188 0.032778940083068094
0 0.3936485449473064 0.6971848805745442 0.017473220825195312 0.02435307443877797
0 0.12973120477464464 0.7023501219572844 0.014622131983439125 0.03055831532419464
0 0.4883339669969347 0.21065589528024933 0.017940945095486112 0.028129483446662808
0 0.6278043058183459 0.7492677900526258 0.014230887095133461 0.0256840741192853
0 0.26181515057881677 0.7548355055444034 0.016221735212537978 0.028797149658203125
0 0.03773025009367201 0.19178615970376098 0.012192911571926542 0.019937173819836274
0 0.40773916244506836 0.8203690611285928 0.014638953738742404 0.0189694063163098
0 0.5109847916497124 0.7256232838571809 0.010995123121473525 0.016977098253038194
0 0.5491556061638727 0.7346506236511984 0.01564968956841363 0.021493370150342403
0 0.4120885398652819 0.33365237860032076 0.020986530515882708 0.03524808530454283
0 0.3985959026548598 0.735658386607229 0.015985356436835393 0.022053000367717977
0 0.5309223863813612 0.7809726102852527 0.01596636242336697 0.022037459008487654
0 0.4044998751746284 0.8679393250265239 0.012311882442898221 0.025710117669753084
0 0.39217844274308944 0.7542281209686656 0.009575128555297852 0.015796849757065006
0 0.4321948554780748 0.7882421517077788 0.014356374740600586 0.024797133457513502
0 0.43256260289086235 0.7875117313714675 0.014986276626586914 0.025603164861231674
0 0.4418309926986695 0.8705586562921971 0.01063720385233561 0.019089121877411266
0 0.30183863639831543 0.1683871540022485 0.013151698642306857 0.023161358303493924
0 0.5816964308420817 0.8248805764280719 0.009456687503390841 0.015075212643470292
0 0.505933125813802 0.6455730626612534 0.016430960761176214 0.024900224473741316
0 0.36085053284962976 0.464284826208044 0.014007541868421767 0.027325382939091435
0 0.3989579942491319 0.7354062633749879 0.016329659356011286 0.0220290289984809
0 0.5310947895050049 0.7812985078788098 0.014596356285942923 0.021297690309124227
0 0.10003774695926243 0.26709410585003135 0.03681000073750814 0.05253398565598475
0 0.40603911876678467 0.7976822558744455 0.016539282268948026 0.024072811927324456
0 0.4683445824517144 0.8703384399414064 0.009637090894911025 0.01746999481577932
0 0.4870541360643175 0.8480133245020737 0.011965009901258681 0.01661399558738426
0 0.6025994883643256 0.8576111499174143 0.012520631154378258 0.019971776891637733
0 0.38090900580088294 0.7795473499062621 0.012692954805162217 0.023879015887225116
0 0.3811271852917142 0.778617270198869 0.014160076777140297 0.026622112886405286
0 0.17094426022635567 0.6162356623896846 0.018840167257520888 0.02855757725091628
0 0.5490326616499159 0.7327772540810668 0.016670385996500652 0.024503825623312114
0 0.4052100049124824 0.7976924519480011 0.015613052580091689 0.023011054521725503
0 0.5056620438893636 0.6453380584716797 0.017046345604790583 0.025279245258849344
0 0.4881499608357748 0.8455195956759982 0.015339321560329862 0.020726050859616128
0 0.5002261797587076 0.8224579139992042 0.013044145372178819 0.015943456579137733
0 0.2486314408140376 0.4035811254467748 0.03663920312114324 0.05996680863566304
0 0.15514331538985074 0.36816969103692215 0.030532669267619317 0.057382032401367196
0 0.2359739153397439 0.6637705369671663 0.015411728296988798 0.02481385184923994
0 0.2717407564818123 0.6193123857372782 0.013667004338839099 0.02481385184923994
0 0.3371679049124252 0.6498127453019689 0.015993302949705353 0.02377994135552143
0 0.3384764478810375 0.6823809258540962 0.014539366317914073 0.020678209874366617
