0 0.4149531126022339 0.5676366311532479 0.01811904377407498 0.024337909839771413
0 0.4850201341840956 0.6394468943277996 0.019698831770155165 0.022008872326509454
0 0.2685130304760403 0.6805766541280864 0.016145944595336914 0.023245540665991514
0 0.5391407277848985 0.6978179554880402 0.01080730226304796 0.020063988956404318
0 0.42169106006622314 0.6967036871262539 0.014249139361911349 0.02134308991608796
0 0.5170659489101834 0.6842881661874276 0.011910862392849393 0.020820335105613427
0 0.4329291317198012 0.5802565680609808 0.013101816177368164 0.02174518726490162
0 0.46862660513983834 0.5966568464114342 0.018534872266981337 0.021662205825617283
0 0.44160730308956564 0.6877096906120395 0.017682419882880315 0.03011147769880883
0 0.44437601831224227 0.5571824768443167 0.016419781578911677 0.023113250732421875
0 0.5261707305908203 0.7412699004750194 0.011198997497558594 0.014888810522762346
0 0.4418299330605401 0.74149696915238 0.009120437833997939 0.013391047348210844
0 0.39797772301567924 0.7481643299997587 0.013779428270128038 0.0188015596366223
0 0.5094058513641357 0.7171560687783324 0.01524082819620768 0.022249951774691357
0 0.48208186361524796 0.8079890498408565 0.010991573333740234 0.016554844232253087
0 0.46059693230523 0.7636306903980397 0.012160619099934898 0.016285131007065006
0 0.5023099051581489 0.7344710032145183 0.011140611436631944 0.014933126944082754
0 0.4817329512702095 0.662830423425745 0.012972725762261283 0.019595440523124036
0 0.46690993838840056 0.7297334082332658 0.013780170016818576 0.016330671899112654
0 0.35242552227444124 0.7833778475537712 0.0149940914577908 0.02090849699797454
0 0.4206540319654677 0.7316471617898823 0.009287357330322266 0.019055119267216435
0 0.43281609482235384 0.760223435766903 0.011040396160549588 0.014584859212239586
0 0.585726817448934 0.8463593471197433 0.012833966149224173 0.01711546344521605
0 0.42086470127105713 0.7704298937762225 0.010675138897365995 0.016986846923828125
0 0.3595432970258925 0.4072824407506872 0.012747711605495878 0.02055099864064911
0 0.37008700105879044 0.8472830689983603 0.009802738825480143 0.016346495828510804
0 0.4918156729804145 0.725852801475996 0.013008223639594186 0.015725642074773342
0 0.4283342626359728 0.779489564306942 0.009176466200086806 0.015331739260826583
0 0.46987035539415145 0.6232816908094618 0.009672694736056857 0.018418300298996913
0 0.4643217192755805 0.709329840577679 0.011284616258409288 0.013758765326605905
0 0.4824694792429606 0.7337676625192902 0.011351426442464195 0.014732737600067516
0 0.43037001291910815 0.7074136616271219 0.013813495635986328 0.022337077576437114
0 0.6177283922831217 0.8293441960841049 0.010156737433539498 0.01617431640625
0 0.537461969587538 0.7468754332742574 0.011284298366970487 0.01842423427252122
0 0.4301955699920654 0.7073749495141299 0.011988957722981773 0.018336825900607638
0 0.45241754584842264 0.7990892433825835 0.018204238679673936 0.0240067376030816
0 0.36997523572709823 0.8696510880081741 0.012405263053046334 0.015114772466965664
0 0.5418078369564481 0.7275124067141686 0.009507338205973307 0.013004726833767362
0 0.41377249028947616 0.7317239031379604 0.00915339257982042 0.018570275954258295
0 0.47388439708285857 0.6852672718189381 0.01166306601630317 0.014160721390335649
0 0.5238080819447836 0.7590716091203101 0.00886074701944987 0.013680587580174576
0 0.49657342169019913 0.695354438122408 0.01015700234307183 0.016992309947072723
0 0.5253871811760796 0.7214589531039014 0.009142027960883247 0.013569019458912037
0 0.20544073316786027 0.5797250300277899 0.012485000822279189 0.018555488115475503
0 0.48302186859978563 0.7326344855037737 0.012686358557807077 0.015171521975670333
0 0.45771000120374894 0.7346294779836395 0.00959173838297526 0.013961368136935763
0 0.5820269054836696 0.8151640244472174 0.01077037387424045 0.014125400119357638
0 0.546314107047187 0.7277007632785374 0.00927591323852539 0.01328546029550058
0 0.6156521108415391 0.8460647206247589 0.009097046322292753 0.013513258945794753
0 0.5378978782229953 0.7415249906940226 0.010402732425265841 0.015673649163893712
0 0.5198413266075982 0.7201520896252291 0.011334896087646484 0.0159364394199701
0 0.5236773755815294 0.8632886910144194 0.008554193708631728 0.01568320945457176
0 0.4210648669136895 0.7325068579779732 0.008772134780883789 0.017924508930724344
0 0.5322579084943267 0.16157006902528243 0.013492410758054803 0.02471337189354152
0 0.35777650573675396 0.15466486217267522 0.016150006816459523 0.02471337189354152
0 0.3371058384853397 0.6082033509388489 0.007359496777120853 0.019261892799378087
0 0.41029194532448565 0.8019295929120568 0.030664569904670175 0.036343193961090633
0 0.03628640772052627 0.23259644135097898 0.014514563088210513 0.026893963531206922
0 0.4563984515771224 0.6206521869096114 0.013937144044390948 0.028141942432569848
0 0.3257162182226174 0.8343168259221122 0.012044445470461263 0.01988289410996785
