0 0.44706772433386915 0.7465242691981939 0.012277735604180228 0.021033251727068866
0 0.37548874484168165 0.7572018187723042 0.011320246590508353 0.018503259729456017
0 0.47667007976108133 0.7483768934085044 0.010222805870903861 0.01976017893096547
0 0.3840127256181505 0.7954805397693022 0.011176745096842446 0.02133004459334008
0 0.38388020462459993 0.6882221080638743 0.015289015240139432 0.026733304247444058
0 0.3691984282599555 0.7927225842887973 0.01231877009073893 0.02001585783781829
0 0.4708644019232856 0.7083808993115838 0.013113233778211806 0.020509884681230706
0 0.06800717280970679 0.680074621129919 0.03225899736086527 0.048230771665219906
0 0.426595648129781 0.7450028878671151 0.014410734176635742 0.025450812445746526
0 0.20148507967059115 0.5917007725719288 0.011600277167503564 0.026733149027991773
0 0.33059186814595476 0.5027175765216134 0.009452077692039894 0.021386519222393402
0 0.4271863888256611 0.8331560736548093 0.010316847981992297 0.02123702040737598
0 0.4164622968443797 0.8326734141000963 0.009502359983413982 0.020271701297949817
0 0.3678645129292056 0.8510144771791937 0.008959367984361677 0.01641042486024503
0 0.28695870507042404 0.8111950639153638 0.011674327979622845 0.020754360852662898
0 0.3514390049578758 0.8461878816320629 0.006515903988626661 0.01544510575081901
0 0.3597196329434222 0.8394306478660796 0.010588343981518448 0.01834106307909735
0 0.28167709950834174 0.6315600273420767 0.013303303976779545 0.024615637290367545
0 0.5356616070650201 0.8547900713968803 0.010316847981992226 0.015445105750818868
0 0.4633079231913111 0.8559967202836631 0.007330391987204976 0.013997127086679485
0 0.4903217751441592 0.9013667184266935 0.00923086398388783 0.02171967996208906
0 0.5107945765245587 0.7076863167851272 0.01768263394166446 0.02206550902122217
0 0.4353883442829416 0.7129759936052832 0.009011342297194318 0.014508827849570735
