0 0.5134382512834337 0.6279243893093533 0.022889931996663407 0.027835374996985917
0 0.1798538300726149 0.24102439409420814 0.019826955265469022 0.02823714268060378
0 0.46180889341566295 0.6828977090341074 0.015620761447482638 0.022750619017047648
0 0.49966793590121794 0.6955600314670138 0.019567224714491103 0.028271239480854554
0 0.3768221802181668 0.7352387699080103 0.020097202724880643 0.02929857042100694
0 0.4467533561918471 0.7186164620481891 0.012105385462443032 0.02289463561258198
0 0.2935687303543091 0.6297402323028187 0.015428357654147677 0.026007616961443866
0 0.4701085355546739 0.7478207953182268 0.011228614383273654 0.022292666965060763
0 0.36363393730587423 0.774137920803494 0.01264643669128418 0.021584546124493634
0 0.5323276254865859 0.6807450188530815 0.014602926042344835 0.020297109344859187
0 0.4301157262590196 0.7462505764431424 0.017455948723687068 0.019269213264371143
0 0.46171522140502924 0.8053059990023389 0.014056523640950523 0.02328557143976659
0 0.5180657439761692 0.7165786366403839 0.01576301786634657 0.021562741126543206
0 0.4305279519822862 0.7464975427698206 0.01831711663140191 0.021244472927517362
0 0.36532568931579584 0.7120398297721957 0.023628075917561844 0.03557318228262442
0 0.4676737785339356 0.7054912425853587 0.011444727579752602 0.01592188705632716
0 0.29976485835181343 0.6974412894543307 0.013810767067803275 0.019847163447627315
0 0.5729228655497234 0.6906685299343533 0.013067139519585502 0.019069106490523728
0 0.5932620366414388 0.5597573033085577 0.01291126675075955 0.0214280022515191
0 0.5407596164279515 0.7511218977563174 0.011969778272840712 0.014982247058256173
0 0.4297800064086914 0.7668335055127556 0.010396427578396268 0.019209214198736498
0 0.4673402839236789 0.16178967628949956 0.015398926205105253 0.02839986777599947
0 0.3706687688827514 0.7907384472128786 0.012715684043036569 0.015193939208984375
0 0.5816637939876981 0.8240237765842013 0.008916589948866103 0.015926973319347993
0 0.4675700664520263 0.7059051136911649 0.013017283545600045 0.01748167438271605
0 0.43380811479356557 0.8211864895290799 0.016985628339979384 0.017361111111111112
0 0.5068814754486084 0.8311973854347511 0.009994453854031034 0.015903990945698304
0 0.5963153839111328 0.8402256906768422 0.011174943712022569 0.01683440031828704
0 0.49390006065368647 0.71974594210401 0.010269006093343101 0.01589320618429302
0 0.48900148603651256 0.8222148094648196 0.010330941942003038 0.014522128634982638
0 0.341036942270067 0.8274138179826147 0.01315490404764811 0.021288365493586033
0 0.4212456146876018 0.8687918392228491 0.014007806777954102 0.018991164219232252
0 0.5692646503448486 0.8459357744381751 0.010136657290988497 0.013471061800733024
0 0.6067737208472358 0.8523474799262152 0.009998162587483725 0.016186184353298612
0 0.5516672929128011 0.7242910126109181 0.01123952865600586 0.0168179170584973
0 0.36606906519995797 0.7104253180233049 0.02532193395826552 0.03568074732650945
0 0.3876310189565023 0.8485298156738281 0.01184972127278646 0.016312116458092208
0 0.5455260011884902 0.7196161482069228 0.010391606224907767 0.015382413510923032
0 0.32764452942388816 0.5933428975374022 0.011331219148486938 0.02606921006710735
