0 0.4145510014093208 0.5824250363673876 0.021482154232869206 0.03063196066538758
0 0.41354402542965496 0.6289697038719375 0.019915747153389132 0.021084336561890283
0 0.4160055222688379 0.6436889576981628 0.01633538811457761 0.02028870121993201
0 0.3925094160766372 0.6854598131509639 0.020363292033240655 0.025858148613639
0 0.36878953744451065 0.6872499926703699 0.019915747153389205 0.01989088354895287
0 0.3605099571672591 0.7656200738532446 0.015887843234726234 0.02227778957482741
0 0.3802019318807225 0.7363804750362837 0.014545208595171886 0.021879971903848203
0 0.43120949173686474 0.704137277632936 0.023272333752275075 0.033416684362241114
0 0.41576919338199 0.6995623744166768 0.012978801515691885 0.017106159852099553
0 0.39305629072952925 0.7182598049526928 0.011412394436211813 0.01710615985209941
0 0.5150122704890474 0.7116958133815382 0.01096484955636022 0.011138894787413563
0 0.47227173446323456 0.727011793714232 0.012755029075766231 0.013127983142309034
0 0.45683143610835986 0.7246248876883575 0.008279580277251668 0.013127983142309034
0 0.5022572414132812 0.7301943350820644 0.012307484195914497 0.009149806432518375
0 0.5058376004520927 0.7425266828824154 0.014545208595171957 0.013127983142308891
0 0.5324665208032536 0.737156144324198 0.010517304676508915 0.016708342181120484
