0 0.3692883253097535 0.6940799053804375 0.015940321816338435 0.02384388299635899
0 0.3858706023957994 0.5588971126226732 0.02164212862650554 0.03395226560992959
0 0.4785728454589844 0.7350817315372421 0.01006317138671875 0.020932750937379438
0 0.4191268020206027 0.7396965497805749 0.010183175404866539 0.015897115071614582
0 0.4503230651219686 0.7705436282687717 0.014053424199422203 0.023214410852502892
0 0.4444472392400106 0.6255738293683087 0.025306198332044817 0.03597066431869695
0 0.44234565893808997 0.7473517288396389 0.015939739015367296 0.0175996474277826
0 0.44986116886138916 0.771275720478576 0.012319538328382704 0.021512490731698496
0 0.46385248502095544 0.8112333321277007 0.011992295583089195 0.016851166148244598
0 0.5720492396813903 0.5902325207176763 0.04055032585083275 0.05535441306621614
