0 0.5997723119372573 0.5999171622776484 0.02718219765405465 0.03615344148884944
0 0.44594120817653404 0.5981273879465173 0.01349042402090113 0.02255115657225268
0 0.39167748767455124 0.5574995106298399 0.012886375184144256 0.017897743311311557
0 0.48963407403527354 0.653073459912244 0.01751741626594615 0.02434093090338379
0 0.46335794963635424 0.6607694895361078 0.010067480612612699 0.021835246839800107
0 0.504131246117436 0.6924484951971295 0.00865803332684699 0.017181833578859197
0 0.36051648073766335 0.6368017070164668 0.008658033326846918 0.020045472508668994
0 0.3731008315034293 0.6471823981370274 0.015705269755675957 0.019329562776216492
0 0.35950973267640207 0.6926426661477588 0.015101220918919083 0.02004547250866892
0 0.3579996105845102 0.7128671160895411 0.011275578286126376 0.013960239782823151
0 0.3251796237873925 0.7055290413319032 0.014497172082162385 0.025772750368288654
0 0.4432711713733404 0.7073188156630343 0.01147692789837862 0.021477291973573925
0 0.4237402589848716 0.7255745138405721 0.015101220918919224 0.022193201706026285
0 0.25465085313868896 0.14663986455723113 0.015934039478181637 0.02346630403098418
0 0.2175110330318328 0.8509421598590046 0.015189317949150336 0.033484007567904824
0 0.6255640837905659 0.2546986626715597 0.012161880233707479 0.022603898616183643
0 0.3728039248175885 0.6671743309186005 0.007853619324155119 0.01665640901497241
0 0.3824487204788316 0.6707260651938518 0.008404750504797604 0.017391250589162296
0 0.3738372957812931 0.6812587944239078 0.006613574167709544 0.010532729230056078
0 0.3746639925522568 0.6949758371421203 0.007440270938673237 0.013472095526815765
0 0.42295686225605267 0.6881173157830139 0.016396152624113328 0.023759877565475023
0 0.5298437387901483 0.7717061264951474 0.013916062311222105 0.01592156744078224
