0 0.5265485975477431 0.675997981318721 0.019159952799479168 0.03177218967013889
0 0.5078409512837728 0.6263328128390842 0.014773050944010414 0.02554806367850598
0 0.49035067028469514 0.696266409791546 0.019618882073296443 0.02477076024184992
0 0.3825141059027778 0.6335525983645592 0.020480897691514753 0.02582776104962384
0 0.44650783803727895 0.6376638294738016 0.014633152219984267 0.021800429732711225
0 0.434529980023702 0.7265297454080464 0.012678278817070853 0.01829580613124518
0 0.432821618186103 0.6435068860466099 0.011981911129421659 0.021776458363474152
0 0.4150456852383084 0.7018074459499783 0.015077167087131076 0.020555990713614004
0 0.4223560094833374 0.637121977629485 0.01424188084072537 0.022424014998070986
0 0.4397283792495727 0.4568556561882114 0.01792152722676595 0.022012639928747108
0 0.48321400748358834 0.7202264997694228 0.014066378275553383 0.02130414232795621
0 0.48362363709343803 0.7445448180775585 0.013608243730333116 0.02170218950436439
0 0.5032831562889947 0.7512245178222656 0.01440657509697808 0.017335773986062886
0 0.4140284988615248 0.7517926015971619 0.014153242111206055 0.02159679083176601
0 0.4294558498594496 0.7711167747591748 0.011644495858086478 0.02284038214035976
0 0.46625245942009813 0.7058555226267121 0.013168917761908639 0.015045636965904708
0 0.28092544608645964 0.6735850675606433 0.012869172626071505 0.020420592508198304
0 0.26493918895721436 0.8786727528513214 0.014184077580769859 0.026752424828800154
0 0.46754140324062776 0.7280599099618418 0.013173050350613065 0.01630886690116223
0 0.6144523620605469 0.8376208646797839 0.00940598381890191 0.017215681664737654
0 0.49332904815673834 0.7679374836109304 0.011523140801323783 0.01942231920030382
0 0.3960144652260674 0.7526448096758054 0.011157539155748155 0.018265806598427855
0 0.515630218717787 0.7241056701283395 0.012973732418484159 0.018232981363932293
0 0.50233703189426 0.7240265504813488 0.011199951171875 0.015172652256341628
0 0.29912837202047227 0.6697862997865545 0.013152555311102425 0.018224455725187595
