0 0.20142993662092423 0.15760230429378558 0.021095063951280378 0.03367227389488691
0 0.008642555938826667 0.07161475110937049 0.017285111877653334 0.028611860157530984
0 0.45439558558993876 0.5629464608651621 0.023814360300699874 0.031504313151041664
0 0.2541612254248725 0.14289966041659133 0.02112743589613173 0.029692108248486934
0 0.34861854712168383 0.547395447154104 0.02642692459954156 0.03379963062427662
0 0.10992926690313551 0.1711888077818317 0.022262235482533768 0.03664321663938923
0 0.3671642144521078 0.5945710782651548 0.019292195638020832 0.026383812044873653
0 0.1580922073788113 0.6269151428599418 0.020560211605495878 0.029182575367115163
0 0.3901586797502306 0.3649304943320192 0.015907711452907987 0.024654294237678433
0 0.39931695991092253 0.5617872402991778 0.02043371730380588 0.026475553159360534
0 0.49773131476508253 0.29032781389024526 0.015380753411187064 0.026190510502567998
0 0.5029418468475342 0.6015781826443143 0.015884664323594835 0.02462193995346258
0 0.5685797797309028 0.6729688291196471 0.021375656127929688 0.033347895115981865
0 0.3823581669065687 0.7144788106282551 0.01717453532748752 0.02155586525245949
0 0.41655943128797746 0.3711497459882571 0.019718170166015625 0.029955075110918206
0 0.48822689056396484 0.6008053532353154 0.01632902357313368 0.02467091878255208
0 0.4755537509918213 0.6351773061870056 0.014338970184326172 0.024126547354239004
0 0.45700539482964403 0.6063775192072363 0.019189940558539495 0.030533731719593938
0 0.40483013788859046 0.6662118699815538 0.020256360371907547 0.025851402753665122
0 0.35350852542453337 0.7605483679123867 0.013207170698377822 0.02175851515781732
0 0.4337139924367268 0.7237686581081815 0.011737929450141061 0.019937162046079284
0 0.5598579777611626 0.6365597807330851 0.01717551549275716 0.023442727548104746
0 0.6020941999223497 0.1396640318411368 0.019376383887396917 0.02431373831666546
0 0.4729808436499702 0.7348214844126761 0.012198395199245878 0.022957083619671102
0 0.39980432722303605 0.7384076766025872 0.013181580437554252 0.021157676790967403
0 0.427894049220615 0.7506162148934823 0.011744419733683266 0.021436290976441938
0 0.36920363373226583 0.3453123893266843 0.022026989195081927 0.026664333578981
0 0.4260211520724826 0.7091106603175032 0.014770454830593534 0.020312791989173417
0 0.36469462182786727 0.4417509856047454 0.014025264316134982 0.023851088535638502
0 0.37560579511854386 0.6938999552785614 0.019154495663113065 0.022197723388671875
0 0.38791914780934644 0.7810696260428722 0.012116670608520508 0.022617858133198304
0 0.3691186110178629 0.6305383752893519 0.01476203070746528 0.022838828004436727
0 0.3484764893849691 0.6757257014145087 0.015555116865370009 0.023532113911193094
0 0.4972748226589627 0.6696030652081525 0.020656479729546443 0.021245650303216627
0 0.4937231805589464 0.6846599814332562 0.021302117241753474 0.030445051781925154
0 0.5944769647386339 0.594736240528248 0.025020069546169706 0.04036717355987172
0 0.5942655934227837 0.5948905473873939 0.02636861801147461 0.040901655032310955
0 0.46333045429653585 0.6393390231662326 0.013883325788709853 0.024746741777584878
0 0.4067590236663819 0.7343688540988498 0.010089079538981117 0.020174520987051504
0 0.49528442488776314 0.7330133414562838 0.010641362931993272 0.021415804639274692
0 0.28134065204196507 0.5823490943437741 0.01994556850857205 0.024496667179060568
0 0.37542785538567436 0.6942678616370683 0.018021636539035372 0.021112653944227434
0 0.3560699489381578 0.6991529111508971 0.010535637537638344 0.020048730167341818
0 0.28125802675882977 0.5824254589316286 0.01865969763861762 0.022779817934389466
0 0.5473408963945178 0.7291245872591748 0.019261519114176433 0.02336831740391107
0 0.37873968813154435 0.7798149438551915 0.012576076719495986 0.01757694762430073
0 0.367611633406745 0.7660235652217159 0.015226920445760093 0.02046900619695216
