0 0.6299667990721443 0.5504650022200748 0.02477067736610131 0.045243246330778676
0 0.6233499742962679 0.6780509568728703 0.012215676509310214 0.027749191082877614
0 0.4915224652999617 0.6373320351751697 0.02273473128121623 0.027145947798467063
0 0.39973522930639455 0.5754995985231055 0.016966217374041862 0.0205102716699529
0 0.3651241458633489 0.5558941917797682 0.015608919984118614 0.027145947798467275
0 0.3846352958434972 0.6159168985786012 0.014590946941676038 0.01930378510113229
0 0.3978689453952499 0.6216477097804998 0.015269595636637802 0.029558920936108776
0 0.3783577954151016 0.6367287918907593 0.014930271289156992 0.02111351495436338
0 0.4815903704020178 0.6718633274294994 0.014931724942831721 0.021548528544949194
0 0.4668343128114549 0.7010631450954813 0.010364373783847825 0.01998704096922822
0 0.4464568999482964 0.7055914590650721 0.013877720829219982 0.01967474345408391
0 0.4414503804086411 0.6603083193691645 0.0158100617041746 0.021548528544949194
0 0.4361803598405828 0.6788900215202438 0.01721540052232356 0.021236231029805028
0 0.3672309240751544 0.682637591701974 0.011418377897459421 0.01811325587836322
0 0.3804938091714344 0.6834183354898345 0.018620739340472384 0.01655176830264196
0 0.3671430903990201 0.7034053764590626 0.009134702317967652 0.019674743454084053
0 0.5468507917698056 0.7199571447617049 0.010540041136116401 0.017800958363218912
0 0.5337635740257944 0.7199571447617048 0.00825636555662463 0.015302578242065434
0 0.3532927960504917 0.31273989443584044 0.013380129389402456 0.02493049749478409
