0 0.4829808870951334 0.33071230664665313 0.02490488688151042 0.03266544106565876
0 0.5615296098921034 0.6621071379861715 0.016464180416531034 0.028936174180772566
0 0.37322783470153814 0.7137631310356989 0.013879670037163627 0.02309535462179302
0 0.4530682298872206 0.6291844403302228 0.015068001217312284 0.026249544120129243
0 0.0061916088064511605 0.2021746282224302 0.012383217612902321 0.028478116164972752
0 0.425449358092414 0.2579019923269013 0.017432875103420682 0.02275478692702305
0 0.42720659573872877 0.7249594558904201 0.01661396026611328 0.02118037659444927
0 0.4723476039038765 0.6469880327766323 0.012348545922173392 0.020193735758463546
0 0.4178980853822496 0.5494997000988618 0.028780221939086914 0.033682552384741514
0 0.16076072719362045 0.0901244393101445 0.014963507652282715 0.025481488969590925
0 0.3996635410520766 0.6336514979232976 0.014381276236640084 0.021905498740113813
0 0.5440109570821127 0.7459451180917245 0.02264181772867839 0.032576666937934026
0 0.3736614518695408 0.5449071107087312 0.018683460023668077 0.027203736481843172
0 0.48534626430935335 0.5902614593505859 0.01645554436577691 0.022223060513720097
0 0.46774366166856557 0.7156224898350092 0.013042661878797743 0.021684952724127123
0 0.47678457366095645 0.7161988623348283 0.011491616566975914 0.01888209213445216
0 0.04061044587029351 0.1283341160526982 0.027354545063442655 0.028201185626748167
0 0.5998453299204508 0.6767952530472369 0.018280294206407335 0.033191539623119215
0 0.09107231431537205 0.08962531442995425 0.014425807529025607 0.023087860625467183
0 0.4301934374703301 0.6478425014166185 0.015760183334350586 0.02151771827980324
0 0.4721984598371718 0.7388456132676866 0.010596222347683378 0.016565252233434608
0 0.35297628243764245 0.7310527047993223 0.013477934731377494 0.026775265917365933
0 0.44982026682959664 0.6970864284185716 0.013782050874498155 0.02358782732928241
0 0.3948793941073948 0.6104388531343435 0.017270723978678387 0.020574075204354746
0 0.38094866275787354 0.6248627650884935 0.01435542106628418 0.02110356460382909
0 0.6868007447984483 0.3667895823349187 0.026062435574001737 0.03654364597650222
0 0.5439639091491699 0.7954852257245852 0.013065761990017362 0.022257298599054783
0 0.5136356618669298 0.7419767968448592 0.00973600811428494 0.015647040473090276
0 0.4983387258317735 0.7512292979676046 0.012753115759955514 0.01922046991042149
0 0.44310997592078316 0.604717089806074 0.012700001398722328 0.01653341599452643
0 0.4275754292805989 0.7024719567946447 0.01974164115058051 0.02542062453281732
0 0.4282583528094821 0.5798746273841386 0.01688451237148709 0.018248475628134645
0 0.2723333305782742 0.6817426799256124 0.014016999138726127 0.020188602400414736
0 0.5793147087097168 0.13477259506413966 0.021164152357313372 0.026477766625675154
0 0.42976948950025773 0.5800230238172742 0.019916534423828125 0.0200985567069348
0 0.4276310205459595 0.6996860739625531 0.019891447491115995 0.02671879897882909
0 0.42567839887407094 0.5976911709632402 0.014975044462415908 0.02277727480287905
0 0.21597759591208565 0.840595527931496 0.0153425931930542 0.02636144190658758
0 0.4515383243560791 0.9909855877911603 0.009104251861572266 0.018028824417679397
0 0.49921864933437776 0.7004630477340134 0.014742056528727211 0.02567291259765625
0 0.326223784022861 0.6533043708330319 0.013760646184285484 0.020682676338855132
0 0.4829232692718506 0.7644763993628232 0.00853872299194336 0.014416353202160493
0 0.5361577578051089 0.14096499526963105 0.02181882686849569 0.03216650898770105
0 0.2859062055375531 0.766517178473713 0.009918044969603485 0.02693789991744154
0 0.3217213679277877 0.6766425487491585 0.012122054962848666 0.018611639942959498
