0 0.465512758339204 0.692375548997054 0.01685727782539466 0.02411258130835506
0 0.5713067088296121 0.6537954189036859 0.014144612428204653 0.018601134152159773
0 0.4621219265927163 0.7316446099849461 0.015113421498630084 0.018601134152160467
0 0.5027150266435233 0.7524847695443109 0.01259451791552479 0.014123083337750728
0 0.4899267469139135 0.7443898315336487 0.014919659684544655 0.01515647967953754
0 0.5843856312803493 0.8218945571676473 0.009688090704249745 0.016534341468586435
0 0.463187616570184 0.8246502807457449 0.01298204154369479 0.012400756101439613
0 0.44554053615213235 0.7509067731649983 0.009139146338639818 0.01891485013370243
0 0.459522065998559 0.7448443211990682 0.01827829267727971 0.016004873190055946
0 0.46736536322948125 0.7578179684061588 0.01023038769250725 0.015277378954144183
0 0.42999034685952126 0.7380543749972263 0.006411042953971276 0.011154911617311712
0 0.43817465701352704 0.7487242904572635 0.007502284307838707 0.011639907774585935
0 0.43428710969037426 0.7544229953052379 0.011458034215608209 0.012852398167772066
0 0.4262392047056018 0.7429043365699703 0.010639603200207617 0.016974865504604822
