0 0.43745056788126624 0.1835749531969612 0.026812341478135847 0.03232250684573327
0 0.37692042191823316 0.5516555456467617 0.023453950881958008 0.03444855301468461
0 0.3526382446289062 0.5749308503704307 0.02332888709174262 0.03498703756450135
0 0.4828632142808702 0.6630713851363571 0.018686612447102863 0.027681892300829472
0 0.4551755322350396 0.6539796664391035 0.018102063073052302 0.02663821938597126
0 0.19627906878789264 0.6829150164568866 0.015938851568433974 0.022987271532600308
0 0.49891641404893666 0.6972025176625194 0.016426510281032987 0.023245917426215276
0 0.36456007427639425 0.6471425280158902 0.018258412679036457 0.03048451741536458
0 0.2998096148173014 0.2650192284289702 0.018490579393174913 0.02930076033980758
0 0.3180704116821289 0.19198283442744504 0.01647064420912001 0.023718657316984953
0 0.17471869786580402 0.22091566486123168 0.021953609254625105 0.03606207576798804
0 0.3673649231592814 0.7272336747911241 0.013868623309665255 0.026325790970413775
0 0.5395455095503066 0.6907032860649955 0.02040243148803711 0.03351814364209587
0 0.3627237213982476 0.6864394670651283 0.02008093727959527 0.025268460497444058
0 0.6089569992489285 0.7616556426625194 0.01717519760131836 0.030292087131076388
0 0.42970428201887345 0.718883443761755 0.015397204293145072 0.02367678983711902
0 0.4417630169126723 0.7423486827332296 0.0100654231177436 0.019055354742356288
0 0.4041827122370403 0.6718762715657554 0.020911667082044817 0.031126705216772764
0 0.43463099002838135 0.837161264301818 0.013566308551364474 0.02422163221571181
0 0.45851127306620276 0.7086346944173179 0.015493551890055336 0.02460084138093171
0 0.3667148086759779 0.7715747032636477 0.014995124604966905 0.0224789278006848
0 0.40069589349958634 0.7409567420865283 0.01327119933234321 0.02027944870937018
0 0.20531100696987575 0.8139293811939381 0.020075321197509766 0.025505254298080635
0 0.5250433286031086 0.6787281036376953 0.01936107211642795 0.028438097164954667
0 0.37952003214094376 0.6363450509530527 0.012709008322821725 0.022857195065345292
0 0.393433584107293 0.7680724344135801 0.013952493667602539 0.025440922489872685
0 0.2732628583908081 0.6880614198284384 0.014494975407918297 0.0235067296911169
0 0.4619828859965007 0.7629728199523172 0.013315094841851127 0.017671891200689623
0 0.44038871924082434 0.6810320865960768 0.015891843371921115 0.028548205340350116
0 0.2608647346496582 0.5978953043619791 0.014559321933322482 0.019403339904031636
0 0.5469702084859213 0.9556106284812645 0.017878956264919706 0.02743897614655671
0 0.5231561925676134 0.44758191520785107 0.01624759038289388 0.023541391631703313
0 0.512457529703776 0.7241750881995683 0.018349965413411457 0.026265886094835066
0 0.47419770558675134 0.7736972761742862 0.008442136976453993 0.01521386040581597
0 0.3922957844204372 0.6572543956615307 0.011857986450195312 0.01801224696783372
0 0.4551797178056505 0.7818768583698038 0.009707715776231553 0.01649357360086323
0 0.4649630652533637 0.5777515835232204 0.020331594679090716 0.025959250367717977
0 0.34433611234029127 0.714451801629714 0.01771508322821723 0.024384910677686153
0 0.465158568488227 0.5768894383936752 0.020379278394911028 0.02695187227225598
0 0.5125350422329372 0.7240668873728058 0.019101248847113714 0.026017271442177855
0 0.33112263679504395 0.74861557101026 0.015861087375217013 0.028996926766854746
0 0.34708511829376226 0.6304411476041064 0.026277462641398117 0.02822164841640143
0 0.3797991275787353 0.6358050829098548 0.014448271857367623 0.024350531307267557
0 0.41878973113165957 0.8354661258650415 0.014518313937717013 0.018027882517119984
0 0.9124697579277887 0.30952421824137366 0.027545293172200516 0.03515895796410831
0 0.48900347285800505 0.8644494421688127 0.012521372901068795 0.01674652099609375
0 0.42907943990495473 0.49652796615788963 0.013349983427259658 0.022143140251253857
0 0.347985651757982 0.4845153196358386 0.014661179648505319 0.02215863451545621
0 0.3940296570460001 0.76798274193281 0.01658887333340115 0.0268813239203559
0 0.33102330896589494 0.747362678433642 0.01666924688551161 0.02843399989752122
0 0.3089226584673605 0.12251655629139073 0.01756149479659413 0.027436140018921494
0 0.2803308469552441 0.5647860333087494 0.018568313380380026 0.02613318179460876
0 0.4255238483003738 0.8894497638557007 0.01702095393201496 0.04229449158864327
0 0.4083094744373132 0.8585025748884009 0.013539395173193683 0.014098163862880994
0 0.6311494796594135 0.38079470198675497 0.02341532639545889 0.03689687795648055
