0 0.42909795708126497 0.6819589873890817 0.018998808330959745 0.024749379099151234
0 0.5534385575188531 0.6796628457528574 0.020176039801703557 0.03272572270146123
0 0.41945744885338676 0.5759685657642506 0.02380537986755371 0.04151954179928627
0 0.4735269546508789 0.731522501250844 0.010615878634982638 0.017618626724054783
0 0.4315125015046862 0.737264397703571 0.009555313322279189 0.01826613626362365
0 0.39403492874569357 0.7960864879466869 0.011160612106323242 0.01893135353370949
0 0.43596812089284265 0.8109462408371912 0.018572409947713215 0.03262705861786266
0 0.4572775628831651 0.7368223402235243 0.009122742546929253 0.016850883578076774
0 0.5111571947733561 0.6410603464385609 0.02422396341959636 0.0321295467423804
0 0.28013361824883354 0.11141307560014135 0.022433069017198347 0.0303534225181297
0 0.4193061436580709 0.8637902651100933 0.011095341225545355 0.026539159618274227
0 0.4096229367703222 0.8304369969411809 0.009884940364576735 0.017931864606942013
0 0.3829941178290132 0.8593072989583577 0.008674539503608115 0.015421403561970238
0 0.37815251438513897 0.8605625294808437 0.008271072549952052 0.016497315438386694
0 0.3659476390370389 0.8342026885086388 0.009683206887748739 0.01900777648335861
0 0.39325372611193304 0.7656714780522974 0.014109798043368045 0.017397026978202917
0 0.3948467678265068 0.8281794005670028 0.009103095511850299 0.01375578877346257
0 0.43433144460915757 0.8542749410343069 0.010240982450831524 0.018206191023700597
