0 0.5039864646063912 0.6030622176182122 0.02692593468560113 0.03418689303927951
0 0.15017695559395683 0.6637957773090881 0.022392895486619734 0.036451504554277585
0 0.48501833279927575 0.43902211130401236 0.014264159732394747 0.024175950038580248
0 0.4222485621770222 0.5968960420584972 0.01326356993781196 0.022352147985387733
0 0.3807797167036268 0.6915435555540485 0.016760402255588107 0.024183626528139466
0 0.41647263367970777 0.5741366398187331 0.016892671585083008 0.022911966582875188
0 0.614903105629815 0.9126626002935716 0.019791232215033636 0.02989338062427662
0 0.14721661806106567 0.05868257122275271 0.017827471097310383 0.027753818182297697
0 0.5567495822906494 0.6699760578296803 0.015240192413330078 0.02594808884608893
0 0.4476866589652167 0.6873867364577305 0.012554936938815646 0.02371809217664931
0 0.4811624156104194 0.6487706031328365 0.015589343176947702 0.024038149986738044
0 0.38072876135508216 0.7361708276065779 0.014968686633639865 0.018729127483603395
0 0.37854607899983717 0.7208669215072822 0.017323282029893663 0.02348676139925733
0 0.44015094969007706 0.7638703334478685 0.012684822082519531 0.02127216480396412
0 0.45617122120327414 0.5702395968967013 0.02145825492011176 0.031026298617139278
0 0.46045798725552023 0.7692900763617623 0.01318629582722982 0.02087345829716435
0 0.536709255642361 0.7630013830867814 0.014881239997016061 0.022328035331066743
0 0.43558412128024626 0.8571976555718317 0.012532658047146268 0.019871370292004243
0 0.4553591940138075 0.7475755479600694 0.010407235887315538 0.015124097282503858
0 0.5403057734171549 0.7395697699652777 0.01069694095187717 0.014752988462094907
0 0.4758014678955078 0.7556142924744406 0.011530134412977431 0.01839861457730517
0 0.4590669473012289 0.7249091348530334 0.01286808649698893 0.01713213508511767
0 0.5174744129180908 0.8252572895568094 0.01360856162177192 0.017258255570023147
0 0.41273142847147537 0.7759344361094075 0.014969525084716153 0.01988289410996799
0 0.41734003555148363 0.866282401837368 0.008775238842764637 0.02753016107534009
0 0.08396699127978727 0.6133108106228541 0.013076826510786548 0.023247691574731562
0 0.48306829511885807 0.8210105814023645 0.00843111182932283 0.01040028307290612
