0 0.18464383151796132 0.2722832950544946 0.021083845032585993 0.030763367075978973
0 0.4926055272420248 0.32678977354073235 0.0190579096476237 0.02755555988829813
0 0.1656922565566169 0.19517313992535626 0.019384635819329157 0.02901356308548539
0 0.10754855804973179 0.0938084743641041 0.018760780493418377 0.029522778075418355
0 0.4156564739015367 0.2811460377257547 0.024475812911987305 0.038160630214361495
0 0.4398616552352905 0.705015606350369 0.026278946134779192 0.03339993512188947
0 0.47754814889695907 0.2817902152920947 0.01732810338338216 0.02293021590621383
0 0.4286664724349976 0.6486371358235676 0.021571079889933273 0.027703273443528166
0 0.2213665114508735 0.19728624084849414 0.017973846859402128 0.023728146965121044
0 0.4895913865831163 0.7052471961504148 0.01636038886176215 0.02269490559895833
0 0.3782171010971069 0.6245852105411482 0.015780051549275715 0.024595708022882908
0 0.058408955732981355 0.19146491274421595 0.014620913399590384 0.022351100121015387
0 0.2680135303073459 0.2415649625990126 0.020280838012695312 0.02953039569619261
0 0.4985346794128418 0.9185974686234084 0.020624160766601562 0.027933568130304783
0 0.4974311722649468 0.6615272569067685 0.025290701124403216 0.02791854481638214
0 0.39625643359290225 0.6847978050326123 0.01671465237935384 0.02274148258162133
0 0.2609250810411241 0.15401522318522134 0.017021444108751085 0.02559473485122492
0 0.39717602729797363 0.6303815959412375 0.013555473751491971 0.021444155846113044
0 0.1965989139344957 0.14694485252286182 0.017111566331651475 0.02816773638313199
0 0.036170332796043814 0.16768263004444264 0.01781903538439009 0.025863188284414786
0 0.156774726178911 0.12383755931147823 0.017531222767300077 0.023400612819341967
0 0.09500482347276475 0.7250095414526669 0.02049930890401204 0.034565584159191746
0 0.5657210614946153 0.6558235309742116 0.01881848441229926 0.023273938967857833
0 0.4607357978820801 0.649148870397497 0.014904234144422743 0.021433135609567902
0 0.5579346550835503 0.6352546126754196 0.013575659857855905 0.018794401192370757
0 0.5736064910888672 0.6087311874201268 0.015453868442111544 0.022316214479046102
0 0.0829042957888709 0.11727178832631052 0.016124361091189914 0.027850869261188273
0 0.5998016198476156 0.6112846798366971 0.018718030717637803 0.022946157573181906
0 0.5304574436611599 0.7263109419080946 0.016147719489203557 0.021565048782913775
0 0.4873938295576308 0.4551315072142048 0.02220879660712348 0.04215461825147087
0 0.5106109513176812 0.4710679937292028 0.018004947238498263 0.02726335878725405
0 0.21147531270980835 0.08540212960890782 0.015293452474806044 0.0246411782723886
0 0.5990304681989882 0.6789363107563537 0.018899864620632596 0.026280862313729746
0 0.4600503709581163 0.8071346047483844 0.011714087592230905 0.0208211828161169
0 0.25801657305823433 0.6490129776942878 0.018125348620944552 0.019605613049165704
0 0.43709411886003285 0.5615797631534529 0.017719242307874892 0.03410716115692516
0 0.5459730625152588 0.6667036598111378 0.014360692765977647 0.020710462405357833
0 0.5686508019765218 0.22421648472915462 0.024898899926079646 0.03724279521424093
0 0.37414962715572786 0.6611771524688344 0.01595706409878201 0.01914266892421393
0 0.19421984752019245 0.6918441395700714 0.013112955623202853 0.021955890420042437
0 0.3668480051888359 0.7376112525845752 0.009706364737616645 0.01744197327413677
0 0.530581792195638 0.6483566142894603 0.015126546223958336 0.024644310091748653
0 0.1963063147332933 0.1998731648480451 0.016788469420539007 0.026981671651204422
0 0.44466067685021293 0.6390193421163677 0.01009270879957411 0.019250469443238813
0 0.37703478336334234 0.764964939635477 0.010258118311564125 0.020303372983579284
0 0.46025239096747506 0.6775638909987463 0.011365678575303819 0.021169215072820217
0 0.39470781220330137 0.7459639796504268 0.00943915049235026 0.016761544310016398
0 0.48321048418680823 0.9443926399136767 0.016767766740587022 0.022530826521508486
0 0.41869465510050463 0.7213985066355011 0.011606693267822266 0.02054591237762828
0 0.4071110222074721 0.7120450573203004 0.019481791390313044 0.025944886384186922
0 0.23421059714423287 0.22255408911057462 0.017495155334472656 0.026371308314947436
0 0.4145991404851277 0.5687748944317853 0.0189511775970459 0.03126309241777585
0 0.4513546228408814 0.7577207117904851 0.014033714930216469 0.02435378086419753
0 0.22426599264144895 0.10985462753861037 0.013902942339579262 0.023761490244924285
0 0.378033439318339 0.7162816082989728 0.010339127646552194 0.01756098240981867
0 0.4679181045956081 0.3104691564300914 0.020008881886800126 0.025097529093424484
0 0.5325985749562582 0.43145914430971494 0.019012610117594402 0.032982861554181134
0 0.47242286470201283 0.802581881299431 0.010963863796657987 0.019579663688753857
0 0.2202965219815572 0.27790552304114824 0.01648255189259847 0.023174332983699846
0 0.28322284751468235 0.75982016104239 0.01908723513285319 0.025977240668402776
0 0.5323579841189914 0.4317130336055049 0.01734855439927843 0.029921873116198882
0 0.3610296779208714 0.7581237981348862 0.011111153496636283 0.017863049919222607
0 0.15046154128180608 0.5900134098382643 0.017216867870754667 0.024968794834466627
0 0.40647779570685494 0.7508669488223982 0.008296913570827909 0.016413983003592786
0 0.4494659370846218 0.96087646484375 0.01701031790839301 0.026769944179205248
0 0.2813534736633301 0.21265604466567806 0.013459046681722008 0.01774667810510706
0 0.5058975219726561 0.7282289340172285 0.016675313313802082 0.022671216799889083
0 0.36077540450625956 0.6811482935775947 0.019135130776299372 0.02753731056495949
0 0.27328728304968936 0.6279408254741151 0.015404621760050453 0.0195359124077691
0 0.4340338971879747 0.744752601340965 0.009796884324815538 0.015245837929808064
0 0.4393518235948351 0.8130085321120274 0.019219610426161025 0.027557561426986885
0 0.4496320353613959 0.9614371311517409 0.01686482959323459 0.027069374367042823
0 0.3722305297851563 0.7066963808036145 0.009845150841606988 0.01816280977225598
0 0.35699257585737443 0.7155988481309679 0.012139028973049588 0.020617308440031828
0 0.24831174479590523 0.6760816927309391 0.016826709111531574 0.025120440824532214
0 0.29458557234870064 0.24089488276728876 0.026814566718207464 0.03494964411229263
0 0.43837640020582413 0.751673545366452 0.011447323693169486 0.019034256169825424
0 0.29419741365644664 0.24055982519079142 0.023998869789971247 0.03350580474476755
0 0.3382612996631199 0.21879837836748287 0.020370403925577804 0.03876634291660638
0 0.1396278805202908 0.5786386419225622 0.015077431996663414 0.016984963122709296
0 0.4240166876051161 0.7973785164915485 0.012808799743652344 0.02284603354371624
0 0.5143781503041586 0.6442174558286314 0.015168454911973741 0.01734349757065008
0 0.19636459483040702 0.19924743675891265 0.01728589004940457 0.02827626687509042
0 0.18261110782623294 0.8166375807773919 0.014191468556722008 0.020133501217689042
0 0.5058223141564264 0.727675732271171 0.018096129099527996 0.02342148769048997
0 0.4066170321570502 0.712315712446048 0.01840596728854709 0.024140016532238618
0 0.509975724750095 0.7485943311526452 0.014594025082058378 0.01972542280032311
0 0.277587765493155 0.7009967626837842 0.013345975242148107 0.025101608829032215
0 0.2714950376652179 0.6805372321998469 0.013539395173193717 0.017880598069995413
0 0.31839937094378185 0.6874143853036914 0.008703896897053127 0.01719288275961105
0 0.32110724997842055 0.7212843643401251 0.013345975242148107 0.038168199726336664
