0 0.16401663405088066 0.11594911937377692 0.025318003913894317 0.038160469667319
0 0.3416005087919153 0.484842373115675 0.015213338692869768 0.022237769151059014
0 0.3532761905747537 0.5958591866799461 0.013761810057674637 0.02559461426111106
0 0.3775181482917344 0.5866375977182223 0.019901694544944917 0.022959874557761425
0 0.3830228723148042 0.6207010181686715 0.010162567427205858 0.017314003764869242
0 0.3928678595099099 0.6404615659437941 0.013761810057674566 0.016184829606290876
0 0.4529963834542113 0.6590929395603382 0.01164460851034015 0.014302872675326768
0 0.45765422685834733 0.672454833770183 0.013338369748207696 0.022207091785375752
0 0.429389586201431 0.7089647982308855 0.013973530212408108 0.02145430901299022
0 0.41075821258488693 0.7100939723894639 0.009315686808271977 0.010915350199591672
0 0.4087468711149191 0.7174336044202237 0.012068048819807019 0.01731400376486931
0 0.471416036916022 0.7136696905582958 0.009950847272472316 0.010538958813398693
0 0.45680734623941355 0.7136696905582958 0.008680526344071637 0.013550089902941381
0 0.45056160167477655 0.7127287120928136 0.005928164332536667 0.009409784654820327
0 0.446115478425374 0.7292899330852972 0.006775044951470619 0.016184829606290946
0 0.4531022435315781 0.7324892598679361 0.009739127117738989 0.012044524358170036
0 0.43785839239076924 0.7454747626915881 0.011856328665073548 0.013173698516748544
0 0.4219793807857601 0.746792132543263 0.009739127117738918 0.012797307130555708
0 0.4318243679808658 0.7292899330852972 0.010374287581939328 0.016937612378676335
0 0.41795669784582445 0.7270315847681406 0.009739127117738989 0.01091535019959153
0 0.3944557606704108 0.7364413694229606 0.007621925570404357 0.016184829606290946
0 0.3817525513864035 0.7099057766963677 0.010162567427205787 0.017314003764869454
0 0.5982364096013619 0.7018133618932221 0.011644608510340007 0.02145430901299022
0 0.41255783390012124 0.7539435688809263 0.008680526344071708 0.01881956930964037
