0 0.24708537260691327 0.26812688803967133 0.02460323439704047 0.03615694870183497
0 0.22348670164744056 0.11507934994167751 0.021128469043307833 0.03070186096944927
0 0.41840434074401855 0.6176824687439718 0.022041744656032987 0.028973803108121143
0 0.3608394463857014 0.5854622640727479 0.020378218756781682 0.029339731475453313
0 0.47392190827263725 0.6294004181284963 0.021538999345567487 0.03242897693021798
0 0.31544530391693115 0.6812156394675926 0.0163979795244005 0.024668281460985722
0 0.5156692398918999 0.603086942507897 0.018083042568630643 0.028031007743176118
0 0.05190292000770569 0.22103275487452378 0.019672095775604248 0.030439094260886864
0 0.3935657209820218 0.46208270979516297 0.016942633522881403 0.02797774326654128
0 0.05232521891593933 0.7911670590624397 0.01814670695198907 0.027520686020085842
0 0.547203885184394 0.7277106061393832 0.015142811669243705 0.02113987487039448
0 0.5405989752875434 0.6762304423767844 0.0144908693101671 0.021037348994502315
0 0.45839511023627394 0.7312285576337649 0.019020928276909724 0.024246451295452352
0 0.5574668778313531 0.7917555114369332 0.011926439073350694 0.018430309531129438
0 0.37646586365169943 0.7623664008246529 0.013155698776245117 0.019221553096064815
0 0.45230950249565977 0.7571358150906033 0.012151400248209633 0.019213688226393712
0 0.4257993035846286 0.7077238294813368 0.010953505833943687 0.014852829921392747
0 0.5236381954616971 0.7387328677707248 0.009070078531901041 0.012439633593147183
0 0.5303139686584473 0.761076326723452 0.01099809010823568 0.015637904037663967
0 0.3749625947740343 0.668262670069565 0.01254627439710829 0.02486560962818287
0 0.3714628352059258 0.5903120865056544 0.014187945259941947 0.021925985077281062
0 0.4744990401797824 0.6636037708800515 0.013764010535346139 0.021071492889781062
0 0.07174913750754462 0.6916574548791955 0.01662521892123752 0.02346943042896412
0 0.43116798665788436 0.7382937066348982 0.011418369081285264 0.015539616714289156
0 0.5020690229203966 0.7248012165964386 0.009416209326850044 0.015289918875988618
0 0.4856492943233913 0.8283010883095824 0.009258747100830078 0.014773616084346065
0 0.10789374841584098 0.6777795391318239 0.01647802856233385 0.025279386543933257
0 0.5989643202887641 0.8358081770531927 0.009649912516276041 0.013418315369405864
0 0.4267667002148099 0.72636326448417 0.008758730358547635 0.011269133767963927
0 0.5242338710361056 0.751061733858085 0.010113822089301217 0.01420729837299865
0 0.37076164616478813 0.8570289140866127 0.012505663765801322 0.017733915352527007
0 0.3489222394095527 0.6786617938383125 0.018003914091322158 0.026839597725573882
0 0.010733743974318106 0.6352388122935353 0.018268792890012264 0.02982730630003376
0 0.44144880771636963 0.7218303209469643 0.010218805736965604 0.016494986451702352
0 0.4566575686136881 0.8261045762050299 0.010685073004828561 0.020922154556086033
0 0.5133338239457872 0.7248418831530913 0.012325233883327909 0.016873677571614582
0 0.5710295306311713 0.842805415023992 0.01150242487589518 0.013621483320071374
0 0.4144026570849948 0.7286404974666643 0.010237402386135526 0.01711485120985243
0 0.32003162966834175 0.8298643135730132 0.013425111770629883 0.01762672706886574
0 0.5301270220014784 0.7612456098014926 0.012591838836669922 0.017545205575448496
0 0.47643049558003747 0.7557602164186078 0.011820740169949003 0.020005544026692704
0 0.43193658192952467 0.7226806687720027 0.009628772735595703 0.013969185911578896
0 0.43112354808383513 0.7393824730390385 0.009924464755588107 0.01363457573784722
0 0.603808667924669 0.8512867115162038 0.012103504604763456 0.015209433473186729
0 0.44124229749043786 0.8565756244423948 0.011590798695882164 0.015719095865885418
0 0.5564143127865261 0.8349372957959587 0.009841230180528428 0.014210265359760802
0 0.5770379702250162 0.861392456808208 0.009454727172851562 0.019168429904513888
0 0.6229996862727126 0.5043065652787247 0.012778796934462378 0.028696245747564506
