0 0.3587799469629923 0.782825728993357 0.026359266704983182 0.0382737053765191
0 0.27239717377556694 0.18518198272328315 0.0291282335917155 0.03723516581970968
0 0.491586340798272 0.6624160107271172 0.019182576073540583 0.03239610460069445
0 0.2990625831815932 0.2509822139033565 0.032115432951185435 0.0411036456072772
0 0.35908683141072584 0.684218583283601 0.015913963317871094 0.029282040066189237
0 0.22474467754364014 0.6134403134569709 0.025020625856187605 0.03188874986436632
0 0.4153056409623888 0.6715032318491994 0.020562383863661028 0.026246906798562886
0 0.41967568132612443 0.6152061650782455 0.021866665946112737 0.031949643735532406
0 0.10302497612105474 0.6381239008020472 0.021471493773990206 0.03755437591929495
0 0.5866518550448948 0.6672536826428072 0.020009252760145403 0.028630056498963156
0 0.21925895743899876 0.18664750935118873 0.020073546303643122 0.03344896104600695
0 0.41379340489705396 0.7568341949839652 0.015886783599853516 0.025038165810667437
0 0.3707721630732219 0.6970084390522522 0.015238523483276367 0.02550139250578704
0 0.3705383671654595 0.13741205945427035 0.017127407921685114 0.027015897962782122
0 0.508161120944553 0.5208373128631969 0.01805877685546875 0.027832455105251737
0 0.4016897678375244 0.7712242927080319 0.017047670152452257 0.026156719819999036
0 0.5398788452148438 0.7395124317687235 0.013611793518066406 0.02220441088264371
0 0.4393732547760009 0.6787492493052543 0.019025643666585285 0.029368789107711225
0 0.4921907583872478 0.48699824015299487 0.014729976654052734 0.02621290418836806
0 0.07278710934850904 0.31838130950927734 0.02036803960800171 0.03541515491626881
0 0.34510978062947584 0.7292613747679156 0.019154071807861328 0.025750807773919752
0 0.3434372080696953 0.6587719622953437 0.01816211806403266 0.02722568276487751
0 0.1890219383769565 0.6137757006986642 0.018140594164530437 0.026395538706838348
0 0.18301176362567478 0.8092560238308377 0.019763694869147405 0.04071548838674286
0 0.45121264457702637 0.7578255688702619 0.013308048248291016 0.019134097629123263
0 0.4404809474945069 0.5743002243983892 0.014124075571695961 0.02367815559293017
0 0.4380323886871338 0.6390350718557098 0.0102592044406467 0.01976427619839892
0 0.3299788104163276 0.579433912112389 0.017260816362169053 0.030290862660349152
0 0.2745716704262628 0.6209933904953945 0.021641810735066727 0.031421143331645446
0 0.28967196411556667 0.6286376435079692 0.01567032602098253 0.024364471435546875
0 0.4343953000174628 0.729856750111521 0.011474423938327365 0.018191396454234184
0 0.5101099279191759 0.728504439930857 0.010654502444797091 0.021187723418812688
0 0.00855747072233094 0.33627365253589775 0.01397404654158486 0.023661931355794266
0 0.37179742919074166 0.3653939211810077 0.01631805631849501 0.025925412590121044
0 0.4103497266769409 0.8147301850495515 0.015411668353610568 0.030605834207417054
0 0.47196920712788903 0.7614423492808402 0.011389573415120445 0.01686077353395062
0 0.38567162884606254 0.4729567162784529 0.012945307625664603 0.019147802282262733
0 0.13026101721657649 0.7995317011703679 0.017708367771572538 0.03413866773063754
0 0.18295668893390232 0.8101565514081791 0.019025100602044 0.039042908468364196
0 0.32774270905388725 0.2920074580628195 0.02961794535319011 0.03265265476556472
0 0.488989618089464 0.8643632111725984 0.013248867458767362 0.016749629267939815
0 0.34276555644141304 0.658986809812946 0.01854395866394043 0.027819174307364004
0 0.2645946211285062 0.01599133014678955 0.02921292516920302 0.0319826602935791
0 0.4651003943549262 0.7293289090380257 0.010318756103515625 0.01636429774908372
0 0.45045362578497994 0.6699064278308257 0.012194580501980253 0.0177890165352527
0 0.4541889031728109 0.726647577168029 0.01196559270222982 0.016091947202329284
0 0.4132085243860881 0.4715601603190105 0.016976118087768555 0.018984288345148533
0 0.15165395731031475 0.5093714487642117 0.027239014518196106 0.03048976110678737
0 0.20781340699597833 0.5416547252302218 0.015132785843442277 0.022120022763747825
0 0.28619970279824836 0.7926633859435639 0.01905373537198791 0.033873307327978636
0 0.29879721378799246 0.804701007555986 0.02440767754262918 0.03219363919601264
0 0.3671387109073541 0.7551507976629926 0.03228112191121923 0.024355187913505317
0 0.2143938901567071 0.7333151119474359 0.01495954430032107 0.026594745422793123
0 0.29881149479659413 0.14333017975402082 0.010111163670766388 0.01986754966887416
