0 0.382387187745836 0.6826671082296489 0.016864458719889324 0.020974053276909724
0 0.4384720457924737 0.5600003842954283 0.022638771269056536 0.03199250021098572
0 0.3578138881259494 0.7481331530912424 0.01203425725301107 0.015163845486111112
0 0.36156483491261804 0.7288520483323085 0.013080888324313693 0.018266607213903358
0 0.3973537021213108 0.768853458357446 0.01459232966105143 0.023021085762683257
0 0.32871574825710725 0.6526820571334274 0.012630886501736112 0.020719881410951966
0 0.4209160804748535 0.7522587010889878 0.016085677676730685 0.02020550951545621
0 0.4528234004974365 0.7362348532971039 0.011158466339111328 0.020798059157383295
0 0.5315742492675781 0.7573440222092617 0.012348704867892794 0.0161320721661603
0 0.39622769090864396 0.5932426923586999 0.010871966679890953 0.0231170654296875
0 0.5341514216528997 0.7386469193446784 0.009914980994330512 0.012996767774040317
0 0.18992821375528968 0.2223377816471053 0.015691412819756403 0.025812714188187213
0 0.28561435805426705 0.7009635265962576 0.012575997246636283 0.023358757113233028
0 0.5525038242340088 0.7212108094015238 0.012597772810194228 0.01464495246793017
0 0.4879716237386068 0.8197977042492525 0.014353964063856337 0.0255459444022473
0 0.3986041943232219 0.6855393633430387 0.010225057601928711 0.020009594199098188
0 0.33851725525326204 0.7630023249873409 0.015570455127292208 0.025041179892457563
0 0.3839334514405992 0.7446982536786868 0.011195474200778537 0.017878826753592786
0 0.5819532076517742 0.825152079264323 0.007961697048611112 0.013536806459780093
0 0.46906985176934135 0.6886940473391685 0.013099988301595054 0.026436228811005016
0 0.4162156052059598 0.7990744319962867 0.01291566424899631 0.022188351478105706
0 0.5233713785807292 0.7065287225040389 0.008129755655924479 0.013487309585382906
0 0.3176320923699273 0.6451187604739342 0.011977354685465492 0.02121452048972801
0 0.45534963077969015 0.8241590335045332 0.01174306869506836 0.02044753086419753
0 0.469647487004598 0.6898830790578583 0.014352957407633461 0.027321097291546102
0 0.4039804935455323 0.8208268718954956 0.016655127207438152 0.01847971221547068
0 0.4249802430470785 0.7147170643747589 0.011840714348687064 0.017271724748022764
0 0.34342888991038 0.4779395821653767 0.018574741151597764 0.03246114283432195
0 0.48203876283433705 0.7009364705026886 0.01824898189968533 0.02917824262454186
0 0.5021939012739393 0.7246256934271917 0.0077851083543565534 0.015859109384042246
0 0.4047370089424981 0.9119085147057051 0.01631262567308214 0.020420309938030477
0 0.37655811839633524 0.7980582154827353 0.01769579781426324 0.027856520664544752
0 0.4250437021255493 0.7151226938506704 0.01072292857699924 0.016612205976321372
0 0.6145164436764187 0.8478460429627218 0.009467389848497178 0.013368583019868827
0 0.02435223592652215 0.2761014420309184 0.0105395515759786 0.01611024362069589
0 0.5690614647335477 0.8729171752929688 0.00975179672241211 0.013511940285011575
0 0.6045612494150797 0.8568658710997782 0.011057906680636935 0.018727808822820217
0 0.46624652544657386 0.8733942008312837 0.011616547902425133 0.016835059648678628
0 0.5005007059659969 0.6791369027230438 0.020096710219645146 0.023963556901473736
