0 0.41605261961619067 0.7033311584849418 0.012087583541870117 0.025248162540388693
0 0.47806127866109216 0.806573043634862 0.011484305063883461 0.02270366527416088
0 0.4642648696899414 0.6673414206799165 0.01629161834716797 0.025835625919294943
0 0.3806941111882528 0.7911277582615983 0.018296162287394207 0.02760060628255208
0 0.42406451702117914 0.6495078522482036 0.016840537389119465 0.025497860378689237
0 0.44570349322424996 0.7293833979853878 0.01067895359463162 0.017352822386188273
0 0.3783738083309598 0.7391883473337433 0.013693226708306205 0.021064381540557484
0 0.4766840404934354 0.7225660630214361 0.009786287943522135 0.019158539948640047
0 0.46848897909762455 0.8477327208454781 0.011316925623563847 0.018715329196591312
0 0.5642880704226765 0.8650444003523251 0.00500050201971419 0.014972263357272909
0 0.568630611650323 0.8690214078066008 0.00579005497019537 0.018247445966676424
0 0.5445492466606464 0.7625779730009874 0.03500351413799969 0.039302191312841614
0 0.4628305162858426 0.7263170226825918 0.00684279223750373 0.012632847207699171
0 0.40714613813147077 0.8370430983175479 0.014211953108661532 0.017779562736761675
0 0.3609572905283207 0.8180938275059991 0.008685082455293197 0.015440146587187939
0 0.3905655261713656 0.8138828784367661 0.007895529504812017 0.012632847207699171
0 0.3900391575377115 0.8304927330987408 0.009474635405774378 0.01684379627693204
0 0.39898742430983175 0.8260478424145503 0.010527372673082666 0.010761314288040183
0 0.376090388745877 0.8274514921042947 0.010527372673082595 0.013568613667528524
0 0.3855650241516514 0.7320033132016789 0.007369160871157874 0.021990511805994827
0 0.4225424206658542 0.7331730212764659 0.00763234518798491 0.014036496897443556
