0 0.5183413028717041 0.6679086331967955 0.02513721254136827 0.029067380928698882
0 0.1769090824657016 0.11789622130217375 0.015880015161302354 0.025494987581983028
0 0.22655968533621892 0.1566716417854215 0.022665990723503962 0.039623519520700715
0 0.363741331630283 0.5538150175118152 0.022998836305406355 0.033850775824652776
0 0.49597777260674375 0.7079105848147546 0.01656288570827908 0.020790900713131753
0 0.46987936231825084 0.5776985309742115 0.028174188401963972 0.03396516964759356
0 0.4400682316886055 0.7349395045527706 0.018412722481621638 0.020111319459514852
0 0.40138563844892716 0.6265101020718798 0.014664305580986869 0.027224976339457946
0 0.42456814977857804 0.6346505718466677 0.019483195410834417 0.025296434944058643
0 0.5082985030280219 0.7525073157416451 0.011317465040418837 0.019534311176818094
0 0.47889934645758736 0.7493981255425348 0.01753346125284831 0.0268930505823206
0 0.24489327271779376 0.6052243738998602 0.017377456029256184 0.02621290418836806
0 0.4270806047651503 0.6879860442361715 0.015663041008843318 0.021673555727358216
0 0.42281674014197457 0.7510333355562188 0.008617109722561307 0.016413888813536844
0 0.4052391979429457 0.6704961988661025 0.015437099668714736 0.020724732198832946
0 0.521699137157864 0.7521031226640865 0.008318212297227647 0.013819376627604164
0 0.4065718120998807 0.7503178207962601 0.017292446560329862 0.02732552422417535
0 0.3750764793819852 0.6528359872323496 0.01596456103854709 0.027695078908661266
0 0.5331815083821615 0.7718367635467906 0.01219050089518229 0.020577936996648342
0 0.46926964653862846 0.7073452325514805 0.014134301079644095 0.015818183804735726
0 0.483218166563246 0.7276966660111038 0.011823071373833548 0.012869705388575424
0 0.4155322975582547 0.7908236892135055 0.01723866992526584 0.025844008834273725
0 0.4863027996487087 0.8268906393168884 0.009192572699652778 0.015516869815779322
0 0.5349882178836399 0.7414441991735388 0.009835614098442925 0.013752407497829862
0 0.45556203524271655 0.8253993752561971 0.009198665618896484 0.015271127959828318
0 0.44809227519565165 0.8426573011610242 0.013143698374430336 0.015632346824363427
0 0.5987955464257134 0.8358102492344232 0.010508484310574003 0.013623461311246142
0 0.5572041405571833 0.7214985835699388 0.009524239434136285 0.012321990213276427
0 0.38672924041748047 0.7722058708285108 0.009387758043077257 0.01437943070023148
0 0.5548056231604682 0.7926496105429568 0.010366386837429471 0.019262478675371335
0 0.47110862202114523 0.8343857188283661 0.01121113035413954 0.015497655044367281
0 0.4343477752473619 0.875329194245515 0.014483478334214952 0.02311932599103009
0 0.5462888876597087 0.7276148619475188 0.01556126276652018 0.019879894492066938
0 0.45491970909966367 0.7934868188551915 0.009181658426920572 0.0195249863612799
0 0.46096486515469015 0.7232895368411217 0.010660860273573134 0.014814965518904322
0 0.6040966775682237 0.8508042700496721 0.012346585591634117 0.014448942961516205
0 0.37606671121385365 0.7533688486358265 0.011210388607449003 0.016728342315297066
0 0.0500236518448439 0.2578051087984863 0.020222327341532634 0.03500473036896878
0 0.21220699330145784 0.7041349853538047 0.018568313380379918 0.018224455725187737
