0 0.2644089037990868 0.6616599027716005 0.014204028353107887 0.02483764520762037
0 0.3214578701353398 0.7005722135968722 0.009081264029036262 0.02400972370069965
0 0.31097948856337504 0.6587621774973781 0.010478381571964838 0.020698037673016926
0 0.45499461314709533 0.935215142083457 0.0144368812769293 0.030219135002604817
0 0.5298568281556887 0.44769855486735693 0.017463969286608004 0.031874978016446176
0 0.45406320145180956 0.4518381624019604 0.010711234495786214 0.021939919933398003
0 0.5438770001682134 0.640141292387487 0.015618694245584805 0.023138806289755322
0 0.49906622263028544 0.6292329979937452 0.013387452210501322 0.01851104503180416
0 0.447189845314593 0.639976015199703 0.017849936280668287 0.018180490656236472
0 0.4208797829842328 0.5621304597534548 0.012829641701730381 0.01784993628066843
0 0.43259380366842143 0.5940289569957603 0.01468901006430002 0.021486034411915753
0 0.40674858342870374 0.5938636798079764 0.01915149413446713 0.03768319881474433
0 0.4071204571012176 0.649562092091173 0.010226525994132984 0.02082492566077981
0 0.4254352354725284 0.6528676358468525 0.014131199555529151 0.024791578167594964
0 0.385365847259153 0.6503884780300929 0.008367157631563345 0.01586661002726089
0 0.4739566040253046 0.6512902619315349 0.007251536614021603 0.01751938190510046
0 0.5587519470687703 0.6974924765485233 0.008181220795306388 0.02214714316305134
0 0.5157075694752835 0.7173257390825992 0.015432757409327919 0.0188415994073722
0 0.49404592805134745 0.6798078174556389 0.015618694245584805 0.02181658878748351
0 0.5005537173203412 0.7536867203950719 0.013015578537987339 0.010908294393741755
0 0.49618420166830246 0.7393076050578667 0.009110904976591101 0.011899957520445526
0 0.4672710236303449 0.7404645453723546 0.014131199555529222 0.014213838149421036
0 0.45843902390813923 0.7254243212840137 0.00799528395904936 0.008594413764766244
0 0.39057207867434796 0.68443557871359 0.008367157631563274 0.013883283773853207
0 0.39317519438194554 0.7016244062431224 0.011342147011674726 0.010577740018173784
0 0.38694631036733723 0.7143507497024879 0.01599056791809872 0.023469360665323222
0 0.4387652930261783 0.6778846294250471 0.011807123253332535 0.016203147700479974
0 0.4203296093499222 0.6946401571607705 0.015949973517659758 0.017307907770967006
0 0.411111767511794 0.7152623451431995 0.009942840634385348 0.018780921198283382
0 0.4234367470481676 0.7187607520330757 0.009735698121168923 0.020622187982428954
0 0.4800527743789179 0.6643290557196733 0.012221408279765313 0.012520614132188967
0 0.45739341482621426 0.6693426329264424 0.016706072296182057 0.018819601794599093
0 0.4228392600869504 0.7575296077189186 0.012179999092198414 0.014329410696703918
0 0.4493486698758529 0.7615099995791141 0.017195292836044727 0.022927057114726354
0 0.47317131515912336 0.7737696065085166 0.02328529238214408 0.02324548846354219
