0 0.554345342848036 0.646961565370913 0.03504392835828993 0.05024554405683353
0 0.22125571303897434 0.15310026098180698 0.02627417776319716 0.037920092359001255
0 0.3726468880971273 0.7275030112560885 0.010446283552381728 0.020588015332634067
0 0.4141772588094075 0.7125032212999132 0.008940696716308594 0.01887163703824267
0 0.39856927725715496 0.6533139504768843 0.015334574316289106 0.024314279996999203
0 0.39836205327990776 0.7516762650101989 0.014091230452806372 0.02063029817927202
0 0.5179302881515143 0.7428347086476538 0.016992366134266346 0.02063029817927202
0 0.4930634108818562 0.7118892613787459 0.009532302953369012 0.02063029817927202
0 0.46666839676058586 0.8791653963785498 0.016577918179772125 0.02210389090636298
0 0.43371978437828884 0.8747446181972771 0.012018990680334766 0.023577483633453654
0 0.3365317390493746 0.8541143200180052 0.01243343863482913 0.016209519997999564
0 0.5717309532248919 0.8268528545668243 0.00953230295336894 0.0191567054521812
0 0.6345198183307788 0.8489567454731872 0.011604542725840404 0.026524669087635573
