0 0.3638087084148729 0.1722113502935421 0.027519569471624265 0.039138943248532294
0 0.4758133561643836 0.48385518590998056 0.02146526418786692 0.03424657534246577
0 0.3539016634050881 0.42563600782778865 0.019814090019569477 0.03718199608610569
0 0.1667685909980431 0.151174168297456 0.017612524461839543 0.03424657534246574
0 0.08365949119373778 0.29403131115459885 0.02421722113502936 0.038160469667319036
0 0.12328767123287672 0.3199608610567515 0.023116438356164382 0.031311154598825865
0 0.18768346379647752 0.6697651663405089 0.017612524461839526 0.032289628180039213
0 0.4557240704500979 0.9202544031311155 0.015410958904109578 0.03620352250489233
0 0.4579256360078279 0.8395303326810177 0.015410958904109649 0.037181996086105756
0 0.4216985914385664 0.9092292756441325 0.01239893108551975 0.026864350685292776
0 0.3374246067166743 0.6233650311724273 0.012786397681942176 0.02548669167579071
0 0.3810145988142047 0.6150990771154141 0.02092319620681458 0.032374986723301545
0 0.4399095214704235 0.5865126526682437 0.017048530242589663 0.01928722613303073
0 0.4697444493949554 0.6629727276956154 0.011623997892674822 0.027553180190043776
0 0.424604590911735 0.606833123058401 0.02673519515315199 0.028242009694795057
0 0.4089121937566242 0.6378304507722002 0.01472373066405474 0.030997327713799264
0 0.3938009964961469 0.6574620916576066 0.019373329821124656 0.023420203161537215
0 0.3854704646730633 0.7046469127330568 0.022085595996082005 0.026864350685292776
0 0.39418846309256933 0.7380551437134844 0.033322127292334455 0.044085088304070805
0 0.3859839225662778 0.7917658121647365 0.01691175172067638 0.028125637270228765
0 0.4311132837827252 0.7779044505212969 0.016093441153546877 0.014547743415635637
0 0.5168344900444853 0.7489798932969828 0.014785985184933778 0.019458612537748367
0 0.4970558345373663 0.7588798891495216 0.017474346127648914 0.021506887541721795
0 0.4724765344896842 0.7489798932969828 0.010561417989238393 0.01877585420309046
0 0.4500095180398499 0.7418109307830756 0.019778655507119183 0.024237920880353273
0 0.49964818258927024 0.7105747369724795 0.00806508282814562 0.011606891689183243
0 0.5231713408380285 0.7129643911437822 0.009025211736258285 0.012289650023841005
0 0.49206316421518087 0.7308867974285502 0.019778655507119113 0.021506887541721795
0 0.42677439846352544 0.6506626931062547 0.01324977893195367 0.024920679215010892
0 0.4031552273239559 0.7180850786537158 0.015170036748178645 0.016386200031788006
0 0.4163089933650983 0.7358367953548195 0.013825856276821114 0.013655166693156673
0 0.3820445274241122 0.8386019277487072 0.014440211766081035 0.02153092507057238
0 0.3892646333071528 0.8202454339385398 0.009316265655536142 0.014077912546143522
0 0.3676819512051607 0.8655155840869228 0.007763554712946857 0.015734137551572047
