0 0.4397627201565558 0.2725048923679061 0.0220156555772995 0.03228962818003911
0 0.5503913894324853 0.42906066536203524 0.023116438356164438 0.040117416829745595
0 0.2727189334637965 0.2764187866927593 0.023666829745596873 0.028375733855185884
0 0.2991377201565558 0.23776908023483367 0.023666829745596873 0.025440313111546046
0 0.264187866927593 0.6521526418786694 0.017612524461839526 0.026418786692759398
0 0.5572870178944074 0.60131246952109 0.02424011119298676 0.03822813234736294
0 0.5271823636708592 0.6152136085564945 0.020330415839279324 0.029887448926120042
0 0.48358926047701994 0.5884539159133406 0.022285263516133115 0.02919239197434962
0 0.4519207281119887 0.5696873782155444 0.01290199466723493 0.01807148074602594
0 0.3883881786142409 0.5571763530836802 0.017202659556313265 0.025022050263728276
0 0.35300543566318754 0.5700349066914294 0.016811690020942505 0.021546765504877073
0 0.41966574144390134 0.5940143715275024 0.010165207919639698 0.016681366842485515
0 0.48710798629535673 0.6596972534697894 0.019939446303908568 0.02432699331195806
0 0.41868831760547454 0.6148660800806094 0.018375568162425537 0.01946159464956658
0 0.3934707825740608 0.6263345197848182 0.020330415839279324 0.02849733502257962
0 0.4136057136456547 0.6534417409038573 0.0113381165257519 0.02015665160133679
0 0.4065682620089811 0.6722082786016536 0.019157507233167052 0.02293687940841778
0 0.39601208455397063 0.6937550441065308 0.013683933737976446 0.021546765504877215
0 0.37880942499765746 0.727465306267387 0.00977423838426887 0.019461594649566507
0 0.4026585666552735 0.732678233405664 0.009774238384268798 0.021546765504877073
0 0.4380413096063269 0.7097413539972461 0.009383268848898112 0.02015665160133665
0 0.47381502209275106 0.7316356479780084 0.014465872808717962 0.02363193636018792
0 0.3885836633819263 0.7573527551935071 0.018375568162425537 0.02641216416726877
0 0.36766679323959084 0.7823748054572355 0.017202659556313265 0.03058250587789004
0 0.5002054657302771 0.7597854545247028 0.014074903273347275 0.024326993311958204
0 0.46658208568839205 0.7719489511806819 0.014856842344088789 0.0222418224566475
0 0.42963546459585567 0.7841124478366609 0.013683933737976446 0.02015665160133679
0 0.41341022887796924 0.7809846915536949 0.015638781414830234 0.020851708553106932
