0 0.10517734220098748 0.23809278052437086 0.023823673833255742 0.03410257495323183
0 0.14617262509587564 0.22406672147102547 0.022276682025901506 0.030252284232705727
0 0.27534644100995714 0.23671767669561153 0.02258608038737236 0.034652616484735645
0 0.41691429208197567 0.3424008533610784 0.02196728366443054 0.03135236729571325
0 0.37406261901826243 0.30004765543529033 0.027227055809435116 0.03135236729571322
0 0.10055446747802753 0.36330243155822045 0.02846464925531855 0.029152201169698203
0 0.08044357398242204 0.387779279710137 0.02784585253237684 0.03850290720526182
0 0.06064207884828738 0.27007039196833654 0.02042029185707636 0.023101744323157085
0 0.047802046847246954 0.36027720313494993 0.013922926266188428 0.022001661260149633
0 0.22400441370489824 0.23019238093431532 0.014851121350601026 0.0203515366656384
0 0.35147653863089007 0.3677027638102504 0.04393456732886129 0.04565344711481039
0 0.06358136328226048 0.43728301754547355 0.020110893495605513 0.027502076575187006
0 0.013613527904717575 0.41913164700585015 0.01485112135060099 0.02310174432315705
0 0.09668698795964187 0.4125311486278052 0.01639811315795525 0.019801495134134654
0 0.21889934074062914 0.5937698332582876 0.01701690988089698 0.02475186891766832
0 0.28835927289083585 0.6798513329386231 0.016707511519426142 0.02420182738616461
0 0.24365120965829745 0.6608749001017441 0.015779316435013548 0.019251453602631016
0 0.23204877110314043 0.6468488410483986 0.013613527904717558 0.017601329008119677
0 0.16026835124190236 0.647948924111406 0.020420291857076372 0.02420182738616454
0 0.21224727596900583 0.834413003291174 0.019801495134134654 0.027502076575187006
0 0.42882612899860356 0.9469209922098892 0.022895478748843203 0.02585195198067552
0 0.4484729249520028 0.9821236502261286 0.019492096772663815 0.028052118106690643
0 0.526441312042658 0.833062395188615 0.01825450332678045 0.033552533421728155
0 0.799640065221422 0.7425805632562498 0.026298860725022733 0.03630274107924663
0 0.5040099308360211 0.7805334289300078 0.020420291857076337 0.025301910449172026
0 0.515921767752649 0.7497311031657984 0.015160519712071902 0.020901578197142213
0 0.5304634907417791 0.7065528429427548 0.01825450332678038 0.021451619728645996
0 0.5498008883337074 0.665849769611478 0.01980149513413451 0.03135236729571318
0 0.5303087915610436 0.5643671070490379 0.019182698411193043 0.020901578197142143
0 0.4899323053890972 0.5412653627258809 0.01763570660383877 0.026401993512179443
0 0.4124280158406483 0.5607918370942635 0.019182698411192974 0.025851951980675806
0 0.3850462608504778 0.5946193912817437 0.01887330004972199 0.02420182738616468
0 0.3683387493310516 0.6336723400185091 0.019492096772663815 0.02420182738616454
0 0.35101244108868374 0.6575991466389219 0.019492096772663742 0.02475186891766839
0 0.3519406361730964 0.6820759947908382 0.012685332820305106 0.017601329008119677
0 0.3383271082683788 0.5948944120474955 0.016398113157955266 0.021451619728645854
0 0.388759041188128 0.6463232952430951 0.012066536097363354 0.029702242701201982
0 0.440583266734496 0.6237715924514419 0.019801495134134654 0.026401993512179516
0 0.4730700946889357 0.6476983990718546 0.01856390168825122 0.026952035043683296
0 0.45001991675935704 0.6537488559183957 0.019492096772663815 0.028052118106690713
0 0.4795674602798236 0.6878514308716277 0.019801495134134584 0.033552533421728155
0 0.4931809881845412 0.7395553348329793 0.020420291857076407 0.028052118106690928
0 0.45001991675935704 0.7926343426230901 0.013922926266188398 0.0264019935121793
0 0.4266603404683076 0.7568816430753471 0.01794510496530954 0.03300249189022452
0 0.3980409920322536 0.822611606090044 0.015779316435013582 0.03245245035872074
0 0.3989691871166661 0.7475309370397835 0.01392292626618847 0.027502076575187006
0 0.3978862928515181 0.689226534700387 0.014232324627659167 0.02530191044917217
0 0.41629549535903393 0.6856512647456126 0.0176357066038387 0.024751868917668247
0 0.36833874933105165 0.7659573283451587 0.018873300049722132 0.021451619728645854
0 0.35704570913736544 0.7832836365875263 0.013613527904717627 0.017601329008119677
0 0.3667917575236973 0.7912592387943307 0.012066536097363354 0.01595120441360848
0 0.3774660009944418 0.8201364191982772 0.01423232462765931 0.02420182738616461
0 0.42232876340771563 0.8652398247815839 0.013613527904717558 0.017601329008119677
0 0.4091793330452043 0.8517638072597422 0.014541722989130151 0.017051287476615756
