0 0.17945257822672528 0.27062146457625025 0.0334424442715115 0.04827440520863474
0 0.4840945137871636 0.34665805910840447 0.017472585042317707 0.03061960950309848
0 0.045545591248406306 0.07410708768868152 0.02303583092159695 0.03515894619035132
0 0.3598401149113972 0.5854599564163773 0.02424767282274034 0.029477625717351467
0 0.4154740174611409 0.9358886436179833 0.01823721991644965 0.02848279034649884
0 0.5018521679772272 0.7031755094174986 0.01685635248819987 0.0243483649359809
0 0.4931144714355468 0.6308309766981338 0.020768483479817704 0.02996345802589699
0 0.2479826874203152 0.17568664197568537 0.03354231516520182 0.048126444404507855
0 0.6165502336290147 0.649338569170163 0.017327732510036893 0.026430671597704472
0 0.3573660320705837 0.6446090509862076 0.017579767439100478 0.02707945270302855
0 0.5530139340294732 0.8077684096348138 0.016794893476698134 0.030540843068817516
0 0.15534247954686484 0.09953013761543933 0.02243194315168593 0.03486075224699797
0 0.4032837417390611 0.7634078602731962 0.01134885682000054 0.02224241657021605
0 0.44126013914744056 0.7191127494529442 0.019861618677775066 0.025206907295886382
0 0.5212071471744113 0.7915418177475163 0.017155170440673828 0.025448363504292054
0 0.3545523087183635 0.6184109110891083 0.01711318227979872 0.024560951892240546
0 0.4445340236028036 0.6787408663902754 0.01596411069234212 0.023156766538266784
0 0.39763332737816703 0.8091469281985436 0.013801336288452148 0.029345100308641972
0 0.4269545608096653 0.7674344851646895 0.01247755686442057 0.025090912241994598
0 0.41784992482927114 0.18822931360315395 0.015417072508070204 0.028355304105782214
0 0.3763075802061293 0.7869778856819057 0.01253141297234429 0.02229723518277392
0 0.29856007628970677 0.6858616817144702 0.019050783581203885 0.024854448106553816
0 0.37927190462748217 0.7082898646225165 0.015089246961805556 0.02263104474103009
0 0.4312209155824449 0.6155882705876856 0.012757910622490775 0.020685219470365546
0 0.36678131421407056 0.7180455996666426 0.013714313507080078 0.021393858356240355
0 0.45634709464179146 0.5750968603440273 0.016901016235351562 0.028163815722053433
0 0.4468862215677897 0.8103613676848235 0.013669649759928383 0.0224527429651331
0 0.3798809581332736 0.7340330665494189 0.012474483913845487 0.021272117708936153
0 0.3553976217905681 0.798052163771641 0.014455795288085938 0.021974963906370562
0 0.4016287591722276 0.7338127560085721 0.013092041015625 0.024159042923538775
0 0.5084754625956217 0.7265634419005593 0.012279298570421007 0.01580669261791088
0 0.37772234280904127 0.9332420443311149 0.020757463243272566 0.02481776107976466
0 0.12504431936475965 0.7364606975037374 0.01641016536288791 0.02760390293451003
0 0.3647567166222466 0.6966832007890866 0.010369300842285156 0.018838670518663194
0 0.5502596431308322 0.7354410430531444 0.018702083163791232 0.02097320556640625
0 0.23919271098242867 0.8579315844877268 0.01317376560635037 0.0212472986291956
0 0.10855973098013134 0.8112580099223572 0.015907254483964708 0.024452492042824073
0 0.47204637527465815 0.717855241563585 0.012783156500922311 0.019559130256558643
0 0.4276846117443509 0.7445037041181399 0.014453596538967557 0.02231009212540992
0 0.43977855311499703 0.7628255537998528 0.01439706484476725 0.023026878451123653
0 0.4385081662072075 0.746339633141035 0.013970004187689889 0.019112104251060958
0 0.4829475349850125 0.7058818958423756 0.010208076900906034 0.017852783203125
0 0.47520950105455184 0.7836644914415147 0.016253153483072918 0.027109923186125578
0 0.4604207674662273 0.7103187184274933 0.020773887634277344 0.03354644775390625
0 0.47538092401292587 0.7839585057011358 0.015912850697835285 0.026650369903187688
0 0.10868178804715473 0.8106440320427035 0.0160331130027771 0.0250674589180652
0 0.49007651540968156 0.727563010321723 0.01178068584865994 0.018381613272207754
0 0.4273318317201402 0.7454351731288581 0.012560606002807617 0.022013440544222607
0 0.24516285790337455 0.8343037263846692 0.013150480058458116 0.01914083221812307
0 0.5880516105228001 0.8713182519983362 0.010365221235487197 0.014976313084731867
0 0.5591802597045898 0.8373937253598814 0.008577346801757812 0.016343764316888502
0 0.46006735165913903 0.711229960123698 0.020471731821695968 0.03359250669126158
0 0.3967906634012859 0.8724214059335215 0.012062761518690322 0.017792595757378474
0 0.4314626190397475 0.8292131777162904 0.010836468802558053 0.018967805085358797
0 0.2617393202251858 0.8289088496455439 0.015732314851548936 0.027569994514371143
0 0.43889661629994703 0.85084609043451 0.011253224478827584 0.018405490451388888
0 0.4900950060950385 0.8284459526156202 0.011407693227132164 0.021015779471691743
0 0.3279700941509671 0.25446171230740017 0.023904138141208224 0.032367094063464504
0 0.5048420429229736 0.8586154984839169 0.011635303497314453 0.020370577588493442
0 0.3114744291985152 0.6634341009637145 0.008703896897053092 0.025101608829032215
0 0.32307962506125265 0.7107145285526448 0.011024936069600564 0.02269460524268652
0 0.1450649482842184 0.807721632046528 0.0065762776555512124 0.01719288275961105
0 0.34235327795075543 0.8488126218419985 0.008123637103916224 0.01891217103557224
