0 0.5330746438768175 0.6602661933427976 0.016628689236111112 0.024370499599127123
0 0.565319193734063 0.692635124112353 0.021476692623562284 0.027547059235749422
0 0.4221334457397461 0.641831362688983 0.019104427761501737 0.024578188672477817
0 0.5513123406304253 0.9305509873378424 0.018070432874891493 0.03692730562186536
0 0.377037419213189 0.6637280311113523 0.017733097076416016 0.03366399694372107
0 0.4479911989635892 0.6647701498902873 0.01399011082119412 0.02135881965543017
0 0.4199997848934598 0.5528920020586179 0.025309509701199003 0.029853444040557484
0 0.21948809093899196 0.8359628842200761 0.01715956793891059 0.028185149769724152
0 0.4984820683797201 0.6051703088077498 0.014281802707248263 0.022887712643470292
0 0.43872319327460396 0.7304033114586348 0.01266426510281033 0.019138524561752506
0 0.4596331914265951 0.6440479608229649 0.02014382680257161 0.027167049455054014
0 0.3753411240047878 0.3043206886008934 0.012819766998291016 0.02534863978256414
0 0.410481850306193 0.6782866819405261 0.021814452277289495 0.027622128710334683
0 0.2643650902642144 0.8785816239721982 0.014118406507703993 0.027833632480951002
0 0.3846862581041124 0.7346038582884235 0.016636901431613497 0.02161525208273052
0 0.5249649948543973 0.15405028543354554 0.04748762978447808 0.040471182929144964
0 0.5724106099870471 0.43360882040895055 0.01632801691691081 0.023778185432339893
0 0.46751064724392366 0.6848524823600863 0.019070095486111112 0.024446228404103973
0 0.4907585779825846 0.7304733653127411 0.011332194010416664 0.01865660114052855
0 0.3014541069666544 0.6263255837522906 0.017175489001803927 0.02444316722728588
0 0.35456274615393746 0.6999825842586566 0.013686100641886391 0.027784936222029318
0 0.5006892151302762 0.6873078051908518 0.015337891048855253 0.023301395369164736
0 0.37349522113800043 0.7692322201199002 0.014925824271308053 0.021983535201461225
0 0.4755710760752361 0.7364650302463107 0.012572765350341797 0.01976634837962963
0 0.16654506656858659 0.28496982433177803 0.01802111996544732 0.023291740888430747
0 0.44941396183437765 0.6925615145836348 0.015573342641194664 0.018044318681881753
0 0.5224104192521837 0.7320039301742741 0.010750081804063585 0.015324392436463156
0 0.5341547860039605 0.7498314704424069 0.010974036322699655 0.012972749309775272
0 0.44284092055426705 0.8042429700309849 0.01099485821194119 0.019046077021846065
0 0.354414979616801 0.7002567479639877 0.013903273476494681 0.02670000806266879
0 0.40868022706773544 0.7208820861062887 0.017109288109673396 0.019858372064284337
0 0.559031195110745 0.7921535821608556 0.012487782372368705 0.01924764374156057
0 0.35407613383399117 0.7861531810995973 0.012846390406290688 0.020916550247757525
0 0.42084574699401855 0.8137830569420332 0.012020534939236112 0.019251317153742283
0 0.43043175008561874 0.7603987705560378 0.011392725838555228 0.016448032708815587
0 0.4680680433909098 0.684324547096535 0.01907237370808919 0.02442927419403453
0 0.5482408735487196 0.7282543417848187 0.011246893141004775 0.012151082356770836
0 0.3669292264514499 0.7060234634964554 0.013533088896009658 0.022273781858844523
0 0.37049574322170675 0.7051300943633657 0.017936441633436415 0.023999955919053816
0 0.5152528285980225 0.7191878189275295 0.01278066635131836 0.014377688184196567
0 0.41051352024078364 0.7479480225362896 0.011303027470906578 0.012427530170958719
0 0.5098246733347574 0.7325207510112244 0.009800010257297091 0.01462079271858121
0 0.512474775314331 0.7523479932620202 0.011723041534423828 0.015599144829644095
0 0.5576734277937148 0.48609973766185616 0.01443391376071506 0.02268722910939911
0 0.5091802014244927 0.7332092332251279 0.007892767588297525 0.013142291410469716
0 0.4332226117451985 0.7068715272126375 0.010007858276367188 0.015042104838806906
0 0.4265814092424181 0.7238963798240379 0.01061603758070204 0.012638092041015625
0 0.3378098622580194 0.6332131180058284 0.011631493054331159 0.019882894109967707
0 0.3322177982895909 0.5912602114337961 0.009394667466959845 0.014713341641376231
0 0.32136919419083976 0.6097513029560662 0.010960445378119773 0.0206782098743664
0 0.37464522232734154 0.14096499526963105 0.01383632923368019 0.026490066225165556
