0 0.524850500954522 0.6533213014955873 0.017823908064100478 0.032888059262876156
0 0.42874104446834993 0.8076185061607832 0.021798425250583224 0.026330641758294752
0 0.38483150800069177 0.6406998104519315 0.015357865227593314 0.027831419014636382
0 0.4925407038794623 0.7644196969491464 0.014443238576253258 0.025450812445746526
0 0.35396578576829696 0.7680242797474803 0.014085928599039711 0.02400570151246624
0 0.4681380059983995 0.6844317589277102 0.013911247253417969 0.022861056857638888
0 0.3636059628592598 0.7230971301043475 0.01248849762810601 0.02126778496636285
0 0.44606799549526643 0.726111047061873 0.017239623599582247 0.022895624608169365
0 0.38396677705976695 0.6022846551589024 0.012548261218600802 0.01991846531997492
0 0.4727511405944824 0.7613068568853685 0.012614991929796007 0.017187236267843364
0 0.5214816464318169 0.7206353317072363 0.017966959211561415 0.025162167019314237
0 0.4984546237521702 0.8033972375186872 0.014176050821940102 0.02135881965543017
0 0.3857300149069892 0.7795403091995804 0.014821873770819772 0.020816190743152007
0 0.3478225469589233 0.6899921275951244 0.01449810134039985 0.02208342375578704
0 0.29299445947011316 0.702936973100827 0.012438270780775283 0.020554201102551118
0 0.4111713171005249 0.7248573067747516 0.013018422656589083 0.020646507357373653
0 0.4205411275227864 0.5164643746835215 0.016328440772162542 0.024261097849151234
0 0.5316637621985542 0.9152394047489874 0.012707445356580947 0.022057050540123458
0 0.3398821221457587 0.46877272335099585 0.013510783513387047 0.02508832201545621
0 0.39524735344780815 0.7941785506260248 0.01247490776909722 0.02083987954222126
0 0.46658505333794487 0.7205926400643807 0.010450151231553819 0.014304455415702159
0 0.1680700447824266 0.13424883948432076 0.015363865428500705 0.026478402408552756
0 0.5025516086154513 0.7250753332067419 0.008503490024142794 0.014086217056086031
0 0.5355330573187934 0.730598614539629 0.010805447896321617 0.013399995403525272
0 0.5815933545430502 0.8239297749083719 0.0077855851915147566 0.015072857892071759
0 0.43340676360660135 0.6715303821328246 0.010338703791300453 0.01731801916051794
0 0.47928200827704537 0.8267346605842496 0.013101365831163194 0.01733115867332176
0 0.4905910756852892 0.8406856678150318 0.011911339230007596 0.01516864917896412
0 0.5404968791537814 0.8495873345269098 0.012722757127549913 0.017369211455922066
0 0.5709195401933458 0.8585922335400994 0.015760686662462022 0.013934571066020448
0 0.515213860405816 0.8199652212637443 0.00901900397406684 0.01433648003472222
0 0.4651277860005696 0.8638940505039545 0.012248039245605469 0.017979939778645832
0 0.5513620906405978 0.7232282426622179 0.010825686984592013 0.01594614099573206
0 0.20054701964060462 0.7456437570077402 0.0140586429172092 0.026096108519000773
0 0.42430145210689973 0.7451126899248288 0.011216931872897677 0.014762642942828896
0 0.47280353969997835 0.7102669374442395 0.008649296230740018 0.01258374437873746
0 0.3734443452623155 0.7827555103066526 0.008189307318793403 0.015306307945722415
0 0.45594493548075365 0.8233338815194589 0.012025568220350478 0.01929869475188079
0 0.5983314779069688 0.8361325205108266 0.010012573666042753 0.014969531400704091
0 0.6060111257765028 0.8506077895929784 0.011728180779351127 0.01801026897665895
