0 0.2788964377509223 0.11480415603260935 0.021930906507703997 0.03479622028492115
0 0.4890817536248101 0.5913438679259501 0.018655565049913194 0.024826143994743442
0 0.38417421446906197 0.6228519957742573 0.016720877753363714 0.02480174877025463
0 0.41317599349551726 0.6138089968834395 0.015768342547946505 0.025137724699797453
0 0.37912321090698237 0.7405646759786724 0.012168248494466148 0.020870302930290317
0 0.5032307306925456 0.7515121036105686 0.014747831556532118 0.019915592523268712
0 0.4657242827945285 0.725876678655177 0.01627726025051541 0.02790272088698399
0 0.3943489127688937 0.6716788963035302 0.019932323031955294 0.029027679820119598
0 0.17865558465321857 0.8224172238950377 0.014930168787638344 0.030977319788049767
0 0.4673555956946479 0.6012499538468726 0.020858075883653425 0.0248143231427228
0 0.5395637353261312 0.725185912332417 0.012400892045762803 0.020874306007667823
0 0.3864480389489068 0.7747902340359158 0.012163215213351779 0.01727158346293885
0 0.4269345468944974 0.815188843526958 0.015361494488186307 0.020538141698013115
0 0.5147482289208306 0.7253617651668596 0.010185188717312284 0.01716123981240355
0 0.2653074529435899 0.8784542319215375 0.013086795806884766 0.025468991126543206
0 0.6148708661397297 0.837805524284457 0.009418063693576388 0.017011195053288967
0 0.3729041284985012 0.7005664213204089 0.011766990025838218 0.020887210045331794
0 0.3984740575154623 0.7653606085129726 0.009972466362847222 0.01766685203269676
0 0.5032678445180256 0.7241149949438779 0.00959920883178711 0.015629474027657214
0 0.5706815189785428 0.8418678001121239 0.014357778761121962 0.016310515227141203
0 0.47182273864746094 0.6206074467411747 0.014162275526258681 0.022749535831404318
0 0.4677617020077175 0.6012046955249928 0.021047327253553606 0.02562237963264371
0 0.4910567866431343 0.7262308803605445 0.011963261498345267 0.015157864417558835
0 0.33665964338514537 0.7734751289273486 0.010913425021701388 0.016626899625048226
