0 0.474196645948622 0.592935679871359 0.019138760036892362 0.026145464108314042
0 0.3798184394836425 0.616659070238655 0.013470490773518883 0.02144156561957465
0 0.4703209665086534 0.7059990211769387 0.011652522616916232 0.021113831319926696
0 0.14658057689666748 0.6038512006218051 0.018887758255004883 0.03149569476092303
0 0.4313220712873671 0.7246255756896219 0.011135101318359375 0.01734528718171296
0 0.5203881528642442 0.7048296987274546 0.012079927656385634 0.015322367350260414
0 0.4716775417327881 0.7420827606577931 0.011978414323594835 0.01849939793716242
0 0.5162586900922987 0.724447014891071 0.013199541303846572 0.01773716490945698
0 0.5260519981384277 0.7428342560191212 0.011473125881618924 0.01398468017578125
0 0.43145125442081034 0.41975798430266203 0.012927929560343422 0.02504033218195409
0 0.3859904872046576 0.7347209129804446 0.009982426961263021 0.018062356077594523
0 0.5458024077945286 0.7264991807348933 0.010970486534966361 0.019758671890070408
0 0.5042481422424316 0.757494490823628 0.017020225524902344 0.019818105815369406
0 0.43135170141855883 0.4194521020959925 0.013693571090698242 0.025666790244020063
0 0.5192915598551433 0.7243040343861522 0.009554545084635416 0.015423480375313466
0 0.4899778101179335 0.7397859125961491 0.011036713918050133 0.01661630324375482
0 0.5359888871510824 0.7517861260308161 0.010924710167778861 0.013788764859423226
0 0.5056097772386339 0.7594163682725694 0.014086405436197914 0.017333419234664353
0 0.3346147515794762 0.47393060123384045 0.015600215623947306 0.017552985230883066
