0 0.44695023695627856 0.7057946758505739 0.015020132064819336 0.022793522587528935
0 0.47590533892313647 0.7281747747350622 0.008680714501274956 0.013858135835624034
0 0.4265401628282335 0.7315624849295911 0.013100041283501517 0.020857822747878084
0 0.3509368499120077 0.6915986802842882 0.010187705357869468 0.025085920169029708
0 0.4196260505252414 0.7097535074493031 0.012222713894314237 0.018929140067394868
0 0.48597515953911674 0.7396626884554639 0.009570333692762587 0.015653916347173998
0 0.5136016209920248 0.6556775834825304 0.018309275309244793 0.030809331823278358
0 0.40967991616990834 0.7548223189365716 0.012687418195936415 0.021321096538025656
0 0.41047534677717423 0.7558203096742985 0.011032713784111869 0.020246482189790704
0 0.3452026844024659 0.5812549120114173 0.010905159844292533 0.02454936651535976
0 0.38210578763729885 0.6073771677766188 0.010240982450831595 0.027916159569674262
0 0.42864200991425105 0.8176602679755314 0.02935748302571717 0.03317572586540976
0 0.5187626554815691 0.7339117892665087 0.014792530206756638 0.022656593273938482
0 0.4621726526877521 0.7347855020585419 0.00706776271861493 0.012351946898069031
0 0.45606323067674603 0.7286095286095073 0.0061094220110061315 0.013629734508214
0 0.4083502509120925 0.8595174813650351 0.0091919292819032 0.019936273286972294
0 0.4961331755542679 0.8439933341333763 0.010478799381369655 0.01699485591676307
0 0.5066119749356376 0.8389275597735723 0.008640413524989015 0.011438845328590616
0 0.5088180379632944 0.8515102896350217 0.011581830895197882 0.012419317785326883
0 0.3877603293206293 0.8629491349636125 0.011030315138283911 0.01895580083023589
