0 0.3888359334733751 0.3171555554425275 0.019830491807725694 0.033362400384596834
0 0.523085249794854 0.6926955941282674 0.02457030614217122 0.02889538988654996
0 0.4947455459170872 0.6490964771788797 0.016537825266520183 0.024920004385489004
0 0.5080872376759846 0.5834803640106578 0.013910134633382164 0.02340349738980517
0 0.566649940278795 0.7251584794786242 0.016288598378499348 0.02259756017614294
0 0.44292868508232963 0.5960489673379027 0.014271736145019531 0.02411599806797357
0 0.37735674116346574 0.5628872388674889 0.018438710106743708 0.023031587953920716
0 0.390191396077474 0.6340641681058907 0.015247503916422524 0.023662096188392167
0 0.4925389819675021 0.5915729616895133 0.016143163045247395 0.024311536624107833
0 0.4176988336775038 0.6227622561984592 0.02561770545111762 0.027144773506823882
0 0.4161120918061998 0.7069652227707851 0.012007104025946725 0.02063355622468171
0 0.41982719633314347 0.6693404633321879 0.014282809363471139 0.021018087128062312
0 0.395868632528517 0.692120964144483 0.013674232694837783 0.021984900957272378
0 0.37967403729756677 0.7722412627420308 0.010359022352430556 0.017956910309968172
0 0.47870710160997176 0.7221709357367623 0.014238145616319444 0.02069440300081983
0 0.3713355991575453 0.626019913473247 0.021935224533081055 0.03423935690043885
0 0.5041386816236707 0.7424907213375893 0.011370235019259982 0.016640981038411457
0 0.25856355826059974 0.7578430646731529 0.015455060535007052 0.027118070625964507
0 0.5108778476715088 0.7941320913809318 0.013557593027750649 0.020431141794463734
0 0.41954451137118876 0.7235840691460504 0.013368288675944008 0.016103673864293983
0 0.3885304795371161 0.6010729471842448 0.021897872289021805 0.025906409746334878
0 0.3267740143669976 0.7068899413685741 0.013315730624728732 0.023563855960045333
0 0.3831246826383803 0.7496294327724127 0.011552678214179147 0.017895875153718172
0 0.34804888566335046 0.7395895734245395 0.011535300148857962 0.02126429993429302
0 0.540702740351359 0.8359122099699797 0.012004375457763672 0.015633194534866897
0 0.4329460197024876 0.7429796854654946 0.012818972269694008 0.015472317919319058
0 0.44232486353980166 0.7526380044442635 0.011355691485934787 0.01799307929144965
0 0.49499077267116975 0.7474504400182653 0.010966195000542533 0.015403323703342013
0 0.4170318444569906 0.7283685236801335 0.014134301079644095 0.015021100456331983
0 0.5548137293921577 0.7472339677221982 0.010206911298963759 0.017444657690731096
0 0.19987293084462482 0.6558875331172236 0.01741758982340495 0.028189717987437312
0 0.5271542602115208 0.8595864566755884 0.011614534589979384 0.014752611701871142
0 0.19963488313886857 0.6553253362208237 0.01811197068956163 0.028996314531491128
0 0.47133403354220915 0.864765543996552 0.011939366658528648 0.024151743194203313
0 0.33749303552839494 0.5383869218237606 0.01830267906188965 0.02953169080946181
0 0.4714237848917643 0.8662078292281538 0.01095453898111979 0.02217799057195216
0 0.5185645421346028 0.8211246066623265 0.008900006612141928 0.014000221535011575
0 0.48493790626525873 0.7391316213725525 0.0090483029683431 0.0122590712559076
0 0.6080002365184484 0.46546830652790916 0.013304162724692432 0.022705771050141904
0 0.318696086184565 0.6893599852298428 0.010831516138554953 0.017536740414803374
0 0.3382314992201731 0.5908447670172714 0.012378875586920017 0.02063145931153329
0 0.37881293495285545 0.7340261037088167 0.009090736759144348 0.02097531696672547
