0 0.2017773124906752 0.19588572890670214 0.02217075559828017 0.03302390487105758
0 0.5460351043277317 0.6691001844994815 0.016572369469536677 0.02474923781406732
0 0.4551195038689507 0.6710389926109783 0.01764678955078125 0.023889941933714312
0 0.6040820015801324 0.25140224268406997 0.018667962816026475 0.026093023794668692
0 0.4459935029347738 0.6385345694459515 0.018468697865804035 0.026353011896580826
0 0.4087391164567735 0.6150880036530672 0.016375435723198786 0.025047019675925927
0 0.40329408645629883 0.6566298214005835 0.01910347408718533 0.028740117579330635
0 0.5304869810740153 0.450654653855312 0.012605296240912545 0.02458468778633777
0 0.484744045469496 0.6201269126232759 0.01843913396199544 0.02458186208465953
0 0.41975557804107666 0.6690382545377003 0.02168207698398166 0.025998857286241316
0 0.5392345587412517 0.7467754269823617 0.010046905941433378 0.01875187438211323
0 0.40984748469458687 0.7358657460153839 0.012434668011135526 0.02132481704523534
0 0.5797817177242702 0.33087626798653313 0.020008352067735456 0.03271338380413291
0 0.3860912852817111 0.747744995870708 0.013350221845838759 0.023318067009066357
0 0.4564028845893012 0.7572009239667727 0.012848324245876737 0.022500120563271605
0 0.5937599870893691 0.26937850905053407 0.01659250259399414 0.023047906381112558
0 0.3633028136359321 0.17479740543130004 0.014695326487223305 0.023417237364215616
0 0.48711533016628694 0.7463433536482446 0.012347963121202257 0.022002326117621526
0 0.5736862818400065 0.18501775647387092 0.016158315870496962 0.030752546993302713
0 0.5287593205769857 0.7596079979413821 0.01123809814453125 0.016546932267554014
0 0.3336794111463759 0.7483238408594955 0.01616880628797743 0.029113675341194058
0 0.05406530367003547 0.17129970479894566 0.014209780428144667 0.024695985111189474
0 0.38814402951134575 0.638885427404333 0.01600374115837945 0.02256431108639564
0 0.41964683267805314 0.7747744807490596 0.01145709885491265 0.020786520875530477
0 0.26673228210873073 0.6293142342273099 0.012497186660766602 0.01752679141951196
0 0.3880402909384833 0.6646208586516203 0.012667735417683922 0.022487028145495757
0 0.4029430813259549 0.7765367766957225 0.012600845760769315 0.022150204505449456
0 0.43292595280541313 0.783264065966194 0.011741399765014648 0.01983152789834105
0 0.42698612478044295 0.7206765163091966 0.01648222075568305 0.022333027404031636
0 0.3772900634341769 0.5327076382107205 0.015608999464246962 0.028948560173128857
0 0.4515008131663004 0.3596881230672201 0.016973760392930772 0.026730078238028067
0 0.4649359650082059 0.8497604087547019 0.011388195885552298 0.019518911102671684
0 0.3057943450080024 0.631055337411386 0.014451291826036241 0.021559632854697145
0 0.4277158975601197 0.503286432336878 0.012750069300333657 0.023931244273244598
0 0.4530376858181423 0.8618368454921393 0.012542936537000868 0.01734509880160108
0 0.5018282466464572 0.7220681037431881 0.010409884982638888 0.015745987126856674
0 0.5381887753804524 0.7765009609269506 0.012543042500813804 0.016893410388334296
0 0.5171803368462456 0.7434667186972536 0.011280165778266061 0.015575408935546875
0 0.19811320304870605 0.2983692074999397 0.016662253273857966 0.023515724841459296
0 0.5108223756154379 0.7299062234384043 0.009550359514024522 0.013249291314019095
0 0.5426153077019585 0.8577026555567612 0.011575169033474393 0.019018290955343364
0 0.5126299858093262 0.7129999561074339 0.01180394490559896 0.016345035882643712
0 0.571937190161811 0.8432189564646027 0.012845993041992188 0.01526086124373071
0 0.5127212206522623 0.7133117251925998 0.009195645650227865 0.013750194031515239
0 0.4647735489739312 0.7362599313994984 0.015304353502061632 0.015563493893470292
0 0.45784974098205566 0.7216217370680821 0.013130452897813585 0.013870757303120177
0 0.36484854751163065 0.7789851765573761 0.012189997567070853 0.015082889133029513
0 0.5475778579711914 0.7275816599527996 0.016541692945692275 0.02239429803542149
0 0.4258125093248155 0.7471790313720703 0.008806228637695312 0.012027834668571567
0 0.4418003294203016 0.8474170543529369 0.010576036241319444 0.014926203974971065
0 0.610661069063387 0.9422894985808894 0.033526490066225205 0.0491958372753075
0 0.29951926463455636 0.8335605290323564 0.009670996552281288 0.022006889932302015
