0 0.37048457728491885 0.4515181882881824 0.016874604754977755 0.02497454042787905
0 0.4532143672307333 0.7126460605197482 0.018861267301771376 0.028180534456983028
0 0.39044601387447786 0.5168228855839482 0.016360309388902452 0.023579208939163775
0 0.5170693397521973 0.7360179571457851 0.016164249844021268 0.021408175244743442
0 0.38318558533986413 0.8073107401529949 0.013400475184122719 0.018521626790364582
0 0.3659149805704752 0.7309685930793668 0.012486881679958768 0.02059649243766879
0 0.3902763658099704 0.67786294442636 0.012984938091701932 0.023165008168161652
0 0.4276085297266643 0.7319330521571783 0.014887571334838867 0.02295802552023052
0 0.389750321706136 0.7820456234025367 0.011706617143419053 0.01893822940779321
0 0.3691801097657945 0.7861569722493489 0.009640561209784614 0.01552996223355517
0 0.3444904751247829 0.6228141078242548 0.01312398910522461 0.026018637197989004
0 0.4816696908738878 0.7128853739043812 0.01537958780924479 0.026055277129750188
0 0.3802053531010945 0.3934280136485159 0.009216547012329102 0.02488951035487799
0 0.36027644740210635 0.6825312155264396 0.010371022754245333 0.02094151061258198
0 0.39995216818332446 0.6365796332762642 0.014712003310633008 0.023721679756679562
0 0.44289068947366017 0.6891931024801816 0.01847553904126009 0.021896935160011708
0 0.5532307143034076 0.7320746005018716 0.01471200331063308 0.020072190563344066
0 0.5123450306843229 0.7113941617396381 0.0075270714612540954 0.011556715778895069
0 0.3946810877317832 0.814821292581509 0.010928161166494945 0.022827714436678404
0 0.400418372344193 0.8318206543960568 0.010928161166495016 0.0101996170887287
0 0.4224112966917641 0.8284207820331472 0.010108549079007788 0.015056577607170852
0 0.4329296518145155 0.8264779978257704 0.01202097728314449 0.014085185503482478
0 0.46366510509528264 0.8284207820331472 0.012294181312306734 0.01311379339979382
0 0.4363447021790452 0.867519314206607 0.013386997428956349 0.018456449970080228
0 0.3957739038484327 0.8480914721328381 0.013113793399793891 0.014570881555326452
0 0.3476899947158548 0.8357062228108105 0.010928161166495016 0.01699936181454774
0 0.31268201137633717 0.7902274763505466 0.015572629662255333 0.017485057866391998
0 0.20790826619256667 0.753314576410386 0.019670690099690944 0.015542273659015109
0 0.09562141020683093 0.7001308587334438 0.024041954566288902 0.02477049864405516
0 0.023895727733526426 0.11328344999597714 0.02027516292541636 0.02574623863544934
0 0.31904476415571614 0.2396497861151293 0.017797951719430393 0.03398456624615527
