0 0.49539619021945525 0.7265571547143255 0.018584569295247395 0.024968889024522566
0 0.3843904998567369 0.6860693001452788 0.025435474183824323 0.031802518868152004
0 0.44782164361741805 0.6602466018111618 0.024216175079345703 0.0332387759361738
0 0.5323363939921061 0.7166132279384283 0.017383363511827257 0.022961793122468172
0 0.0586773736609353 0.21545854026888628 0.02064555552270677 0.03258912357283227
0 0.48055317666795516 0.8163696571632668 0.01175917519463433 0.02271496808087384
0 0.09386983969151817 0.8087459907453627 0.013964108383862221 0.01875672829832368
0 0.2006176904481537 0.8592236566070275 0.010240346148165642 0.01930839677768617
0 0.33700048233054125 0.6385562648620445 0.010550659667807025 0.023721744612585596
0 0.573769697816916 0.8175726864151619 0.022342573414179584 0.036410119637922234
0 0.47508999857095646 0.7135831780553388 0.00930940558924135 0.014895048942786388
0 0.4206299758738939 0.7113765041378889 0.00899909206960011 0.02151507069513585
0 0.38432329407585214 0.8172968521754808 0.01210222726601394 0.022618407653860684
0 0.3621358774214933 0.8517761321356343 0.011171286707089863 0.027583423968122814
0 0.8823302773392158 0.7579704920076238 0.013082680148547042 0.020065810075331286
