0 0.5344522794087727 0.6616381186026113 0.02676444583468967 0.03343874142493731
0 0.3341836796866523 0.19070126686567143 0.020292255613538958 0.02540483592469015
0 0.37060062090555823 0.680338141358929 0.02048439449734158 0.02878565847137828
0 0.3540832731458876 0.7303056128231096 0.015937169392903645 0.023864369333526234
0 0.2403106424543593 0.2726548512776693 0.018606026967366535 0.02331905600465374
0 0.1692951851420932 0.635310114165883 0.016473571459452312 0.024507263560353973
0 0.41108197636074495 0.6684106661949629 0.021424823337131076 0.02444943086600598
0 0.15851411554548475 0.23154743806815442 0.02712416648864746 0.04059341807424286
0 0.10209058721860248 0.6055152798876351 0.023037638929155134 0.03315565321180555
0 0.4203021128972372 0.7294691109362944 0.01337970627678765 0.021927727593315974
0 0.4699890348646376 0.709522671169705 0.01398383246527778 0.022404611846547063
0 0.29426617092556423 0.590105574808003 0.019337919023301866 0.024945435700593172
0 0.21770188543531627 0.6397926424756463 0.0185294681125217 0.033557279610339504
0 0.39364074336157906 0.638043886349525 0.018343316184149847 0.025759049403814623
0 0.24979768859015572 0.6756649488284264 0.016379886203342013 0.028836897861810377
0 0.40596841441260445 0.5983117421468098 0.01460666126675076 0.025057992817443094
0 0.3920488225089179 0.8036954432357976 0.015527433819240995 0.028749536584924767
0 0.2368418508105808 0.724747598907094 0.020801411734686956 0.033414864245756175
0 0.37031659815046525 0.7428699305028091 0.01482171482510037 0.017829471164279513
0 0.5189624627431233 0.7549038875250169 0.012656794653998483 0.016181804515697337
0 0.4723985460069444 0.7416328147605613 0.011422687106662326 0.015396777494454091
0 0.24286462201012504 0.8562657391583478 0.013468768861558702 0.023151444800106096
0 0.3685300880008273 0.6277729081518857 0.013490147060818143 0.02407695628978588
0 0.5094510714213053 0.7220739670741705 0.01618215772840712 0.023980976622781636
0 0.3670168452792697 0.7648787086392627 0.013579580518934462 0.018756112934630594
0 0.44865972465938986 0.7954292297363281 0.009901603062947592 0.01867138897931134
0 0.47937689887152773 0.4763031947759934 0.010467105441623263 0.019856394073109566
0 0.44206881523132324 0.6790938671724297 0.01183991962009006 0.01772590919777199
0 0.48417957623799635 0.7287380312695915 0.009103086259629991 0.014130816047574267
0 0.3771725628111098 0.8160003379539207 0.012942923439873587 0.023942829650125386
0 0.22800880670547483 0.5799974747646003 0.01393608252207438 0.0192307366265191
0 0.5982360574934218 0.8358014424641926 0.00962209701538086 0.014634779941888503
0 0.4437363942464192 0.7094590693344304 0.007130622863769531 0.015195728820047261
0 0.4439000553554958 0.7092808382010755 0.0089161131117079 0.016685391649787808
0 0.4394035471810235 0.6449229628951462 0.011762380599975586 0.01846591337227527
0 0.5291622479756672 0.8386756520212433 0.009459813435872396 0.018662346733940974
0 0.40140084425608313 0.7468697112283589 0.012840138541327584 0.018429744390793788
0 0.4497947957780626 0.7229849968427493 0.009557882944742838 0.01803800794813368
0 0.3166543245315552 0.8529688988202884 0.014904313617282443 0.019407201696325233
0 0.5817552937401665 0.8246392144097221 0.008153968387179904 0.013752124927662037
0 0.3743131558100383 0.7567442670280551 0.012260569466484916 0.0148127520525897
0 0.6066433588663737 0.852643472177011 0.0098014407687717 0.017597622341579862
0 0.43887423144446475 0.3942777727857048 0.008582883410983615 0.02213101328155141
0 0.4442939625846015 0.8165762630509741 0.009192493226793077 0.013074333285108024
0 0.45562662018669975 0.8242752640335648 0.012175295088026259 0.018899799864969136
0 0.3886114093992445 0.831656985812717 0.009789281421237521 0.016943189832899306
0 0.3022705771050142 0.16840113528855252 0.015964995269631004 0.02838221381267738
0 0.4551466369097007 0.5321774620237631 0.016707598868186294 0.023101865101689753
