0 0.5573029783036973 0.24019397923975816 0.023204432593451604 0.02851912416057822
0 0.5172112517886691 0.6441019788200474 0.026676442888047956 0.04143392303843557
0 0.5144630803002251 0.7311844766875844 0.009815375010172525 0.014270123140311534
0 0.426639477411906 0.7330312846619407 0.01370096206665039 0.025660291130160107
0 0.42007714828139553 0.7480112200493926 0.017287285719707342 0.02485753502180131
0 0.3775238131436066 0.8354391543236297 0.009660542019836384 0.020337983199655695
0 0.4937045421716391 0.7122813671701596 0.008643642859853529 0.011750834737578798
0 0.4358684024476186 0.7100215912590869 0.011948565129797686 0.015366476195295463
0 0.4635789045571493 0.7332972831431371 0.013982363449763256 0.016722341741939033
0 0.49497566612161764 0.7278738209565623 0.011185890759810491 0.014914521013080844
0 0.5258639781060944 0.7303595744587423 0.00838941806985794 0.017174296924153367
0 0.5975553688848804 0.8693357929897221 0.012965464289780399 0.0194340728352266
0 0.4225216009728446 0.8451561907412427 0.009660542019836384 0.020789938381870172
0 0.382226971758527 0.8503536753367104 0.011948565129797686 0.010394969190935086
0 0.4006582690332149 0.8417665268746336 0.009660542019836384 0.017626252106368128
