0 0.41340059704250764 0.7182699368323808 0.017756991916232638 0.02383060219847126
0 0.43609562185075545 0.7423478585702402 0.010413514243231881 0.013695422513985341
0 0.4069124990039401 0.633604261610243 0.012800772984822593 0.025111539864245757
0 0.4260284635755751 0.7292628818088107 0.008564949035644531 0.014649567780671295
0 0.2906821038987901 0.6525674042878328 0.018783834245469835 0.026406276373215666
0 0.4905050330691867 0.808651723979432 0.014492935604519315 0.01921448884186921
0 0.47227231661478675 0.7474773312792365 0.008817937639024522 0.0189298935878424
0 0.36713381608327234 0.7545127162226924 0.011759731504652236 0.021878984239366316
0 0.47941793335808647 0.6390028117615499 0.010870350731743705 0.02081129286024306
0 0.4169384506013658 0.6298742647524233 0.012078417672051322 0.02263165697639371
0 0.4596050580342611 0.7388315554018375 0.011457867092556424 0.01722905665268133
0 0.6311612675076111 0.4813712168822223 0.011371653128621019 0.024398949241485324
0 0.1493999945518808 0.6894445942808285 0.013332282978383053 0.02091338506413024
0 0.1103834605416127 0.6667884271280207 0.012940157008430599 0.02300472357054346
0 0.3037015637281671 0.8389752974893603 0.012155905068525713 0.021610497899601313
0 0.4239389931674528 0.9155088759238322 0.0079145854380873 0.016884448934585947
0 0.5160449812031933 0.9165641539822438 0.010091096433561333 0.023919635990663723
0 0.4473719418878824 0.8229410058846731 0.005935939078565511 0.011608058642527794
0 0.41887943431076835 0.8737702323648335 0.00989323179760909 0.019698523757017198
0 0.4210559453062423 0.8347249442036031 0.011476148885226465 0.018291486345801643
0 0.3878146864662758 0.861282775340296 0.005540209806661096 0.016532689581782164
0 0.38148301811580604 0.8545993476370222 0.006331668350469926 0.015125652170566894
0 0.3768331991709297 0.8480917996101504 0.005738074442613339 0.013366855406547416
0 0.43114704173980356 0.8500264760505718 0.00989323179760909 0.02075380181542883
0 0.47032423965833553 0.6774885135002694 0.007123126894278613 0.01688444893458623
0 0.41680185563327043 0.7661318704068468 0.007320991530230714 0.012663336700939568
0 0.3921677084572238 0.7645489533192292 0.013059065972843982 0.013718614759351197
