0 0.050029809276262924 0.2463663242481373 0.02654481927553813 0.03811049755708671
0 0.5544461674160428 0.5698449405623071 0.025627560085720487 0.03673280315634645
0 0.4446384641859267 0.2714505607699171 0.018866221110026043 0.024346010184582368
0 0.4943949911329481 0.6082495230215568 0.0224357181125217 0.02488482439959491
0 0.4465386735068427 0.5961353631667149 0.018093400531344943 0.027720886983989196
0 0.2483661572138468 0.22773248177987562 0.019663466347588435 0.03134353072554977
0 0.18004702859454685 0.09142682876115965 0.02554841836293538 0.03812652752723223
0 0.017622836348083287 0.1615539009188428 0.02641780922810237 0.039013426980854554
0 0.4964674843682183 0.5735797411129798 0.017661094665527344 0.026439007417655286
0 0.358640988667806 0.684098349677192 0.018651697370741103 0.026922014024522566
0 0.11068124903572929 0.6426127633930725 0.019660724533928767 0.028714733359254438
0 0.4101832840177748 0.5846192866195866 0.026598321066962347 0.03039498976719232
0 0.2020498249265883 0.5938892835452233 0.020605113771226667 0.028917241979528358
0 0.5026466051737467 0.18235297850620602 0.015405337015787758 0.026133655030050395
0 0.02636792345179452 0.2532168847543222 0.016152883569399517 0.023916056126724053
0 0.536659664577908 0.6977364339946228 0.015150917900933158 0.020799048152970682
0 0.505342059665256 0.6982716218924817 0.014151043362087674 0.02061179832175926
0 0.4156224065356784 0.4259734683566624 0.016949839062160917 0.024460922052830826
0 0.4327406220965915 0.9419916882927036 0.02012711101108127 0.029569178451726467
0 0.5979033576117622 0.5742242365707585 0.017576853434244793 0.028632034490137924
0 0.2781436973147922 0.14306142006391362 0.024426301320393876 0.03153771529962987
0 0.43523269229465056 0.5649126782829378 0.01654990514119466 0.020036862220293206
0 0.5422169897291396 0.7288863335126712 0.013531155056423612 0.022797243094738618
0 0.4639863967895508 0.5873448407208478 0.014478683471679688 0.023266639238522378
0 0.56741287973192 0.3651303303094558 0.015285438961452909 0.02527088589138455
0 0.5544226964314779 0.6253961398277754 0.014705869886610243 0.023864604808666087
0 0.39832403924730087 0.6930223394323278 0.016418933868408203 0.019999798433280286
0 0.4395021465089586 0.677832332658179 0.02178359031677246 0.02785972312644676
0 0.37763965129852295 0.654578008769471 0.014719247817993164 0.023044680371696567
0 0.5257964399125841 0.7268297878312476 0.017936759524875216 0.02944772037459008
0 0.42658238940768767 0.6244329287682051 0.013189845614963107 0.023127332145785107
0 0.40937305821312797 0.5540740637131679 0.020267513063218855 0.02490031866379726
0 0.3644653823640611 0.5877771259825907 0.017710712220933702 0.02482887550636574
0 0.40615724192725283 0.9529634169590326 0.01646288235982259 0.02346264874493634
0 0.06558619936307271 0.8064749917866272 0.013702372709910073 0.029797118387104554
0 0.5726751486460369 0.8116364184721018 0.015092796749538846 0.022839487334828313
0 0.46291237407260477 0.7246402457908349 0.014971892038981117 0.018312006820867092
0 0.5290219253963894 0.5561353188973885 0.025829580095079206 0.03585471635983314
0 0.39405102199978304 0.7127344343397353 0.014717155032687716 0.018782580340350116
0 0.29503945509592694 0.10053590491965965 0.014682743284437392 0.024546340659812645
0 0.4516991641786363 0.5416213141547309 0.016489744186401367 0.019699190869743442
0 0.41794278886583114 0.24604843280933522 0.023920800950792097 0.02559499387387876
0 0.41120733155144584 0.7264248412332417 0.011145591735839844 0.019787352762104554
0 0.4643687142266168 0.8131461908787857 0.013394779629177518 0.023422335400993442
0 0.48256847593519425 0.9522854369363668 0.027954525417751737 0.04465333915051119
0 0.3867057561874389 0.7342418623559268 0.01572426160176595 0.021510654025607638
0 0.4184474415249295 0.24638887099277829 0.02318186230129666 0.024877477575231483
0 0.07210642099380493 0.630658467610677 0.012682914733886719 0.022447279941888502
0 0.4187694787979126 0.6976353680645978 0.016134553485446505 0.023577843183352622
0 0.3578915463553535 0.7795078371777947 0.013366195890638564 0.022628454514491705
0 0.4245691829257541 0.3317361878760067 0.014691776699490018 0.02590153541093991
0 0.4114856984880235 0.3267964845822181 0.012376891242133248 0.02145270359368972
0 0.47669349776373965 0.7393391220657913 0.013016541798909508 0.0231734381781684
0 0.41284819444020593 0.8079343254183545 0.014715327156914603 0.024179529260706017
0 0.3355094194412232 0.17603074768443164 0.01566449801127116 0.03320611553427614
0 0.43289411067962646 0.5890773255148052 0.010801129870944552 0.020387343418451002
0 0.362712754143609 0.6201398402084538 0.01721901363796658 0.02618012604890046
0 0.43983798556857634 0.7464237213134766 0.01065879397922092 0.021228036762755594
0 0.3463134500715468 0.59810925707405 0.016669591267903645 0.026200188530815974
0 0.4624875121646457 0.7482793125105494 0.019204722510443792 0.03196080525716146
0 0.5003968344794378 0.7291658425036772 0.015962176852756076 0.02477730645073785
0 0.4497538010279337 0.7000171049141589 0.017538944880167644 0.02730626235773534
0 0.4818627304501004 0.5498739171911169 0.02162557178073459 0.019824369454089507
0 0.27564671304490834 0.759723922352732 0.017216788397894964 0.025307784845799576
0 0.499922964307997 0.7291571770185307 0.014819569057888456 0.024349683596764083
0 0.39998258484734434 0.7490414984432268 0.01334110895792643 0.02074069741331501
0 0.6306771437327067 0.6031223815164448 0.010823090871175133 0.02296589038990162
0 0.3713538646697998 0.7756306448100525 0.010863516065809462 0.02108204217604649
0 0.3541742828157213 0.13131841023763022 0.01600511868794759 0.02390319918408806
0 0.4817943308088515 0.5495882152039328 0.022707462310791016 0.020757274863160688
0 0.4015036159091525 0.9785049815236786 0.01509984334309896 0.02212599766107253
0 0.5458535353342692 0.8365401279779127 0.009590943654378256 0.015720131956500773
0 0.4258367088105943 0.7485617884883174 0.009834422005547417 0.01992312772774402
0 0.4426159593794081 0.6458406095151549 0.009728802575005425 0.017660305823808835
0 0.36721131536695695 0.4157462414400077 0.011687437693277992 0.02266184488932292
0 0.6268779171837701 0.4916048874089748 0.011543962690565322 0.022081916714891972
0 0.4245131148232354 0.33098659986331136 0.014434099197387695 0.024519626005196277
0 0.5387633906470405 0.7473614775104288 0.011512915293375649 0.013770539083598573
0 0.529572433895535 0.5536982453899619 0.02674643198649089 0.037300439528477045
0 0.15086920529801326 0.23320719016083252 0.02820482497634815 0.04824976348155158
0 0.5747398297067171 0.18211920529801326 0.017029328287606376 0.03500473036896874
0 0.3815117141841759 0.4227157697108257 0.007156537448688098 0.017880598069995486
0 0.3678756090454594 0.4964732367495571 0.016247274207832375 0.020287601656340897
0 0.35685067297585876 0.45159981274697225 0.010444676276463767 0.024757751173840034
0 0.34206314805418686 0.7470307559051008 0.016440694138878057 0.027164754760185445
