0 0.3690479199091593 0.7505114990987896 0.019566350513034396 0.020422099549093364
0 0.14753915203942194 0.1612344788916317 0.02412830458747016 0.03467208956494743
0 0.09374610251850551 0.7874893847806955 0.022727615303463407 0.03840213351779514
0 0.39152795738644064 0.6150198100525656 0.012971003850301109 0.026302761501736112
0 0.3683793942133585 0.7501725561824846 0.02026163207160102 0.02112409803602431
0 0.4623612297905816 0.6579366142367139 0.022895601060655378 0.03378333574459876
0 0.45186146100362146 0.7679367300904828 0.017346753014458552 0.024483998616536454
0 0.39594305997816776 0.8176381300590332 0.013743145449666443 0.02443225857718488
0 0.609943467694403 0.8790678087673837 0.013743145449666443 0.018847742330971043
0 0.46249915008440967 0.7317761927734978 0.010209193762609274 0.014659355146310844
0 0.4061522537407771 0.7537652254929642 0.007460564672676071 0.018149677800194438
