0 0.4715962145063612 0.692715303397473 0.022780683305528425 0.027191067919319058
0 0.6160439120398628 0.6475698682996962 0.026086754269070096 0.038603135097173995
0 0.10238605737686157 0.6509279557216315 0.021911448902553983 0.03217480506426022
0 0.40272812048594153 0.6857333242157359 0.022938913769192167 0.029745502236448687
0 0.10071802801556057 0.16731643676757812 0.016761395666334365 0.02619225301860291
0 0.4898951583438449 0.714339432892976 0.02434619267781575 0.04483046355070891
0 0.4017514785130819 0.6365418610749422 0.018803252114189997 0.02347197356047454
0 0.25666961405012345 0.21688431869318453 0.019729269875420466 0.028059947637864104
0 0.5610851711697049 0.5711448810718678 0.020069122314453125 0.024192197823230132
0 0.5253089269002279 0.6877117156982422 0.014893743726942275 0.023044115231360917
0 0.5867429574330648 0.5883116545500578 0.012824429406060111 0.023903081446518135
0 0.20330436362160575 0.8597486519519194 0.013039761119418673 0.02639261881510417
0 0.5367327531178792 0.42139594937548225 0.017110877566867404 0.023406699851707177
0 0.3724991877873739 0.6770892437593438 0.01984328693813748 0.025065810592086225
0 0.3505160146289401 0.7458073886824244 0.015048583348592125 0.025536855061848954
0 0.38475730684068465 0.6312981593756029 0.018140474955240887 0.030444298261477622
0 0.5073900487687852 0.7602209632779345 0.013265874650743272 0.019785233485845873
0 0.4318156109915839 0.6948020369918259 0.013037972980075412 0.021663618676456404
0 0.3494229978985256 0.6779831073902272 0.014944314956665039 0.02280826333128376
0 0.434312277370029 0.4731263525692033 0.009681887096828885 0.01784242229697145
0 0.3558004829618666 0.45950974358452695 0.016249365276760526 0.027136484781901046
0 0.4736795425415039 0.6409794607280213 0.01158852047390408 0.0171462164984809
0 0.1536026265886095 0.1874389471831145 0.018546263376871746 0.0267571696528682
0 0.30214430226220024 0.6745054456922742 0.01694655418395996 0.0282162324881848
0 0.44758795367346865 0.7350509313889491 0.016204648547702365 0.021644921950352045
0 0.4631493091583252 0.7327567677438995 0.013538837432861328 0.02010072307822145
0 0.5227591726515028 0.7090912807134935 0.010629336039225258 0.018838576328607252
0 0.3088148434956869 0.6419053254304109 0.016525109608968098 0.02092460349754051
0 0.3965209590064155 0.7679463610237027 0.017356024848090276 0.024580967279128084
0 0.28162430392371285 0.6085107120466821 0.014360136455959745 0.026258397985387733
0 0.5563959280649821 0.736072940590941 0.011475404103597008 0.01989694289219232
0 0.02184758914841546 0.5800606527446228 0.01594731542799208 0.01934447111906829
0 0.42586774296230745 0.6800351790439936 0.011762672000461154 0.019203609890407987
0 0.5322221120198568 0.779299983271846 0.008770412868923612 0.017138163248697918
0 0.5103110737270778 0.7341987704053337 0.014687644110785592 0.02297606291594329
0 0.5266700850592719 0.7500066874939718 0.011166042751736112 0.014167691454475308
0 0.4703848361968994 0.7757308159345462 0.01424498028225369 0.022018856472439237
0 0.6616915596856012 0.828299910933883 0.0198258293999566 0.033930460611979164
0 0.36491731802622474 0.8580546437958141 0.014580329259236656 0.017899124710648147
0 0.36858840783437086 0.4513478455720124 0.013646841049194336 0.021417923915533373
0 0.19655860794915092 0.2983239609518169 0.015433920754326712 0.020479484840675636
0 0.510286913977729 0.7327833999822169 0.015707439846462674 0.02377371140468268
0 0.5526387956407335 0.819912427737389 0.011221249898274742 0.015168460798852236
0 0.24002191755506724 0.8490129164707514 0.015741931067572698 0.021531375837914736
0 0.41918631394704176 0.7322727721414448 0.015179024802313913 0.02496394404658565
0 0.42387897438473177 0.4653118510305145 0.01232510142856174 0.019309667893397955
0 0.5416434341006808 0.7317011091444228 0.00928905275132921 0.014021838152850116
0 0.2172272668944465 0.3020458927860966 0.015647530555725098 0.0187952959979022
0 0.40900044971042204 0.764431753276307 0.01092296176486545 0.014952671380690586
0 0.13425695233874851 0.6398241255018446 0.012153930134243436 0.018926596935884454
0 0.49162986543443465 0.3900190989176433 0.011966493394639757 0.01967625559112172
0 0.3207923571268717 0.14551590695793248 0.01444016562567817 0.028138820035957995
0 0.41890484756893587 0.7320511429398148 0.013613992267184787 0.0238522188163098
0 0.40389671590593124 0.8099787205825618 0.013650920655992296 0.017769707573784724
0 0.40645013915167916 0.7487295409779489 0.0101112789577908 0.01457558149172936
0 0.34914696216583246 0.677764986768181 0.015099869834052194 0.023033613040123458
0 0.5786241690317789 0.8539966536156924 0.011292510562472872 0.017004319179205248
0 0.4642892413669162 0.7470427854561511 0.011889987521701388 0.0159407721625434
0 0.5692253377702501 0.7378096168423877 0.011728127797444664 0.02101780455789448
0 0.5192521413167318 0.7718288986771197 0.010879198710123696 0.016720477445625964
0 0.22432048453225029 0.712938850308642 0.013614190949334037 0.018965732904128087
0 0.49127234352959526 0.8596295015311536 0.011609395345052086 0.022333592544367283
0 0.5609035004730368 0.14474929044465468 0.011707663197729446 0.03216650898770105
0 0.3115306350692777 0.7454517586545779 0.014090530876765399 0.01809154581708128
0 0.30722519507915497 0.7751984349499713 0.012133512699436863 0.02957271912407549
