0 0.04705846379647751 0.816536203522505 0.020364481409001954 0.045988258317025556
0 0.2113502935420744 0.21673189823874758 0.018713307240704465 0.040117416829745595
0 0.08916340508806263 0.04549902152641879 0.02641878669275929 0.04011741682974561
0 0.26721501956947163 0.2842465753424658 0.017062133072407056 0.028375733855185884
0 0.05503913894324854 0.2984344422700588 0.02091487279843445 0.029354207436399236
0 0.30133928571428575 0.6042074363992173 0.015961350293542047 0.022504892367906065
0 0.44113869863013705 0.5650684931506851 0.029170743639921712 0.04207436399217222
0 0.5737830234833661 0.6017612524461841 0.03027152641878665 0.029354207436399164
0 0.21805319589981398 0.8847880783998653 0.018458850947348608 0.03437838906596156
0 0.46856617304240233 0.9539355200439016 0.012305900631565692 0.02265848370256535
0 0.4465913504860349 0.9347930079503548 0.013184893533820415 0.028127772872150274
0 0.42549552083192216 0.9125251877599025 0.020216836751857984 0.03359706204173506
0 0.3951702657041352 0.5593653728095714 0.01494287933832986 0.01953317560565992
0 0.39319253167406215 0.5902277902665141 0.018898347398475936 0.02656511882369763
0 0.3767114147567866 0.631638122550513 0.024611801263131526 0.031253080969055776
0 0.4180240811627573 0.6507806346440597 0.01582187224058458 0.02422113775101835
0 0.5197675095987383 0.6445300184502486 0.020656333202985308 0.02578379179947106
0 0.5360288782904503 0.7550877923782835 0.017140361593966633 0.031253080969055845
0 0.501748155102517 0.6789084075162098 0.015382375789457186 0.03359706204173506
0 0.4892225062453876 0.6925816304401721 0.01582187224058458 0.025002464775244704
0 0.48131157012509534 0.7152401141427372 0.006152950315782917 0.02343981072679199
0 0.48856326156869656 0.7226627208728883 0.014503382887202534 0.01953317560565992
0 0.501088910425826 0.7328199721878315 0.014942879338329789 0.017970521557207207
0 0.427693003087559 0.6816430521010023 0.014063886436075137 0.020314502629886277
0 0.40901440391464666 0.7074268439004734 0.016261368691711908 0.025002464775244704
0 0.3870395813582793 0.7179747587275297 0.018898347398475936 0.027346445847923916
0 0.3503416276891457 0.7148494506306242 0.01582187224058458 0.024221137751018206
0 0.4520850561251267 0.7250067019455674 0.01714036159396656 0.028909099896376488
0 0.45208505612512684 0.7550877923782835 0.01626136869171184 0.02969042692060313
0 0.4382409179146153 0.7371172708210766 0.014063886436075137 0.02500246477524456
0 0.4742796269070578 0.8230632434859799 0.01142690772931104 0.020314502629886277
0 0.40593792875675516 0.785168882811 0.018019354496221284 0.017970521557207207
0 0.37649166653122296 0.779308930129302 0.011866404180438437 0.026565118823697418
