0 0.3959277735816108 0.7152899989375361 0.016499466366238065 0.022623274061414934
0 0.28269636631011963 0.7150273028715158 0.01887647310892741 0.03151330830138407
0 0.1906440059343974 0.07218518669222608 0.017659465471903484 0.02805614471435547
0 0.3582909901936848 0.7033940303472823 0.015258418189154733 0.024139545581958913
0 0.3498246802224053 0.5647320453031565 0.014943255318535697 0.022795641863787616
0 0.40153651767306864 0.6465495545187114 0.016413370768229168 0.02570917576919367
0 0.34723239474826384 0.6650412288712867 0.015055762396918405 0.022040190520109953
0 0.41876398192511666 0.7027424941828221 0.012542671627468534 0.020782282323013115
0 0.19607575072182548 0.8254937065972223 0.015122347407870822 0.025304723668981483
0 0.37894108560350204 0.75764865639769 0.011047045389811196 0.02014235508294753
0 0.46164369583129883 0.7269115918948326 0.014185905456542969 0.01967625559112172
0 0.5018053584628636 0.45785929832929445 0.01605383555094401 0.022998904004509067
0 0.502416107389662 0.7796289420422212 0.013009230295817055 0.021283090850453313
0 0.4939607779184977 0.8048925988468123 0.011472755008273654 0.02254712140118634
0 0.35141452153523756 0.7685747970769435 0.011948373582628038 0.025201679747781636
0 0.44227446450127494 0.7027952641616634 0.011336326599121094 0.019038588912398728
0 0.3329256110721164 0.7642980975869261 0.014172024197048612 0.025201491367669752
0 0.4042182101143731 0.7392778514344015 0.011641157997979056 0.02079127747335552
0 0.5418104330698649 0.7510409414032359 0.011301517486572266 0.013693067762586806
0 0.5001724031236437 0.6939534081353083 0.019631809658474393 0.021323168719256366
0 0.45793159802754724 0.8228205928096065 0.022920979393853083 0.027761577088155864
0 0.17904018693500096 0.1663643165870949 0.021871103180779353 0.032955946745695894
0 0.2970773776372274 0.148891219386348 0.014977640575832792 0.022710340994375723
0 0.3023804823557536 0.7183540720998505 0.013066185845269095 0.01934070351683063
0 0.44103215800391304 0.8588986337920765 0.016496207978990342 0.02088560881438079
0 0.4300256835089789 0.7785380799093364 0.01402192645602756 0.02379071270978009
0 0.42961055702633333 0.7372734634964554 0.008932405047946505 0.014529569649402007
0 0.5580576525794135 0.8596009148491754 0.011424223581949867 0.021033110441984953
0 0.3779374361038208 0.7951075942428024 0.01941614680820041 0.03271978872793692
0 0.4999137984381782 0.6940657533245322 0.020998213026258684 0.02299565444757909
0 0.4746134281158447 0.732000939639998 0.011026859283447266 0.02218373616536458
0 0.538416306177775 0.7282228352111063 0.011873722076416016 0.017913253219039353
0 0.41762475172678637 0.9323607550726996 0.020159482955932617 0.02885691324869792
0 0.5476614369286431 0.3533969102082429 0.01719045639038086 0.026019649741090375
0 0.5697091685401069 0.8455278373058932 0.010776678721110024 0.012794777199074075
0 0.5027024216122097 0.7143793694766951 0.014682292938232422 0.019550511866440006
0 0.41389689180586076 0.7755672078073761 0.009618414772881402 0.015494499677493249
0 0.5814372168646919 0.8240185961311245 0.007592413160536025 0.015110722294560185
0 0.48802802297804093 0.8256373935275608 0.009881920284695096 0.014868371280623072
0 0.545847495396932 0.8494271643367814 0.011740843454996742 0.01989115020375193
0 0.5974001884460449 0.8411199310679496 0.012603865729437936 0.017248271424093364
0 0.43700758616129565 0.8379334343804254 0.012120246887207031 0.015136812940055942
0 0.484681436392333 0.1846629924579567 0.016381971738937153 0.03155046408980489
