0 0.4615211486816406 0.7274364895290799 0.018759515550401475 0.019476902337721837
0 0.3911748859617445 0.7968146006266275 0.012055900361802842 0.023052121386115933
0 0.5196962886386448 0.8088336049774547 0.02033413781060113 0.028900994194878474
0 0.4161821471320258 0.7280860947973935 0.0149436526828342 0.018675109486521027
0 0.35183715820312506 0.60132485848886 0.011315716637505423 0.02063214337384259
0 0.45978829595777726 0.6879094206256632 0.015988720787896052 0.025998574716073496
0 0.3488825956980387 0.6347164342432846 0.01669878429836697 0.029449698365764852
0 0.47577051114198654 0.6444884790781328 0.01633906348155115 0.030240945500100907
0 0.5206979575483339 0.6901765780814096 0.010175495373807308 0.017241811605618124
0 0.49613489553072015 0.726134655980869 0.012878361332474952 0.018089769553435248
0 0.4509811348094497 0.7454963624560303 0.007154645184708244 0.014415285112894053
0 0.43921571828348477 0.7466269730531202 0.00779061364557144 0.017807116904162968
0 0.4476423003899191 0.7279718982011399 0.010652471719454652 0.016676506307073423
0 0.43388948242375747 0.7138392657375183 0.008585574221649992 0.013849979814348927
0 0.39088211525789957 0.8106477981133253 0.010652471719454652 0.016393853657801005
0 0.4291197189672853 0.8717007703561699 0.009221542682512976 0.01639385365780072
0 0.4150489167706922 0.8442834633767444 0.01001650325859181 0.022046906643249285
0 0.39891121707629446 0.8129090193075047 0.012401384986827822 0.014132632463621207
