0 0.5320743437232519 0.6778720008594233 0.02273156263511389 0.026544918458433528
0 0.4522912389016035 0.7991209034426952 0.018942968862594896 0.02852588252249575
0 0.40315094908746035 0.7846598657750411 0.0245144302927698 0.019413447827809592
0 0.37172790662127353 0.6475771525419362 0.02273156263511382 0.02892207533530808
0 0.4378054391831486 0.7070060744638025 0.02741159023646091 0.03526116034030736
0 0.5075601362889393 0.7101756169663019 0.010920064403143002 0.018621062202184787
0 0.46020271413245195 0.7133451594688015 0.011142922860349956 0.016243905325310094
0 0.44170546218427104 0.7361262462055168 0.008022904459451965 0.021394411891871953
0 0.4027052321730464 0.7442481988681721 0.012034356689177912 0.021790604704684143
0 0.42131391334983076 0.7422672348041098 0.006908612173416984 0.018621062202184787
