0 0.3519153727425469 0.7033860006450134 0.017027616500854492 0.026122858494888115
0 0.3542398346794976 0.6737154736930941 0.016790760887993708 0.024639647683979554
0 0.5255259937710232 0.6719478089132427 0.018281300862630207 0.027362588011188273
0 0.18492915232976276 0.6069060667061512 0.020026882489522294 0.028867698010103204
0 0.45652760399712455 0.6177493672312042 0.014773898654513888 0.024185039378978587
0 0.4956145816379123 0.7029815720923154 0.010020785861545138 0.017243232256100503
0 0.4940652847290039 0.5923014040346498 0.020187589857313372 0.029198069631317516
0 0.46349472469753694 0.6367656801953728 0.01885689629448785 0.023609255567009067
0 0.4098518159654405 0.7234210261592159 0.012270556555853952 0.01824885238835841
0 0.40258236726125085 0.6564387568721065 0.01765788926018609 0.028066187729070217
0 0.47803041670057506 0.8165592617458768 0.0194449954562717 0.035780259120611495
0 0.31435710854000515 0.6416200708459925 0.017948706944783527 0.026813742555217977
0 0.3964856995476617 0.5468831003448109 0.016764322916666668 0.02581024169921875
0 0.42543628480699325 0.7180524990882402 0.020813941955566406 0.026116029715832368
0 0.5480547746022543 0.7490191753999685 0.007996930016411675 0.015614309428650656
0 0.3812038898468017 0.7568708349157264 0.012524233924018014 0.02562779556086034
0 0.36269051498836946 0.7803392057065611 0.014503770404391818 0.027632866376711997
0 0.5731046464708116 0.7360790864920911 0.017295943366156682 0.02186932975863233
0 0.5462319850921631 0.9205061359170043 0.028689331478542753 0.04188010133342979
0 0.5726260874006484 0.7006195916069877 0.017224682701958552 0.026879675594376932
0 0.15154974990420872 0.11870206432578005 0.019466506110297307 0.027004500966013215
0 0.4653691185845269 0.5658340689576703 0.01547654469807943 0.022943143491391784
0 0.48718531926472974 0.7243536254506053 0.011396408081054688 0.01669570546091339
0 0.5303512679206001 0.7382157643636067 0.012613084581163194 0.01927255701135706
0 0.47728472285800516 0.7277815077039931 0.01448286904229058 0.01979347511574074
0 0.17088548373111004 0.5836574749845839 0.017044290632255113 0.02326680943450697
0 0.28304300333800314 0.696474446312368 0.01491375430322325 0.023807898026007166
0 0.5093828771099893 0.6984153201900896 0.009160672841320121 0.018612160693476057
0 0.474609710814366 0.7053948804501428 0.008786767827388787 0.01728272064394176
0 0.46133608281980004 0.7055610604563346 0.008786767827388645 0.016950360631558397
0 0.45413841130161986 0.7032345403696502 0.007852005292560164 0.01827980068109241
0 0.44544511972771406 0.7004094802643902 0.009908482869183076 0.024594640916378835
0 0.44030392578615674 0.6846223796761742 0.010843245404011626 0.01695036063155854
0 0.5922655420673931 0.8518387117389047 0.01046934039008015 0.016618000619174893
0 0.514306346662689 0.8488474716274532 0.016825725626914548 0.0172827206439419
0 0.46457697980980794 0.8503430916831789 0.01645182061298307 0.019609240730626424
0 0.40260222375067267 0.8302353109339774 0.011030197910977363 0.019941600743009928
0 0.3566973854614919 0.3041570951565598 0.013931685183900484 0.022370591263037306
0 0.4132022803015775 0.7521802245006994 0.009945460946346501 0.017244256016710438
0 0.4009853251884728 0.7515253793355079 0.008840409730085739 0.01506143879940538
0 0.5047628388942033 0.7332083032927932 0.012523913784288182 0.03230569481611596
