0 0.40751022762722444 0.7067013022340375 0.017178694407145183 0.021684717248987267
0 0.43951026598612464 0.7037686241997612 0.014962355295817055 0.028652944682556906
0 0.43354164229498965 0.6544640623492959 0.01447825961642795 0.020577984091676313
0 0.4616138670179579 0.7310029959972993 0.012329207526312936 0.019464375060281636
0 0.42123334937625456 0.8246656347204138 0.010309404797024198 0.01986326994719329
0 0.4386957883834839 0.7568159692081404 0.019902679655287 0.02410700291763117
0 0.4385746320088705 0.756595022884416 0.0186817381117079 0.022139890694323882
0 0.14156408399710357 0.7466409204280311 0.018102824040550337 0.02832086249899433
0 0.4676539414827131 0.884831969443447 0.010936085859085197 0.025663348149319917
0 0.3786342025897598 0.8416708839195909 0.01137352929344857 0.021774962066089643
0 0.45474936016899264 0.8467257858277901 0.013123303030902207 0.01633122154956709
0 0.44600049148172444 0.829616887061577 0.013998189899629025 0.016331221549567232
0 0.5125637493023916 0.711440932767086 0.009686937081734612 0.01676803143972762
0 0.4980333436797897 0.7284355592262693 0.007647581906632581 0.015408461322992792
0 0.4487064403820098 0.7307015094208273 0.014020566828826304 0.017221221478639137
0 0.1556842867487328 0.21819937243543322 0.01882693700217235 0.029608174430766746
