0 0.3860093090269301 0.6275307690655744 0.02390636338127984 0.03027169498396508
0 0.15536353985468548 0.23944985425030743 0.022204624281989202 0.03367009574984327
0 0.05053907798396216 0.10788925194445952 0.011535998847749498 0.017174720764160156
0 0.5358492268456353 0.6444971531997493 0.022322283850775823 0.031948890215084874
0 0.6002158323923746 0.6700807736243732 0.014891359541151259 0.025762958291136187
0 0.3558993339538575 0.6274011400010852 0.01780525843302409 0.025800445933400848
0 0.05737125542428759 0.2270017906471535 0.01792508363723755 0.02927212656280141
0 0.42114861806233717 0.4485054487063561 0.015770912170410156 0.024298397111304014
0 0.41530635621812606 0.6493833800892772 0.016682730780707464 0.022514955497082368
0 0.4631427394019233 0.5645814354037061 0.018353409237331815 0.0244328534161603
0 0.36642727586958146 0.7010656286168983 0.01323337025112576 0.02062291274836034
0 0.5078811645507812 0.7447098626030815 0.014130062527126737 0.023256184142312886
0 0.4695936308966742 0.4294157852361232 0.013529353671603732 0.023156766538266784
0 0.5947703785366483 0.5070456987545814 0.020070287916395403 0.03152079641083141
0 0.4820063379075792 0.712974265769676 0.01941076914469401 0.022340374228395063
0 0.467569801542494 0.6906694247398846 0.014228873782687716 0.025746898886598188
0 0.347675085067749 0.5632380026358146 0.012056880527072482 0.022104663613401812
0 0.3813707166247897 0.5774739347858194 0.017132732603285048 0.025071838755666473
0 0.4900999334123399 0.587659341317636 0.023998737335205078 0.028044335636091818
0 0.47219790352715385 0.6647698437726056 0.013438224792480469 0.016737149085527585
0 0.5679111480712891 0.7827324572904611 0.017835087246365018 0.02653691798080633
0 0.4088644319110447 0.7251306227695794 0.012268940607706703 0.017921353563850308
0 0.4892820517222086 0.54887001602738 0.010429965125189889 0.016618469615041473
0 0.1940539081891378 0.6223340917516638 0.019460320472717285 0.02770628752531829
0 0.24138257238599986 0.04763282669915093 0.020832591586642794 0.029516720477445624
0 0.41388185818990064 0.814403392650463 0.01447831259833442 0.017888763804494598
0 0.44144550959269213 0.7492405455789448 0.011812210083007812 0.02364886248553241
0 0.37337325678931343 0.7709747832498433 0.012525002161661782 0.02441476892541956
0 0.5470028188493516 0.725663126250844 0.011318259769015841 0.013727635513117281
0 0.4964543183644613 0.7304858454951534 0.011823707156711154 0.014419744044174383
0 0.4314053720898099 0.6913810070650078 0.015290445751614042 0.020997694980951002
0 0.5178036159939237 0.721923781029972 0.010454813639322914 0.016949123806423612
0 0.07992540134323968 0.5733773737777897 0.014299452304840088 0.019944320490330826
0 0.42636242177751327 0.7043599493709611 0.02242626084221734 0.03352313571506076
0 0.19369653198454118 0.6215123541561174 0.019473089112175837 0.031191649260344328
0 0.5226762029859755 0.7584263130470558 0.009210162692599826 0.016891055636935763
0 0.5346535841623942 0.7519067599449629 0.00855398178100586 0.013754338393976656
0 0.5346197287241617 0.7221194373236763 0.009206083085801866 0.014734197545934606
0 0.5379847155676948 0.7383553069314839 0.009524716271294488 0.013770915843822338
0 0.4706405003865559 0.8652178917402102 0.009339332580566406 0.01576006854021991
0 0.4736243618859185 0.7340944549183785 0.010856151580810547 0.015337814519434799
0 0.449800517823961 0.7202426062689888 0.012818919287787545 0.02071328810703607
0 0.4973284933302138 0.6969836906150536 0.008706304762098525 0.015084396173924576
0 0.34278527895609534 0.6729909637827933 0.014737394120958116 0.022227722921489196
0 0.6136404938167995 0.8351631164550781 0.007702668507893879 0.012465959713782792
0 0.392123712433709 0.734736218864535 0.009426090452406142 0.016578580126350308
0 0.38580142987722454 0.7660279496954252 0.019401187614633598 0.02259755185765755
0 0.34524291266559815 0.6910992251147714 0.016892413354120707 0.023192224274964417
0 0.435105082581632 0.8038484400944358 0.008195329251009085 0.018137508727856612
0 0.36437348587678015 0.353274686664623 0.009005856319790126 0.01486681043266941
0 0.37067758530063327 0.36310965356623515 0.011836268306009928 0.015324250753674704
