0 0.4576392968495686 0.6738631637008102 0.022158145904541016 0.025563086992428628
0 0.42039594385359025 0.6716608353603034 0.019161356820000544 0.026551187774281438
0 0.3899465004603069 0.7389407687717013 0.009153816435072158 0.018501187548225308
0 0.5415737099117703 0.6951697314227069 0.011300775739881728 0.021207503330560377
0 0.40833518240186906 0.6294808799837842 0.012433528900146484 0.020492318235797648
0 0.46647299660576713 0.7052839302722319 0.015161726209852431 0.02122563491632909
0 0.4457735882865058 0.7349338766969281 0.011543300416734483 0.021576775444878474
0 0.5285459094577366 0.7227281876552252 0.020187271965874568 0.02749073358229649
0 0.4887498219807942 0.7133859940517097 0.016025543212890625 0.024359290982470097
0 0.4197470479541354 0.6957350365909529 0.015795522265964083 0.018627402223186727
0 0.3655992481443617 0.7763397781937209 0.010717206531100802 0.019968480239679783
0 0.42956321769290495 0.7387931494065272 0.00870664914449056 0.01459997671621817
0 0.4625869062211778 0.7377279069688585 0.010276105668809678 0.018527231098693094
0 0.41775923305087614 0.7469808083993418 0.009224255879720053 0.017902562647690006
0 0.4103291034698486 0.7276880005259574 0.012770493825276695 0.018148398693696954
0 0.36203319496578634 0.7326785193549261 0.010862112045288086 0.01902907571674865
0 0.4360322952270508 0.7648492977942949 0.009307914310031466 0.019336088204089507
0 0.4722020626068115 0.7240977110686125 0.011022514767116971 0.015544232027030284
0 0.4739678435855442 0.734913084242079 0.013960997263590492 0.03576985111942998
0 0.3772628530050688 0.3282645426019792 0.026068066618392435 0.048917853407353745
0 0.48365023158191944 0.23053716994048304 0.02195905431733678 0.033461416102608436
0 0.4207140134045524 0.45605317221535463 0.017645668647859977 0.024398949241485324
0 0.28037006851599666 0.6563317345959555 0.01333228297838307 0.02997585192525335
0 0.10195275218763517 0.612413625961282 0.015685038798097732 0.0313700775961955
0 0.4344755747073068 0.8442036437553927 0.012548031038478201 0.01812493372224637
0 0.3817346317487032 0.8344440640587985 0.012940157008430547 0.02091338506413024
0 0.37987495298859464 0.733745989114372 0.00853133430080618 0.018856042178358193
