0 0.4294384055667453 0.813458996054567 0.0176643795437283 0.030186876838589893
0 0.49389309353298605 0.7170012909689066 0.017577171325683594 0.02009634324062018
0 0.4933258692423502 0.7170455367476852 0.017323599921332464 0.020557827419704862
0 0.12829050300102515 0.7124250167976552 0.01402772408688259 0.031020658143350203
0 0.34402137974049907 0.7764288258820876 0.009237769520630011 0.02615467255223649
0 0.47728475856588387 0.8530680989421293 0.008895629908754827 0.024938176154458206
0 0.44409721621399084 0.8427278795610127 0.011632746803756432 0.016422701370008924
0 0.3879863198664604 0.8348206529754526 0.012317026027506657 0.021288686961122637
0 0.37823534092801764 0.8375577698704543 0.011974886415631474 0.023113431557790137
0 0.4586381497186862 0.7000936769214907 0.011974886415631616 0.019463942364454853
0 0.4555588932118097 0.7122586408992752 0.011290607191881108 0.019463942364454853
