0 0.3957286675771077 0.3119782106375989 0.019668685065375432 0.02756844037844811
0 0.37106076876322425 0.7371608828320916 0.014031675126817491 0.025029641610604746
0 0.4474245839648777 0.6749421343391323 0.019647147920396592 0.025640558313440392
0 0.4799933698442247 0.7461974767991054 0.015712579091389973 0.02578617613992573
0 0.4513969421386719 0.3306465148925781 0.016447491115993924 0.02676688300238715
0 0.4227530293994479 0.6627754635281033 0.02135581440395779 0.030219796263141398
0 0.45013180043962264 0.7166615003420983 0.011614349153306749 0.020471973183714312
0 0.467417319615682 0.6953219661006221 0.012300650278727211 0.023952907986111112
0 0.4332700967788697 0.6369713677300347 0.014939228693644203 0.022455474476755402
0 0.46680921978420686 0.6350750157862534 0.013326327006022133 0.02286251680350598
0 0.017182812922530703 0.24370205255202304 0.015930081407229107 0.0262181317364728
0 0.3477389150195651 0.645915702537254 0.020022577709621854 0.027237315236786266
0 0.38545876079135466 0.5434122674259139 0.021595213148328997 0.02765726160120081
0 0.47931838035583496 0.6351126918086298 0.011623859405517578 0.01985926686981578
0 0.4922259648640951 0.6413329324604551 0.014180077446831595 0.019966031298225308
0 0.44094154569837785 0.7148433261447482 0.010720358954535592 0.020922437126253857
0 0.30432739522722035 0.7178034370328173 0.01908988422817654 0.024256482536410107
0 0.2736084593666924 0.6281101320996697 0.018234226438734267 0.024816960464289158
0 0.5040249824523927 0.5414391505865404 0.018329302469889324 0.022869816532841435
0 0.3081700801849365 0.2881484326021171 0.020398192935519747 0.025070002049575615
0 0.4077939192454021 0.6194177321445795 0.013038158416748047 0.023674858940972224
0 0.5333078437381321 0.7480561056254822 0.014720122019449867 0.018551390848042054
0 0.35535583231184215 0.6258315569088783 0.01909306314256456 0.023781953034577547
0 0.18198053042093915 0.8129442003038195 0.016494936413235135 0.024519366982542437
0 0.48208957248263884 0.5373531624122903 0.018635008070203993 0.023122387167848188
0 0.37651251422034365 0.46347363789876306 0.016841014226277668 0.022879565203631366
0 0.5402331882052952 0.8359748463571808 0.011717266506618924 0.01727869481216242
0 0.46058408419291175 0.7620422457471305 0.015429761674669053 0.02505775734230324
0 0.4780803786383735 0.4496250623538171 0.013224813673231337 0.017657668502242478
0 0.5028726789686415 0.7452584725839121 0.012566036648220487 0.020052403579523533
0 0.2690597242779202 0.7167319074089145 0.01801964971754286 0.03315871438862365
0 0.5054385397169325 0.657568802068263 0.018969429863823786 0.02440577377507716
0 0.20637017488479614 0.6320294274224176 0.019882056448194716 0.02729510083610629
0 0.48761611514621306 0.7084836606626158 0.013489829169379342 0.020184363847897378
0 0.4910020298428006 0.4803861924159674 0.012672000461154513 0.02237635482976466
0 0.35543722576565207 0.6251363401059751 0.018019305335150823 0.021086516203703703
0 0.5115229023827447 0.8638265162338447 0.013449827829996742 0.017544593340084878
0 0.5024124516381158 0.7439985863956404 0.015279081132676866 0.022362791461709105
0 0.5054713355170356 0.6575988016010801 0.019273863898383245 0.024739018192997685
0 0.5023651844843898 0.14333017975402082 0.020222327341532634 0.027436140018921477
0 0.32408638502867276 0.680987711812713 0.01602052586275157 0.02305599489242567
0 0.34358972368857976 0.7447234232680658 0.01063350710528617 0.025952966494257622
0 0.27169511798675994 0.8593413297409986 0.01712174872885054 0.018583605637863484
