0 0.41485088401370573 0.7371274218147184 0.021442015965779618 0.026378113546489196
0 0.4534005324045818 0.65054483766909 0.023314952850341797 0.025785799379701966
0 0.4647862381405301 0.6868866108081959 0.01990440156724718 0.03180906507703993
0 0.5321404669019911 0.740139454971125 0.016178554958767362 0.024301740858289934
0 0.37822420067257356 0.6145874070532528 0.016831530465020075 0.023523919376326193
0 0.35110931926303435 0.6824257462112991 0.015057510799831815 0.024474909276138115
0 0.22804288731680977 0.1433894545943649 0.021267586284213595 0.031193438871407214
0 0.551111618677775 0.7237735559910904 0.017229345109727647 0.0225876702202691
0 0.35641308625539136 0.7244506883032529 0.019480466842651367 0.028458913167317704
0 0.5753925906287299 0.647944297319577 0.02247646119859483 0.03269454579294464
0 0.18749171495437622 0.14077790578206384 0.026094290945265032 0.04031770023298852
0 0.48945132891337073 0.6579504837224514 0.0239212777879503 0.025030112560884454
0 0.4449533621470134 0.7333766089545357 0.014732731713189017 0.025167159092279127
0 0.4193589952256944 0.6564471162395713 0.011875046624077689 0.022207613344545716
0 0.4193308353424072 0.4625411327974296 0.01728110843234592 0.026122670114776234
0 0.543508768081665 0.3357385352805809 0.014490074581570096 0.030371936751000674
0 0.5038900640275744 0.7012785687858676 0.017474121517605253 0.021066124056592403
0 0.5185921986897787 0.7148704057858315 0.014399210611979164 0.02149369981553819
0 0.48825698428683817 0.48551564157744986 0.014664649963378906 0.02795664469401042
0 0.39405504862467444 0.7734897754810475 0.013608296712239586 0.018893583321277007
0 0.40026206440395784 0.6672583215030623 0.016476101345486112 0.028328883795090666
0 0.107322624556979 0.6311286782932813 0.01552247896866092 0.02759551816650813
0 0.6285082170644077 0.7004391816969604 0.01826173996313038 0.027595518166508272
0 0.6137466439275439 0.7009802702884608 0.017348652964973964 0.029759872532508922
0 0.46597873139254636 0.5235032122764074 0.014000667305066656 0.024348986617507364
0 0.4733369938134778 0.7198383492238944 0.007632345187984839 0.016375913047017434
