0 0.4984612464904785 0.6576838552215952 0.0220847659640842 0.030458144199701002
0 0.3778205182817247 0.6852923970163605 0.016311751471625432 0.023114569393205057
0 0.04762065741750929 0.59041557782962 0.018422040674421523 0.028326152283468364
0 0.2699047327041626 0.6380559191291716 0.016264677047729492 0.023234143669222607
0 0.41025265057881677 0.6696606153323327 0.024860276116265193 0.032960067560643326
0 0.6037709448072645 0.3231796923978829 0.02166493733723958 0.030990365110797648
0 0.23479827245076496 0.13019790767151634 0.01627937952677409 0.026390511312602477
0 0.4592761463589139 0.6050788973584587 0.01239861382378472 0.022497860001929014
0 0.26855597231123185 0.19866683159345463 0.01366824573940701 0.02554968845697097
0 0.43331950240665007 0.7562862914285542 0.014094167285495333 0.022973896544656636
0 0.3721535868114896 0.7705447820969569 0.02203769154018826 0.024956879792390047
0 0.47220749325222444 0.7577859854992525 0.010867966545952689 0.017923048984857252
0 0.2505444420708551 0.6813420189751518 0.014167997572157118 0.026544311900197723
0 0.38443957434760195 0.48948219676076626 0.02116330464680989 0.02947522387092496
0 0.45145302348666716 0.761824784455476 0.013090716467963327 0.018539004855685763
0 0.4681873321533203 0.6071719416865595 0.014434072706434462 0.022186656057098766
0 0.44885717497931593 0.6683618286509574 0.012737645043267142 0.02173336641288098
0 0.611071957482232 0.48442868833188657 0.01592837439643012 0.02688457347728588
0 0.368859158621894 0.6512880443054954 0.01659838358561198 0.02273215776608314
0 0.48683436711629235 0.7635442945692275 0.013748804728190102 0.02003959373191551
0 0.4675536155700684 0.7144739833878881 0.010932816399468314 0.014605628119574655
0 0.32186125384436715 0.7260992262098525 0.020242664549085833 0.04092265941478588
0 0.3076898256937663 0.7516834353223258 0.014602396223280165 0.019560213442201966
0 0.5172712537977431 0.7454546704704379 0.01138072543674045 0.013862892433449075
0 0.5676481988694932 0.8156306419843509 0.013416820102267794 0.018449665587625386
0 0.517029391394721 0.7263010284047067 0.010879622565375436 0.01715784897038966
0 0.5438167519039578 0.6624107596314984 0.011797428131103516 0.01827451917860243
0 0.5292806625366211 0.759916517469618 0.010588539971245658 0.014393370828510802
0 0.3934493197335137 0.7603026496039496 0.018342998292711046 0.0267721105504919
0 0.2041607035530938 0.09332726914205669 0.01259703106350369 0.019945321259675203
0 0.4555317031012641 0.8249909200786072 0.010267045762803819 0.016982655466338734
0 0.5412950780656602 0.7272826300726996 0.010541862911648221 0.01957777988763503
0 0.44404926564958364 0.6276515442648051 0.01981255743238661 0.030692206488715276
0 0.5499581495920817 0.727230731351876 0.010801368289523654 0.01694488525390625
0 0.4438515769110785 0.6275305571379485 0.020510249667697482 0.03044495759186921
0 0.4184967544343736 0.6899520732738352 0.012328492270575631 0.018513479350525656
0 0.4844108687506782 0.721405029296875 0.010776943630642362 0.014704668963396991
0 0.39195659425523544 0.7626472991189839 0.020099533928765193 0.03000080438307774
0 0.35910871293809676 0.8393290013442806 0.013181368509928383 0.017063093774112654
0 0.45004284381866455 0.7407762268443165 0.012412998411390517 0.013802186942394868
0 0.5235184828440349 0.7709727817111545 0.013797177208794486 0.017033800666714893
0 0.48512490590413404 0.8473948725947628 0.011315451727973092 0.016655439211998458
0 0.5083898703257244 0.7346951755476587 0.012716664208306205 0.01561864217122396
0 0.5709519651201036 0.8425884482301312 0.011931366390652128 0.01587818287037037
0 0.5402193864186604 0.8702865883156105 0.012403541141086154 0.01605912196783372
0 0.3692654636171129 0.6514861024456259 0.01616676648457845 0.022225368170090666
0 0.32802307119147883 0.21450635335326454 0.016530074949339096 0.017142299947462726
