0 0.37064373493194575 0.7498788715880594 0.00949798689948188 0.02038037335431134
0 0.5230100419786242 0.6854537210346741 0.015113512674967446 0.02395554530767747
0 0.4533923467000325 0.7693035690872759 0.015000449286566842 0.022882861855589312
0 0.36897179815504283 0.6554420141526209 0.020941310458713107 0.030371724823374812
0 0.4471568928824531 0.7304709163712866 0.01246423191494412 0.017986062132282023
0 0.4677173561520047 0.7494231800974152 0.02292437023586697 0.030621375566647378
0 0.46154032813178164 0.6761881510416667 0.014212184482150607 0.02251622706283758
0 0.43396461009979254 0.6879228427086348 0.012742439905802407 0.02433781564971547
0 0.5160138607025146 0.712925804985894 0.008725643157958984 0.015992341218171297
0 0.42260709898011145 0.835170240980501 0.010652681645159489 0.023266809434506968
0 0.4833273843575202 0.8373345953465016 0.009739594647002931 0.016773746336505156
0 0.47008762288425077 0.8440982027402538 0.011261406310597195 0.01515048056200456
0 0.4480213537621347 0.8300298993612495 0.012174493308753753 0.02056136647700626
0 0.376496205573207 0.8394989497125022 0.012174493308753753 0.021102455068506457
0 0.40767559739319337 0.6475179016815511 0.00724112961622005 0.02574623863544943
