0 0.37135982513427734 0.6691359531732253 0.01813220977783203 0.024748813958815584
0 0.48844541443718803 0.645050143018181 0.019543912675645616 0.025002467779465666
0 0.12048529916339451 0.690088954972632 0.017253306176927354 0.025346167293595682
0 0.4021157688564725 0.6298163143205053 0.01872449451022678 0.029374770176263502
0 0.28164035744137234 0.27384610823643063 0.024013121922810868 0.03404200518572772
0 0.39018400510152185 0.7669619572015456 0.021667162577311203 0.02799935988437982
0 0.4213894870546129 0.58072375073845 0.014936579598320853 0.024469540442949456
0 0.4207665522893269 0.747974701869635 0.0191957950592041 0.027429227475766784
0 0.4844627910190158 0.6167520593713831 0.014952235751681857 0.02650395146122685
0 0.49011972215440536 0.5060191919774185 0.014794455634223092 0.026642646318600503
0 0.3784599304199219 0.7336469344150872 0.01647382312350803 0.02430437817985629
0 0.13265324963463676 0.6312330740469474 0.013731982972886827 0.025142716772762346
0 0.43845903873443604 0.7412400657747998 0.009255223804050021 0.018791340015552663
0 0.5254421763949924 0.7368224108660664 0.011640654669867623 0.015523698594835069
0 0.3858013947804769 0.6888328834816261 0.023393789927164718 0.029622301643277393
0 0.37366326649983717 0.4483313619354625 0.01621866226196289 0.021092779842423807
0 0.5158027013142904 0.7569868770646461 0.011618402269151475 0.015362021363811729
0 0.4016899267832439 0.8466296725802951 0.01014301511976454 0.016123265395929783
0 0.3228679630491469 0.8619859954457225 0.011664258109198678 0.017662990240403163
0 0.41278276178571915 0.6740275018009139 0.014301538467407227 0.01969980310510706
0 0.3886096742418077 0.7467485828164182 0.010854403177897133 0.015518706521870177
0 0.48992090755038786 0.8648598282425491 0.013103114234076608 0.01717188328872492
0 0.5144009590148926 0.721482053215121 0.009927219814724393 0.014031633918668017
0 0.5356756846110026 0.750372921978986 0.010056707594129775 0.012188617094063466
0 0.3868131770028008 0.6879401265838999 0.024190717273288302 0.03020896440670814
0 0.5206549962361654 0.9605098300509983 0.016963640848795574 0.031098636580102236
0 0.5840171178181965 0.8583110762231145 0.00867568122016059 0.011060267318913969
0 0.3221456607182821 0.8262950284981434 0.011600150002373587 0.0178347929024402
0 0.40099974473317457 0.7987396569899571 0.011291742324829102 0.02162985154140143
0 0.4652005831400553 0.7258032575065707 0.011252721150716148 0.01509164880823206
0 0.4359746376673381 0.8412686100712529 0.010823965072631836 0.014361440399546682
0 0.40876400470733637 0.6642449225908444 0.01570900281270345 0.022014712109977817
0 0.5238968266381158 0.7083245265631029 0.00791841083102756 0.013208083164544753
0 0.48418500688340926 0.850913577609592 0.009467230902777778 0.012296040852864586
0 0.5806548065609402 0.8255834697205343 0.008057647281222872 0.013481045946662808
0 0.3890459802415636 0.7448626859688465 0.010464403364393447 0.016118367513020832
0 0.25343836678398984 0.8246502346462674 0.01763794157240126 0.022969940562307098
0 0.2818187872568766 0.2738466498292522 0.022911124759250216 0.03386516335569782
0 0.09855252991645255 0.18024429083517696 0.020647620806505066 0.02753016107534009
0 0.10879030856634465 0.19523293408730658 0.015657779111599678 0.02202412886027204
0 0.24338383025667845 0.4313058568469947 0.017034287165366636 0.022635910217501803
0 0.2900990723313962 0.3968931555028196 0.013076826510786503 0.016212205966589153
0 0.23865208382185435 0.5611564499190154 0.014797461577995356 0.025388926325035897
0 0.30546151175613995 0.5637069452892868 0.014313074897376233 0.021663032277109976
