0 0.49577167299058705 0.26006620901602284 0.014091703626844618 0.022274817949459878
0 0.4905664920806885 0.6378817381682219 0.015712049272325303 0.02769211192189911
0 0.46507064501444495 0.7127507998619549 0.01584249072604709 0.021704120400511187
0 0.44726587666405565 0.678532612176589 0.014122353659735788 0.024275461832682296
0 0.39380268255869544 0.8076972019525224 0.012782759136623807 0.0185214384102527
0 0.49141134156121147 0.603200677000446 0.018022272321912978 0.02591229662483121
0 0.5085302193959553 0.7151190204384885 0.008349471622043185 0.013775389871479552
0 0.44190708796183265 0.8118735419379342 0.019120746188693576 0.022023895640432098
0 0.45888121922810865 0.6661653871889467 0.016722467210557725 0.02266768467279128
0 0.4690509902106391 0.7533622082368828 0.01069376203748915 0.017146546163676696
0 0.5253800021277534 0.7542131918447988 0.016929891374376085 0.025451236300998263
0 0.5559489727020264 0.7051656275619694 0.01160658730400933 0.023205321512104554
0 0.36965174360037634 0.5985096184836162 0.017159335039837843 0.027875701367399374
0 0.3845921991092008 0.6973894648434478 0.01449667960262161 0.029979527885693642
0 0.4985534498177418 0.7395710412175519 0.007967908773198147 0.01590475357457109
0 0.49268235914275366 0.727766731923925 0.006010878548202143 0.013171124053941411
0 0.4720636478436883 0.7339795262889919 0.008666848139268168 0.015159218250763188
0 0.46199892097228 0.7337310145143893 0.00922599963212413 0.017147312447584398
0 0.5200108883560912 0.7153411431937914 0.0072689694071280545 0.012674100504736288
0 0.45200408803747893 0.8428276835649623 0.010763666237478233 0.01814135954599493
0 0.4541009061356889 0.8281654888634046 0.014398150941042331 0.01168005340632547
0 0.39525021151259365 0.830153583060226 0.013559423701758248 0.010686006307914796
0 0.3904974238233176 0.862708625533176 0.00936578750533819 0.01863838309520048
0 0.3710669094465711 0.8559988076189038 0.011043241983906285 0.01863838309520034
0 0.3769380001215592 0.834999562664978 0.009645363251766171 0.013916659377749597
0 0.36093228863855586 0.8389757510586208 0.010064726871408282 0.01838987132059785
0 0.28081979229264303 0.8468919753553292 0.01636815143092047 0.03625441191256698
0 0.3594414805782628 0.4148314257782879 0.011879453493833054 0.01698231152383002
0 0.6012693192532912 0.2054351790401239 0.013654643267775554 0.0258310060678145
