0 0.4037571880552504 0.648170942141686 0.018217060301038954 0.02277232982494213
0 0.4209797117445204 0.6145567952850719 0.012220382690429688 0.019302792019314237
0 0.43528008460998535 0.5715709733374326 0.014807171291775174 0.023819252296730323
0 0.4748387071821425 0.6580954657660589 0.017471896277533636 0.021244001977237654
0 0.3888770871692234 0.618257216465326 0.010201109780205619 0.018951416015625
0 0.5170595116085477 0.5393951557300709 0.018984741634792753 0.030694890905309608
0 0.4317962858412001 0.6670972329598885 0.017173873053656682 0.026136657338083527
0 0.485005776087443 0.7053627438015407 0.01925071080525716 0.018819031891999422
0 0.3469132714801364 0.5483965932587046 0.013675981097751193 0.020819299014998068
0 0.43562188413408065 0.7286027272542317 0.008222818374633789 0.014410937273943866
0 0.43465435504913336 0.6957796355824413 0.016908566157023113 0.022118650836709105
0 0.49200428856743705 0.9127698356722608 0.01432567172580295 0.019525221836419752
0 0.4818016952938504 0.6929244524166908 0.016963058047824435 0.016352712372202934
0 0.5317438443501791 0.7205299094871238 0.01556661393907335 0.018964979383680556
0 0.3395560847388373 0.6151378066451461 0.013471921284993492 0.02212180620358314
0 0.4234147601657443 0.7230095333523221 0.01207060284084744 0.01737142492223669
0 0.3774516979853313 0.7240740929120854 0.010690927505493164 0.020237863799672063
0 0.3661130401823256 0.7048041732222946 0.009190903769599067 0.02093920295621142
0 0.6142897340986464 0.8367739076967594 0.010099569956461586 0.019912154586226853
0 0.44926296340094674 0.6861698480299961 0.009866873423258463 0.017751811463155864
0 0.5522197882334391 0.7255696426203221 0.008999347686767578 0.012072245279947914
0 0.4464910957548353 0.8492875746738764 0.00952103402879503 0.015665784294222607
0 0.5048697524600559 0.758753858966592 0.010171307457817923 0.018699975661289545
0 0.48240465588039816 0.7413372228175034 0.01255162556966146 0.016367264735845873
0 0.5579224162631565 0.7354317653326339 0.010723008049858939 0.016865483036747685
0 0.5350604057312012 0.7476711273193359 0.009449323018391928 0.018043188401210455
0 0.42320217026604545 0.7227249616458092 0.012670516967773438 0.017833285861545138
0 0.4517064612166804 0.7066304149058942 0.0077558627192392746 0.010472050928930656
0 0.4449312638429374 0.7979702807845089 0.012959163024551685 0.01500993966480067
