0 0.4503277407752143 0.6791714091359832 0.019470373789469402 0.025835249159071184
0 0.3558450010087755 0.5755881792233314 0.018728097279866535 0.025657842188705635
0 0.4429882367451986 0.4530112419599368 0.01861466301812066 0.026348867534119406
0 0.41371840900845 0.6631865560272594 0.014892154269748263 0.02408114774727527
0 0.4740202162000868 0.6904893098054109 0.0116477542453342 0.018710854612750773
0 0.360731840133667 0.7485507211567444 0.014373567369249132 0.019785233485845873
0 0.40778683291541207 0.7245339287651911 0.016053862041897245 0.018594435703607252
0 0.4915205107794868 0.9138363496756848 0.013573116726345487 0.01984339584538966
0 0.5468336476220025 0.7290541566448447 0.010556062062581383 0.014125400119357638
0 0.43471153577168775 0.611679901311427 0.012486457824707031 0.020834322328920716
0 0.6144596470726861 0.8369177830072096 0.010035249922010634 0.019159858609423226
0 0.5369324419233534 0.7473652451126663 0.010433673858642578 0.01965054170584973
0 0.38044586446550155 0.7053702790060161 0.009323994318644205 0.01961606814537519
0 0.46464265717400444 0.7220761098979431 0.00993045171101888 0.013298364333164545
0 0.5675380494859484 0.8411118307231383 0.013432184855143227 0.015492192021122685
0 0.40843902693854434 0.6939746244454089 0.008958869510226779 0.013895482192804781
0 0.41023288832770455 0.7467477586534288 0.010655350155300565 0.013621294939959491
0 0.4956362247467041 0.7282054335982712 0.009259170956081815 0.015141381157769095
0 0.45679746733771426 0.7206953072253569 0.009930663638644747 0.014798482259114586
0 0.49409712685479057 0.862192271668234 0.010724809434678819 0.0168179170584973
0 0.4495135413275825 0.855849324921031 0.012538697984483507 0.022766019091194058
0 0.47504920429653585 0.7585871425675758 0.01230478286743164 0.01528511518313561
0 0.5167853037516276 0.7672866067768616 0.012701564364963107 0.019403528284143517
0 0.4820708698696561 0.7382966736216603 0.012861039903428819 0.018504437105155286
0 0.5270757410261366 0.7431271870930989 0.00977998309665256 0.013915733054832175
0 0.4878931575351291 0.7216833373646676 0.011235555013020836 0.015223797456717784
0 0.40496065881517196 0.7071139488691165 0.010499954223632812 0.013466540678047841
0 0.439314709769355 0.8695326911078558 0.012561215294731986 0.02298567030164931
0 0.42221811082628036 0.7246559048876351 0.009879112243652344 0.017359321500048226
0 0.3467662485071733 0.7556167887161733 0.013289646140934863 0.022879952186498256
0 0.5026983516573612 0.7490697389753583 0.017206594477210402 0.016413878742487925
