0 0.355929864777459 0.6101299803933979 0.022450102700127497 0.02565577000747492
0 0.4786550998687744 0.7270983943232784 0.018373436397976346 0.030537263846691743
0 0.49441234270731615 0.6933954026963975 0.013437006208631728 0.02259967945240162
0 0.023934728569454618 0.19233409269356433 0.01809183094236586 0.026200376910927855
0 0.3697493208779229 0.7760423966396003 0.013409217198689781 0.023818640061366705
0 0.5104663636949327 0.548405729694131 0.013749652438693576 0.021850114987220292
0 0.382708748181661 0.6319948125768591 0.015785773595174152 0.023841434054904513
0 0.3897376590304904 0.71515205760061 0.013674471113416884 0.024957868787977434
0 0.28771886560651994 0.6908197285216532 0.014356374740600586 0.02423039189091435
0 0.5082715087466769 0.7025315320050275 0.009961711035834419 0.019417044557171102
0 0.5387779871622721 0.7519760131835938 0.013485166761610243 0.01951881691261574
0 0.4356590244505141 0.7063951139096861 0.008849965201483833 0.018000426115813078
0 0.36756320794423414 0.6891763475206164 0.01707890298631456 0.027672096535011573
0 0.4417686859766642 0.5603713518307533 0.012546459833780922 0.021524123203607252
0 0.4089374542236328 0.7443213286223235 0.016942448086208768 0.022899392210407023
0 0.4354032013151381 0.7578103336287134 0.010477675331963431 0.016644136405285493
0 0.37643558449215353 0.38404017318913963 0.01278233528137207 0.026468159239969136
0 0.4552039570278592 0.4836430961703077 0.013853920830620658 0.021464595088252315
0 0.4554771847195096 0.7145523024194034 0.011454158359103732 0.021350860595703125
0 0.4127279784944322 0.7115933218120056 0.01952375306023492 0.023251333354431906
0 0.423985653453403 0.7372279226044077 0.009702285130818685 0.01627283920476466
0 0.3242260615030924 0.6752290137020158 0.01478523678249783 0.022014853395061727
0 0.48821634716457796 0.8250932104793596 0.009480052524142794 0.015663241162712192
0 0.4940419991811117 0.517038510169512 0.017341348859998915 0.029846662356529708
0 0.46973493364122176 0.8575042912989487 0.012850867377387155 0.01791871624228395
0 0.5276917086707221 0.8524872579692322 0.01051473617553711 0.01716123981240355
0 0.42520128356085884 0.4532616697711709 0.012802071041531034 0.023375146182966818
0 0.42569073041280103 0.8352669609917536 0.01261817084418403 0.018721403899016203
0 0.46992577446831596 0.7910503104881004 0.009760856628417969 0.018456494366681134
0 0.44081691900889075 0.829759998086058 0.011894040637546115 0.02010533839096258
0 0.36762294504377574 0.6909070662510247 0.01712610986497667 0.027365649188006366
0 0.2938568989435832 0.6267237957612967 0.014906485875447593 0.024247299005955826
0 0.33104451497395837 0.7483770111460746 0.013745360904269747 0.023923426498601467
0 0.030075334012508392 0.8301072297272859 0.01381930543316735 0.023265320577739196
0 0.3946730825636122 0.858612201831959 0.013855192396375868 0.01817670280550733
0 0.2940944698121813 0.6270920317849995 0.01399954160054525 0.023824385654779127
0 0.4513660271962484 0.7306536921748409 0.010470761193169486 0.018069608711902007
0 0.49434079064263237 0.5175255198537568 0.01646974351671007 0.030037773980034724
0 0.55722533331977 0.8598573943715038 0.010860019259982638 0.022102167576919365
0 0.4553833802541096 0.7135802374945746 0.009944544898139106 0.017539695457175927
0 0.4124861425823636 0.7113505233953029 0.019119448131985135 0.023947068202642748
0 0.4742215474446615 0.6620533319167149 0.009879748026529947 0.019377720208815587
0 0.6055488321516248 0.8517678343219521 0.01313553916083442 0.01774371111834491
0 0.5814018249511719 0.8238561653796537 0.008145226372612847 0.015197471336082175
0 0.5914585855272081 0.8526089044264805 0.010000228881835938 0.01369890754605517
0 0.5985966258578831 0.8344575858410493 0.010019514295789931 0.015872719847125773
0 0.4240084091822307 0.7373364060013382 0.011201620101928711 0.016903111964096256
