0 0.514687564637926 0.7152813334523894 0.015239874521891274 0.03145509884681231
0 0.38306811120775014 0.7622981836766373 0.010019249386257596 0.0173539055718316
0 0.5267773999108208 0.5783185841124735 0.02477227316962348 0.03369993045006269
0 0.35340302520328093 0.639409383138021 0.014154301749335397 0.028612584243586033
0 0.49201801088121205 0.6859829985065224 0.021794743008083768 0.027210800736038775
0 0.3823781808217366 0.8078763043438946 0.01305034425523546 0.01803362811053241
0 0.37304159005482984 0.6640686459011502 0.013156917360093858 0.021619302255135996
0 0.4252558284335666 0.7542174068498023 0.015762170155843098 0.026345523787133486
0 0.40179129441579176 0.7458089192708333 0.009058713912963867 0.016595534336419752
0 0.4207096307023896 0.8296725400273552 0.011585807385952265 0.016735055113042137
0 0.42867487328023174 0.8328908198567865 0.010137581462708241 0.015447743181269544
0 0.47791455467052857 0.8296725400273552 0.011585807385952265 0.021884302840131938
0 0.46343229543808834 0.8335344758226728 0.008689355539464145 0.016735055113042137
0 0.38703837798696594 0.8296725400273552 0.009413468501086158 0.021884302840131938
0 0.3620068294367942 0.7776112914136118 0.012102227266013869 0.017653391339598697
0 0.3315961045119387 0.7114110738901169 0.012102227266013869 0.024273413091948016
0 0.33221673155122144 0.7574753919168822 0.016446616540993303 0.023721744612585808
