0 0.4553723600175646 0.6850673063301745 0.01740831798977322 0.023071383252555942
0 0.41404938697814936 0.6486121519112292 0.011686642964680992 0.020876236903814623
0 0.40193115340338814 0.7259508297767168 0.016487068600124784 0.02147165934244792
0 0.17989719576305815 0.6978926482024016 0.012912842962476943 0.024826520754967208
0 0.5033253298865424 0.7900338349518953 0.011591646406385634 0.018285963270399306
0 0.49203565385606557 0.9134323214307243 0.013364262051052518 0.020646177692177855
0 0.4333672126134236 0.6973832212848429 0.009780645370483398 0.017898936330536266
0 0.4665534496307373 0.7684720828209395 0.009933948516845703 0.019917335039303628
0 0.5037940873040093 0.7582637410105011 0.012769487169053819 0.023146688202281062
0 0.4510183334350586 0.7318466563283661 0.012703365749782987 0.015422585569782021
0 0.42413690355088973 0.7063826572747878 0.007248772515190972 0.013183687940055942
0 0.469226360321045 0.7061075281213831 0.008263481987847222 0.012854587884596836
0 0.5665020942687988 0.8413952015064381 0.014466497633192275 0.016852955759307484
0 0.3787085480160184 0.7284610654100959 0.011220349205864798 0.018795955328293788
0 0.45007175869411886 0.7460199049961419 0.012265523274739586 0.014683947151089892
0 0.5645226372612847 0.7261045244004991 0.010814878675672743 0.014377499804084683
0 0.4494454860687256 0.8093686044952015 0.008800029754638672 0.019258758168161652
0 0.5583628548516167 0.7375011444091796 0.010802057054307725 0.01686910935390143
0 0.38044088416629374 0.7049113615059558 0.007550266053941514 0.014276951919367281
0 0.6141380204094782 0.8368894788953992 0.009709252251519097 0.017512003580729168
0 0.47412353091769754 0.7367892324188609 0.01093377007378472 0.016130047079957563
0 0.4318844079971314 0.8090968190887828 0.015500942866007485 0.02297898280767747
0 0.5316340393490261 0.7573956383599174 0.011458979712592233 0.014480920485508295
0 0.5346331596374512 0.7325985049024041 0.01227569580078125 0.016713601571542246
0 0.4756549994150798 0.7358818525149498 0.013494014739990234 0.01758594277464313
0 0.483141369289822 0.722066667344835 0.012468443976508248 0.01662096565152392
0 0.5868292649586995 0.8343784190990305 0.010781129201253258 0.017580479751398533
0 0.46261633767022026 0.7221318233160325 0.008530510796440972 0.014249872278284144
0 0.5021100149605796 0.7378544061572606 0.008788670192704516 0.011075454982648836
0 0.49821630031824216 0.7313277987567713 0.006341192417521029 0.01305321480097902
