0 0.4446683327356974 0.7923602351435909 0.01379969384935167 0.023362053765190974
0 0.20340124103758073 0.19063741189462172 0.019226458337571885 0.030968489470305265
0 0.3817528353797065 0.6048689477237654 0.014649550120035805 0.02662310188199267
0 0.4735193782382541 0.7472728917628159 0.007674323187934028 0.016403527907383295
0 0.41079657607608366 0.7343844190055941 0.009634574254353842 0.02405265525535301
0 0.44067558977339005 0.7120748684730058 0.010608328713311087 0.012706756591796875
0 0.6314265025343954 0.8715101778099604 0.03186097031136861 0.051492477270898576
0 0.45632620481989006 0.9664110324284991 0.03614464988672395 0.03943052714915339
0 0.37890272182389617 0.8995981947591002 0.011911305076306746 0.025556823152228958
0 0.42038692226206803 0.8579770827683271 0.013554243707521537 0.024096433257816015
0 0.371304130654528 0.8324202596160981 0.009857631787288384 0.01971526357457677
0 0.37541147723256485 0.8170861657247606 0.014786447680932539 0.024096433257816158
0 0.43019201077813835 0.807754911069494 0.010029594646628013 0.018849269939059637
0 0.4993664357967157 0.7342362243090861 0.007822564356930996 0.016177275949027462
0 0.48204504329208264 0.7244447151820431 0.006705055163083813 0.01192009806770443
0 0.4526705159109538 0.7128084289730936 0.0073436318452822745 0.012487721785214062
0 0.4287238903285118 0.713659864549358 0.00830149686857979 0.014758216655253023
0 0.39910989669155855 0.6993273656822373 0.01005758274462572 0.017312523384047013
0 0.43782360804983983 0.7287018930633661 0.008620785209679127 0.01419059293774339
0 0.4538678471900759 0.7284180812046113 0.011973312791220962 0.015893464090272574
