0 0.43362956576877165 0.633063092643832 0.027473025851779513 0.03138525692033179
0 0.4486645460128784 0.7174570766496069 0.011114782757229276 0.01602083371009356
0 0.35876441001892095 0.6562301494457103 0.019323031107584637 0.025813491256148725
0 0.4197657373216417 0.6774088306191527 0.017000569237603083 0.02611885541751061
0 0.4201519754197862 0.6780546447377147 0.018644226921929255 0.02797223314826871
0 0.4907982879214817 0.7135214864471813 0.010870138804117836 0.022047490249445408
0 0.40877082612779403 0.737799303031262 0.009636031256781684 0.015252337043668017
0 0.18609703113685735 0.5902325207176764 0.027516292541636532 0.042481293748491425
0 0.3684540940915247 0.7382827799472086 0.008214693156073594 0.021344159995268227
0 0.36813814435475256 0.7186236852147248 0.007582793682529427 0.01348052210227479
0 0.4376470864446064 0.7503590809971631 0.006950894208985403 0.01741234104877151
0 0.44712557854776824 0.7444613525774179 0.008214693156073594 0.015727275785987017
