0 0.4916745291815864 0.6232231987847221 0.014486524793836806 0.025595582561728395
0 0.3484628995259603 0.5611830110903139 0.01367314656575521 0.02366294389889564
0 0.5882477760314941 0.5624187846242645 0.017967965867784288 0.027710384792751737
0 0.4673706425560845 0.7301364710301529 0.010400189293755423 0.014505598280164931
0 0.4122033384111192 0.676155631924853 0.014339341057671439 0.02239693535698785
0 0.4546597533755832 0.7387721214765385 0.011491828494601779 0.0189944608711902
0 0.5033307605319554 0.751305639007945 0.01631609598795573 0.020166797402464312
0 0.3869976864920722 0.7232528733618464 0.020976728863186307 0.029021416181399497
0 0.40703907277848983 0.7313283755455489 0.016348600387573242 0.02392069498697917
0 0.39830079343583846 0.31557318605022666 0.011481523513793945 0.029359699767312886
0 0.484913084242079 0.7245143372335552 0.015708287556966145 0.017848450460551696
0 0.44803127977583146 0.5662480107060186 0.02027106285095215 0.025380829234182098
0 0.4376563628514607 0.6964404023723838 0.015545712576972116 0.021359149320625964
0 0.5157447655995686 0.7237103309160398 0.012195216284857858 0.01860112319757909
0 0.44080966048770476 0.7429344506911291 0.009491735034518771 0.015868810959804205
0 0.26481323772006565 0.8788871765136719 0.014501730600992836 0.027649396731529708
0 0.4522895548078749 0.7087529264850381 0.008391221364339193 0.013036610167703511
0 0.6147462262047662 0.8378245977707851 0.009406248728434244 0.01680218731915509
0 0.4903491603003608 0.7754595956684631 0.010836548275417753 0.017328756826895254
0 0.44421981440650093 0.7193198027434172 0.009606758753458658 0.013122370213638117
0 0.5484039253658719 0.7291009691026475 0.008773008982340494 0.013649928716965664
0 0.3607277737723456 0.7821362577838663 0.01898964246114095 0.025837415530357833
0 0.4246210124757555 0.45817262155038335 0.023157570097181536 0.036950146710431134
0 0.42531373765733504 0.45494807208025906 0.022795677185058594 0.034443655131775656
0 0.5708503988054063 0.8420557563687548 0.013883537716335721 0.016142762737509645
0 0.42267677519056535 0.6475683141637731 0.009673701392279731 0.018106531213831017
0 0.44816292656792533 0.5661198415873963 0.020274480183919266 0.026828012348693094
0 0.37678163883701443 0.39113402590120744 0.012572295517965628 0.01966865787699497
0 0.3482525858476469 0.7842877328451778 0.014080970980121493 0.022797762539244388
