0 0.384791890780131 0.7910716209882572 0.015038993623521592 0.019815233018663194
0 0.5014151732126872 0.6385421517454547 0.02562877866956923 0.03819854171187789
0 0.45493457052442765 0.8110827222282504 0.01276890436808268 0.02283543716242284
0 0.4068424436781142 0.8203230963812935 0.012420548333062064 0.018707746340904708
0 0.26711307631598574 0.8534672584062741 0.014381567637125649 0.02174028938199267
0 0.43440612157185876 0.7270889988651982 0.00898350609673394 0.013695187038845487
0 0.36485740825094537 0.6920804058132651 0.010650621748864851 0.022090178442090005
0 0.36041964918891833 0.6865578612027428 0.00946721933232432 0.02471996158995779
0 0.38741636611495905 0.767370722547843 0.012129874769540621 0.018934438664648782
0 0.4166362229279021 0.7617818504821406 0.011812075286583266 0.022614571488843323
0 0.43953347656035574 0.7540282831145373 0.008904487523732029 0.01744552657710756
0 0.46897280265922475 0.7100914013647849 0.0089044875237321 0.014214873507272756
0 0.37371588964397645 0.8381929389686223 0.008177590583019239 0.013891808200289261
0 0.3827112392852976 0.8152553021727956 0.007995866347840988 0.010661155130454602
0 0.3893441738693019 0.828016381798643 0.007450693642306305 0.01744552657710756
0 0.43522954325179847 0.772772214304469 0.010540005640335864 0.021968440874876337
