0 0.07210127201565558 0.8145792563600784 0.016511741682974562 0.04207436399217229
0 0.10622553816046967 0.8370841487279844 0.017612524461839543 0.032289628180039075
0 0.5834148727984345 0.5479452054794521 0.017612524461839526 0.029354207436399306
0 0.6252446183953033 0.6007827788649708 0.018713307240704538 0.04500978473581206
0 0.581763698630137 0.603228962818004 0.023116438356164223 0.040117416829745595
0 0.5547945205479453 0.6183953033268103 0.015410958904109649 0.031311154598825865
0 0.5325036692759296 0.604696673189824 0.013759784735812203 0.03326810176125249
0 0.5099376223091978 0.6252446183953034 0.015961350293542082 0.03522504892367905
0 0.4981042074363992 0.6961839530332682 0.016511741682974517 0.030332681017612516
0 0.5325036692759295 0.7602739726027399 0.011558219178082254 0.021526418786692716
0 0.36298312133072413 0.5587084148727984 0.02256604696673186 0.03522504892367905
0 0.5613992172211351 0.35763209393346385 0.015410958904109578 0.026418786692759325
0 0.12659001956947166 0.25978473581213307 0.011007827788649695 0.02054794520547947
0 0.4155180555369001 0.6008158374577254 0.02363546238177207 0.028242009694794987
0 0.4284981865170536 0.6910525025801191 0.02634772855672942 0.036507963751808176
0 0.42675458683315237 0.7485697662268356 0.022085595996082077 0.026175521180541637
0 0.4112559229762527 0.7385817384079448 0.011236531296252253 0.01722073761877752
0 0.4168741886243788 0.7554580612743464 0.01472373066405474 0.019287226133030657
0 0.37367166312327094 0.7737120431502507 0.01821093003185709 0.026864350685292634
0 0.3920763264533393 0.8133197396734387 0.01239893108551975 0.026175521180541637
0 0.3533296668110901 0.598060519438721 0.018598396628279657 0.028242009694794915
0 0.3632100650198637 0.6290578471525204 0.010461598103407254 0.019976055637781726
0 0.374446596316116 0.6352573126952802 0.015886130453322166 0.01859839662827973
0 0.36185393193238496 0.6762426682279704 0.018598396628279657 0.020664885142532795
0 0.3866517941034245 0.6851974517897347 0.01472373066405474 0.019287226133030657
0 0.3978883253996767 0.694152235351499 0.015498663856899669 0.020664885142532795
0 0.2002803612242058 0.626302529133516 0.02324799578534954 0.024109032666288357
