0 0.3704559008280436 0.7071447961124373 0.015966256459554035 0.02251603868272569
0 0.42614555358886713 0.691573437349296 0.012932141621907554 0.021924901891637733
0 0.4752136866251627 0.6896506179997951 0.018485599093967013 0.02702129034348476
0 0.443491021792094 0.7005370340229553 0.015202760696411133 0.025455427758487654
0 0.5835147698720295 0.5972995758056641 0.017431100209554035 0.025030489321108216
0 0.3449635373221503 0.709456620392976 0.013622840245564781 0.022188116002965858
0 0.41696667671203613 0.685153372493791 0.010422759585910372 0.020879250985604746
0 0.47517991065979004 0.79063015219606 0.011360645294189453 0.023877650131413967
0 0.5630185339185927 0.596936661520122 0.024569935268825956 0.03573283442744502
0 0.4344252877765231 0.7242808871799045 0.00880869229634603 0.01574358528043017
0 0.5186341338687473 0.6796155858922889 0.019658247629801433 0.028853239836516203
0 0.4141575362947252 0.7471824222140842 0.010693788528442383 0.014511249683521412
0 0.5351269510057237 0.7315741644965277 0.011761241488986544 0.01662586353443287
0 0.21840161747402614 0.7427227114453727 0.015910625457763672 0.032528677104431906
0 0.4554293420579698 0.8243640381612896 0.010448561774359811 0.017057159800588348
0 0.5153287516699897 0.7239948319800105 0.010908285776774086 0.018107473114390434
0 0.3864627811643812 0.7458457946777344 0.01049261622958713 0.019225132318190587
0 0.494255436791314 0.8419845486864631 0.010818269517686632 0.019942954734519677
0 0.5475263330671523 0.72494970721963 0.008036136627197266 0.01525591626579379
0 0.5816681649949815 0.825171105655623 0.008147027757432725 0.013986281406732253
0 0.36928327878316247 0.46557518287941263 0.013757440778944228 0.024847807707609953
0 0.4689011573791504 0.6549423359058523 0.01166036393907335 0.020356496175130204
0 0.5312210188971626 0.9151947115674431 0.013412263658311632 0.023084758240499614
0 0.5014722347259521 0.723668157318492 0.009944227006700303 0.015132904052734375
0 0.42425244384341765 0.7383611467149522 0.007773478825887043 0.013569443314163774
0 0.4683377477857802 0.8624366948634018 0.010178248087565102 0.017459916479793596
0 0.6059025128682454 0.8512224738980518 0.011428409152560763 0.018589914580922066
0 0.5410482883453369 0.8520066532087914 0.013600084516737197 0.018980143982687114
0 0.5988440778520373 0.8368605154531973 0.009889973534478081 0.013870145067756558
