0 0.5154350753363688 0.44045667138073014 0.02230338793168009 0.044354760180516234
0 0.42735559418244584 0.4323921695297271 0.01927919973755394 0.033602091045845627
0 0.4042961592022343 0.4764109087997849 0.023815482028743132 0.0329300492249287
0 0.36970700673191687 0.42365562585780725 0.02343745850447732 0.02553758919484274
0 0.3371969836450612 0.5046366652782953 0.016633035067693598 0.03830638379226407
0 0.3933334769985271 0.6024187502217062 0.008694541058112506 0.021505338269341222
0 0.49086354625909423 0.6447573849394718 0.02457152907727469 0.02822575647851025
0 0.36620251713444674 0.6237450973124831 0.014338120705177744 0.016678636979411222
0 0.3600955397970562 0.6446720663526877 0.014869162212776956 0.022028388463373218
0 0.34818621514919373 0.7387377416824106 0.014869162212777027 0.027378139947335428
0 0.3658875987358329 0.7023909007178449 0.012744996182380319 0.02832221373862282
0 0.37535783895468483 0.6518829528839675 0.01150589933131549 0.0223430797271358
0 0.38766030054739914 0.6791037471994216 0.01062083015198354 0.016993328243173806
0 0.4062467533133703 0.6769009083530844 0.015577217556242503 0.02454591857347296
0 0.40536168413403845 0.6586488150548607 0.009558747136785187 0.020769623408323383
0 0.4143893897632244 0.6575473956316921 0.010974857823716348 0.01856678456198594
0 0.4941341228210341 0.6685615898633785 0.01504617604864336 0.017937402034461057
0 0.4814776335565871 0.6927928171730892 0.011682913167181895 0.0223430797271358
0 0.45421750283316265 0.6811492404138775 0.008496664121586832 0.017937402034460915
0 0.43846327144105374 0.6784743646718965 0.01239096851064751 0.020140240880798358
0 0.5570625414715366 0.6971984948657639 0.020887632632234344 0.030525052584960122
0 0.41359282750182563 0.7145065143727001 0.008319650285720428 0.016678636979411153
0 0.3712865207297579 0.7374789766273608 0.00973576097265152 0.021084314672085613
0 0.5252207344672063 0.15439449539334565 0.015184543585685687 0.03610985256740255
