0 0.5333256721496582 0.6734390965214482 0.02195262908935547 0.03350137781213831
0 0.3566818899578519 0.7456337728618103 0.017803218629625108 0.028360060703607252
0 0.36064561208089196 0.6537240817223067 0.012542406717936196 0.021116044786241316
0 0.3858048253589206 0.717404071195626 0.013904068205091689 0.025455050998263888
0 0.4650989903344048 0.7069676717122395 0.014442178938123915 0.02238389003423997
0 0.11499310202068753 0.17986716164482963 0.02575891547732883 0.03654532962375217
0 0.42598562770419657 0.7710396801983869 0.014364401499430336 0.020895451675226658
0 0.4207063383526273 0.692104998930001 0.012387567096286349 0.019962546266155477
0 0.4926400979359945 0.7444340741192852 0.020292335086398654 0.02461073133680556
0 0.5334576235877143 0.7278006753803772 0.00937191645304362 0.016296669288917823
0 0.4764737553066677 0.8247358063120902 0.009299278259277344 0.015290342731240353
0 0.4632516966925727 0.8373665044337144 0.009521908230251737 0.015341205361448689
0 0.42127952310774064 0.6524988103795935 0.012000693215264212 0.01980030389479649
0 0.5019258658091228 0.7216716813452451 0.01162947548760308 0.01660938027464313
0 0.5296849939558241 0.7037206108187452 0.011804633670383029 0.015518753616898149
0 0.5188192791408963 0.7244760960708431 0.011945406595865883 0.01879119873046875
0 0.4287783437305027 0.6259039184193551 0.010454575220743813 0.019036422541112076
0 0.5530406369103326 0.7218494415283203 0.011251608530680336 0.016563556812427663
0 0.45787580808003747 0.8627307562180506 0.012824217478434242 0.017208805790653935
0 0.4296750624974568 0.7526298099093968 0.012030469046698678 0.013854462423442323
0 0.41053099102444124 0.7789446983808354 0.011014037662082247 0.023683712806230706
0 0.4554637538062202 0.822055345700111 0.010801580217149522 0.018846582483362267
0 0.1216947899924384 0.6595206555025076 0.013723611831665039 0.023887163327064042
0 0.41089510917663574 0.7772592379723067 0.011085934109157987 0.022993346791208527
0 0.45053977436489534 0.726878907945421 0.008806175655788846 0.016725186948423034
0 0.4982849491967095 0.7770862579345703 0.012656688690185547 0.021586618305724344
0 0.41203857792748344 0.7389885466775776 0.013421773910522461 0.017140188334900656
0 0.5400890244377984 0.8500589912320361 0.012882020738389757 0.018095134217062114
0 0.412179085943434 0.7377022166311005 0.014270544052124023 0.0191982881522473
0 0.34610009193420405 0.5024629051302686 0.015266524420844186 0.023373215286820025
0 0.5167918470170764 0.7242386664873288 0.014157666100396048 0.018923206093870562
0 0.6066604455312093 0.852291954888238 0.010401672787136503 0.017088996039496526
0 0.3612948126263088 0.6891191035141179 0.014888525009155273 0.02177377394687982
0 0.3611776563856337 0.6886648719693408 0.01530371771918403 0.022604530240282597
0 0.5418354670206705 0.7292873476758416 0.009162690904405382 0.016463903733241705
0 0.499668730629815 0.8381216732072242 0.010815991295708548 0.015880066671489196
0 0.5815986527336968 0.8246819296000916 0.008441501193576388 0.014065306863667052
0 0.8546594134342479 0.7824030274361401 0.028736991485336035 0.05298013245033104
