0 0.46856395403544115 0.5632345176037447 0.022802723778618708 0.02705887217580536
0 0.39697931872473824 0.6285440656873916 0.022814936108059354 0.024684246675467786
0 0.19982351859410608 0.06256458935914216 0.021667838096618652 0.03195389700524601
0 0.408699181344774 0.663060388447326 0.014249351289537217 0.0238917315447772
0 0.2123986946211921 0.2631054160035687 0.02064359188079834 0.03229320196457851
0 0.43870127201080317 0.6863846013575423 0.015551646550496422 0.019777933756510418
0 0.4398590723673502 0.7475435233410493 0.009986453586154513 0.01797070915316358
0 0.3197634485032823 0.7130580478244357 0.014004495408799913 0.023233484338831017
0 0.49256947305467397 0.7049409371835215 0.01694578594631619 0.02510014286747685
0 0.45081114768981934 0.472608024691358 0.01613526874118381 0.023996423791956017
0 0.2939136028289795 0.21898860695921343 0.02215639750162761 0.03185258088288484
0 0.542844639884101 0.7042993616174769 0.017353216807047527 0.030867211612654318
0 0.35950654082828104 0.6684032487280576 0.011377467049492728 0.019041744279272764
0 0.3771055009629991 0.6919065875771605 0.017761866251627605 0.023499477056809416
0 0.3472459581163195 0.4579911879551264 0.0136055416531033 0.02254297703872492
0 0.48565400971306694 0.8038290047351226 0.01898368199666341 0.019299448272328316
0 0.45429770151774085 0.7797407927336516 0.013493643866644967 0.022426840699749227
0 0.5102114147610134 0.7253278567467205 0.013214217291937936 0.01922541488835841
0 0.17234286997053355 0.8184967041015625 0.023584180408053927 0.034497861508969906
0 0.4633802837795681 0.6878138412663967 0.011430846320258248 0.018298302167727622
0 0.24724830521477592 0.6047246250105492 0.01450575722588433 0.025418834921754438
0 0.37850843535529244 0.7300626966688368 0.011249489254421659 0.026459022804542823
0 0.49420997831556535 0.6502257453070746 0.011001692877875436 0.01708777156876929
0 0.42420828342437744 0.6583673689100477 0.0162861877017551 0.023588439564646027
0 0.5144134627448188 0.7586679340880593 0.011104795667860243 0.018463040575569058
0 0.4993778864542643 0.7613951129677855 0.013272921244303383 0.019394015088493442
0 0.3860065274768405 0.6012051900227864 0.020452472898695208 0.024054633246527776
0 0.3552947044372558 0.5661799583906009 0.023704634772406682 0.03464583408685378
0 0.501603603363037 0.6770726192144702 0.016773541768391926 0.024137850160951966
0 0.3840571244557699 0.46253851902337717 0.013078424665662978 0.020457467915099344
0 0.4188736942079332 0.3736214578887563 0.012013461854722764 0.021283326325593172
0 0.3560370869106717 0.717382949075581 0.012823846605088975 0.02346872400354456
0 0.3374296029408773 0.7575471195173853 0.015182707044813368 0.023779786663290895
0 0.3701899449030558 0.7729749561827859 0.011675702200995553 0.018131161913459683
0 0.19995831118689644 0.06292782595128188 0.02147518263922797 0.031535590136492694
0 0.47560180558098686 0.693322381855529 0.009750737084282769 0.01649470388153453
0 0.4243164327409532 0.6580794534565491 0.016617298126220703 0.023968543535397378
0 0.42436726888020826 0.727248415534879 0.011917220221625436 0.014587920389057677
0 0.5487163596683079 0.7267689175075955 0.008407327863905165 0.012197612244405864
0 0.535680267545912 0.7512494310920621 0.00914854473537869 0.014087158956645448
0 0.012696994158128895 0.584437358526536 0.020900230647789106 0.03348216304072627
0 0.4641490777333578 0.7293527862172067 0.016749329037136503 0.018909407250675154
0 0.3954202334086101 0.7816232280966676 0.00972747802734375 0.017423559118200233
0 0.6137422190772163 0.8352527382933063 0.008649031321207682 0.01325310601128472
0 0.3935723172293769 0.7365367088788821 0.012458721796671547 0.017822265625
0 0.4981398847368028 0.7315571631914304 0.01120403077867296 0.014840867784288194
0 0.623342752456665 0.18344366403273593 0.014112843407524955 0.030013084411621094
0 0.5379315217336019 0.74148722048159 0.008879926469590928 0.012543336844738618
0 0.418948663605584 0.37295979629328224 0.012852907180786133 0.022323184543185763
0 0.3560666508144802 0.7174529793821735 0.01337348090277778 0.02316844610520351
0 0.39711925718519425 0.8684727233133199 0.012403594122992623 0.01576101044077932
0 0.4323404630025227 0.8416344442485291 0.009732829199896919 0.021251442991657023
0 0.48268877135382765 0.7300933790795598 0.012593640221489798 0.016766253812813464
0 0.518849319881863 0.7212984297010634 0.009877522786458334 0.014949045063536844
0 0.47075041135152185 0.8645482475374952 0.011334790123833548 0.017945183648003474
0 0.3336820223406075 0.8026056064372042 0.01898007833497033 0.01659906492377331
0 0.44075109327054107 0.706412664624846 0.016684101117030396 0.014150022557970772
0 0.35694792481573245 0.557701369856942 0.025102684249476894 0.022585612929068546
0 0.37294323276738084 0.42899058774309295 0.01637797082130504 0.020952918018533637
0 0.42215367780522733 0.49089693643421484 0.01898007833497033 0.020680802200110975
