0 0.05666142702102661 0.09508457007231534 0.028538280063205294 0.04690153216138298
0 0.5377401510874431 0.5902456354211878 0.019756476084391277 0.029886269275053046
0 0.4046778943803575 0.6098196948016131 0.01811038123236762 0.030988104549455057
0 0.39664574464162194 0.5487815009223092 0.017835272683037653 0.02758723129460841
0 0.45185616281297475 0.7036542774718484 0.013175699445936415 0.021985230622468172
0 0.6054102579752604 0.5377693882694952 0.01809141370985243 0.028197159001856674
0 0.43574821949005127 0.31946733262803817 0.015789323382907443 0.028105747552565584
0 0.3542147609922621 0.7350455154607326 0.02165452639261882 0.03141309008186246
0 0.4345569080776639 0.7297713432782963 0.012777275509304471 0.01931465996636285
0 0.19149254428015816 0.6790240487934631 0.012846284442477755 0.02512015825436439
0 0.5097463660769993 0.7895433637830945 0.014093557993570961 0.02499441452968268
0 0.38112595346238876 0.6685027605221595 0.01176102956136068 0.02151856599030671
0 0.5281435913509792 0.724651077647268 0.014518366919623483 0.020944618884428046
0 0.3796421289443969 0.6177377112117814 0.016298161612616643 0.02157244270230517
0 0.20618023475011193 0.8299516277548707 0.017182230949401855 0.023638313199266972
0 0.06034106678432889 0.622716079523534 0.01617451508839925 0.033046581127025465
0 0.3807999690373739 0.3555081920859255 0.013046926922268338 0.023850335015190974
0 0.07732362217373318 0.5794522791732977 0.016484989060295954 0.020407311710310568
0 0.4281398190392388 0.7768097394778404 0.02001333236694336 0.024379117989245757
0 0.22666207949320477 0.8598653534312306 0.013519710964626737 0.025155903380594136
0 0.3660668796963161 0.678354498780804 0.011722564697265625 0.020553824342327352
0 0.38309231069352895 0.7533062828911676 0.01315707630581326 0.019926989520037616
0 0.5502971808115642 0.696505817366235 0.020967854393853083 0.0247450934516059
0 0.5499024126264784 0.696476924566575 0.021004941728379987 0.02470473301263503
0 0.49819676081339515 0.6397704371699581 0.012324015299479164 0.0191282578456549
0 0.46347549226548934 0.8750893392680603 0.01116816202799479 0.017841574586467977
0 0.46077889866299104 0.7373097502155069 0.011656178368462455 0.014135054600091628
0 0.3360918892754449 0.4682400079421056 0.01701301998562283 0.02395036485460069
0 0.47647812631395126 0.708041297064887 0.00860505633884006 0.01316268355758102
0 0.5634481112162272 0.7199888818057967 0.010881000094943576 0.012475943859712577
0 0.4772728284200033 0.7254843770721813 0.011758486429850258 0.014084945490330826
0 0.4188737604353163 0.6117900330343364 0.011300669776068795 0.01695882538218557
0 0.4914588398403592 0.7212863262788748 0.009029070536295572 0.014030974588276427
0 0.4170527193281386 0.7526015057975863 0.009095562828911675 0.0162318194354022
0 0.4367004632949829 0.6477198895112967 0.011809640460544162 0.020126201488353587
0 0.501874844233195 0.7236621762499398 0.009065575069851346 0.01558972582404996
0 0.581661303838094 0.8242690474898725 0.007920318179660372 0.014106467918113425
0 0.5370208952162001 0.455330342422297 0.012861781650119357 0.023039876678843562
0 0.5441801812913682 0.8470365265269337 0.016637802124023438 0.02260307029441551
0 0.36498803562588156 0.8792905925232687 0.012674331665039062 0.02102086573471258
0 0.5268888738420274 0.8275674890588831 0.010259363386366103 0.014888622142650463
0 0.44774062103695333 0.8408372196150414 0.011168347464667428 0.015697997293354554
0 0.5809598233964708 0.8215253382553288 0.007424619462754991 0.014091114938994984
0 0.5432954099443223 0.8474489847819009 0.014931943681504991 0.021084538212528935
0 0.40956011083390975 0.7109659218493802 0.01067805290222168 0.015906863742404513
0 0.4516283141242133 0.862673959614318 0.009740193684895834 0.015422208809558257
