0 0.39423473256388375 0.5665508020782902 0.022842576848734454 0.02141203163194504
0 0.42361859278293773 0.5829789987614205 0.018066401689453643 0.024734588264488266
0 0.5064748488069837 0.5730113288637909 0.028864710745219 0.038763160713004015
0 0.4764680092193279 0.5680274939149761 0.01952002021619137 0.02510376122365976
0 0.45424841173919533 0.629679378096611 0.02408853558593812 0.03396391224377496
0 0.4131317734114732 0.6143587002909952 0.011628948213901253 0.01439774540768724
0 0.4159351805701816 0.6263568214640678 0.009344690529027701 0.017720302040230465
0 0.4241377422567721 0.6617974255445256 0.007475752423221368 0.019935339795259157
0 0.39558452119585447 0.6300485510557825 0.011836608003435174 0.022150377550288026
0 0.3711844959256154 0.6737955467176012 0.017028102741783898 0.019566166836087858
0 0.517799685202904 0.718779751506845 0.013913205898774593 0.023627069386973856
0 0.48052475298155994 0.6953372685994569 0.01121362863483327 0.01882782091774473
0 0.4675460161356881 0.6947835091606999 0.014328525477842574 0.024365415305316704
0 0.4351510889683919 0.685000425742656 0.014328525477842503 0.02251955050945952
0 0.4235221407544907 0.684262079824313 0.012667247161570926 0.018827820917744872
0 0.42705235717656786 0.7113962923234157 0.018481721268521482 0.019196993876916223
0 0.39102338369242756 0.7568045663015062 0.018274061478987563 0.03396391224377496
0 0.4518677020258749 0.7291165943636463 0.01121362863483327 0.019935339795259067
0 0.2636241028133493 0.6619271157944392 0.00851405137089202 0.019196993876916223
0 0.3624693148787132 0.20210410284146435 0.01977105353883893 0.024784226658373532
