0 0.3808994293212891 0.626154887823411 0.018259684244791668 0.03029919848029996
0 0.4384433958265517 0.7243621967456959 0.013714684380425345 0.025299496120876737
0 0.4693154758877224 0.7089331356095679 0.011587248908148873 0.01981984833140432
0 0.2777460813522339 0.6558058232436946 0.019089354409111872 0.0328709637677228
0 0.48981346024407285 0.6957249582549672 0.011659781138102211 0.01925169391396605
0 0.425124830669827 0.8084182268307533 0.015691227383083768 0.020901244363667054
0 0.43569796615176726 0.7833964029947917 0.007945617039998373 0.018145149136766976
0 0.32777481985106005 0.7005016149959797 0.014983991764619802 0.024973319607699836
0 0.3451000603289019 0.7229776026429096 0.013579242536686777 0.034962647450779656
0 0.31630270115627296 0.7462860342767627 0.016388740992553004 0.029967983529239604
0 0.3611376140144716 0.860955193475451 0.012408618180075876 0.017897545718851687
0 0.4197858942806791 0.8274493230017872 0.005618996911732452 0.014151547777696578
0 0.42680964042034475 0.8270331010083257 0.007960245624954254 0.014151547777696435
0 0.40339715328812614 0.8359818738677514 0.014983991764619802 0.017897545718851403
0 0.49189635464791237 0.7362967064336828 0.00936499485288742 0.021643543660006658
0 0.44893444076029126 0.7011259479861722 0.009130869981565226 0.017897545718851403
0 0.3816235402551628 0.7606456930511901 0.011237993823464904 0.02372465362731475
