0 0.057808605298858104 0.24805147000964567 0.02207237656865492 0.03176553664906951
0 0.4350097548739072 0.16490050642825785 0.017079815201935345 0.033634097628426576
0 0.5778232866008589 0.3463844915483093 0.024700040445875756 0.028495554935194747
0 0.4188496220289991 0.32933387261167646 0.015765983263325012 0.03269981713874799
0 0.3778580655443544 0.3050425798800351 0.03048090097576157 0.03830550007681914
0 0.33489576115179387 0.2672042200480552 0.027590470710818663 0.04577974399424722
0 0.19746894037314483 0.7418187088047407 0.01707981520193531 0.028028414690355562
0 0.2601387238448615 0.8069847729598171 0.017342581589657444 0.02475843297648055
0 0.2408253943472884 0.6918347026069401 0.016554282426491155 0.024291292731641365
0 0.30612284169622583 0.6731490928133698 0.014714917712436666 0.02335701224196285
0 0.31334891735858306 0.7259359404802059 0.012350020222937878 0.02802841469035542
0 0.2791892869547124 0.7313080532958572 0.015503216875602846 0.026626993955837577
0 0.46759278695144535 0.9156811858065141 0.025488339609042045 0.03596979885262272
0 0.4481480742600113 0.8173481642678504 0.030218134588039475 0.03643693909746205
0 0.40282087237795217 0.8306616612457693 0.01366385216154825 0.021955591507445006
0 0.35368355787392275 0.7531163806024526 0.01681704881421325 0.028495554935194747
0 0.5435322730031271 0.7524156702351936 0.013926618549270344 0.02802841469035542
0 0.5604807050112015 0.7278908073811325 0.01418938493699244 0.030364115914551775
0 0.5084529602422292 0.5776189127437417 0.019970245466878183 0.03129839640423015
0 0.41648472453950036 0.5652396962555014 0.021546843793210754 0.028962695180033863
0 0.35145004357828497 0.559166873072591 0.014977684100158727 0.026159853710998392
0 0.38403307565582323 0.6007423548632849 0.011298954672049603 0.024291292731641292
0 0.3971713950419273 0.6093844493928114 0.02128407740548859 0.028495554935194747
0 0.3618293158933072 0.6584341751009333 0.01524045048788075 0.022889871997123522
0 0.42502463214046804 0.6383471445728452 0.013926618549270416 0.026626993955837577
0 0.45760766421800625 0.6855283093016104 0.013401085773826154 0.021021311017766636
0 0.39257298325679085 0.6941704038311366 0.01418938493699244 0.024291292731641503
0 0.39047085215501426 0.7212645380318133 0.017868114365101634 0.027094134200676762
0 0.4280464455992721 0.7747520960659082 0.01208725383521582 0.021021311017766636
0 0.428177828793133 0.7053817697072786 0.014977684100158727 0.027094134200677047
0 0.41779855647811076 0.6708133915891736 0.008934057182550746 0.022422731752284333
0 0.4046602370920067 0.6782876355066016 0.012612786610659938 0.020554170772927306
