0 0.45897324879964185 0.6531115873360339 0.015290366278754342 0.026279684938030477
0 0.44862057103051084 0.6699432090476708 0.013206190533108182 0.015925183708285107
0 0.4915505780114067 0.9128308237334828 0.014147387610541452 0.02100202772352431
0 0.4300382667117648 0.6871414420045453 0.01564258999294705 0.019912955201702352
0 0.4384772910012139 0.7894356339066116 0.01412245962354872 0.023528770164207177
0 0.4384185605578952 0.7188379970597631 0.00782926877339681 0.011184456907672646
0 0.44942318068610304 0.7202361307026428 0.009168995751274956 0.012696913730951003
0 0.45755439334445536 0.7045731485625844 0.010756386650933158 0.014393041163315008
0 0.3971136940850152 0.770287878719377 0.011028077867296007 0.013895482192804781
0 0.5900333987341987 0.861935132815514 0.010759512583414711 0.01791918719256366
0 0.389011369811164 0.7358263745720004 0.00976978407965766 0.017648767541956017
0 0.5308615896436903 0.7071996147249952 0.008696132236056857 0.013947475103684414
0 0.4661478201548258 0.7016887900270062 0.008271376291910807 0.014986673990885414
0 0.5042077320011429 0.757797147020882 0.006788707546116304 0.020188131450135014
0 0.5321843889024522 0.7237858242458768 0.013444158766004775 0.01711414478443287
0 0.3979786104626126 0.751707241858965 0.008310503429836698 0.013278537326388888
0 0.6140888267093234 0.8367792294349199 0.010614660051133897 0.019780005937741128
0 0.5480571058061389 0.7219558762915341 0.01010624567667643 0.015548093819323882
0 0.43024792936113143 0.6870107062068986 0.01695264710320367 0.019615314624927663
0 0.46580047077602815 0.6996455486909844 0.008682621849907769 0.014570212658540702
0 0.4340070750978258 0.7337953308482228 0.008244487974378798 0.013441533218195406
0 0.4872975879245335 0.620489826908818 0.010392930772569444 0.021081571225766784
0 0.41739183002048064 0.7290760322853371 0.008467515309651693 0.013334062364366319
0 0.406615138053894 0.726586377179181 0.010634501775105797 0.01592066258559992
0 0.5353124936421711 0.8681952394085166 0.0117393069797092 0.017138634198977622
0 0.37609815597534185 0.7470147874620225 0.008636368645562066 0.013582111876687886
0 0.3653599553638034 0.7242097265926408 0.012205892139010958 0.02051035563151042
0 0.525844653447469 0.7562503343746987 0.007473998599582249 0.014565597345799576
0 0.45964270167880583 0.7224453584647473 0.008205996619330512 0.011709330994405864
0 0.4183746178944905 0.7280355618323808 0.009675608740912544 0.014060738645953896
0 0.5011650191413032 0.8684780921465084 0.008471594916449653 0.015183248637635031
0 0.42706616719563795 0.7077992521686319 0.007750511169433594 0.009256669032720872
0 0.3571499026757455 0.6660522781073326 0.023016971794429325 0.023382320553071025
0 0.35337821402035585 0.7566587702504826 0.021276192415018755 0.036105053795183153
0 0.3657570896072759 0.7004380436265546 0.010057836414372474 0.02613318179460876
0 0.3767511072479 0.7104694596612066 0.009604640143336595 0.016426501285931323
0 0.3811279052879014 0.7171157085367642 0.011914616886670615 0.012860221401485745
0 0.3838026152012357 0.7264636845975083 0.013981438183337929 0.008861665167410422
0 0.5113432110028094 0.7591358894599007 0.00936115049533214 0.013889225797585425
0 0.4975126390303826 0.7440579461390985 0.010839226889331855 0.012012303392506283
0 0.4884330268958124 0.7428066645357123 0.009009227544379854 0.011511790751151949
0 0.4830486057462417 0.7368630769196285 0.008798073773808354 0.010135380987427141
0 0.4747432241037666 0.7391779478858927 0.00936115049533214 0.01226255971318352
