0 0.5142082565078893 0.5780552054400018 0.019684065168868087 0.023461815049761938
0 0.5138727326697835 0.6613645317607668 0.010960445378119915 0.023064157167562625
0 0.46846517324614445 0.6400898350631014 0.013644636082965463 0.029824341164951917
0 0.4248470742924024 0.6265694670683232 0.013197270965491085 0.019485236227768397
0 0.41746554985407697 0.5848153894373906 0.01274990584801678 0.021075867756565784
0 0.3929723096723603 0.5498214958038474 0.019236700051393926 0.024257130814160775
0 0.41493114645739143 0.6644863211551251 0.012973588406754005 0.019087578345569085
0 0.43875333896289653 0.6744277682101091 0.014986731435388236 0.03181263057594862
0 0.4607860709985047 0.7086263460792537 0.012078858171805464 0.016701631052373073
0 0.4107930191207543 0.7064392277271574 0.008723619790748387 0.017099288934572455
0 0.3745564446053379 0.6752230839745078 0.011407810495594006 0.018292262581170463
0 0.3669512376082752 0.7044509383161607 0.010513080260645466 0.02346181504976187
0 0.40050362141884593 0.7768246728764435 0.009170984908222622 0.017099288934572455
0 0.3831682231167177 0.7402401477141026 0.03310501869309647 0.033800919986945246
0 0.415266670295497 0.7400413187730029 0.009170984908222622 0.014315683759176778
0 0.54712753867104 0.7195619378397362 0.01163149305433123 0.009941447054983711
0 0.551265666007677 0.7493862790046879 0.012302540730542759 0.013122710112578772
0 0.5835877957451935 0.7231408587795304 0.010289397701908242 0.015508657405774784
0 0.5654695084874853 0.7302987006591186 0.008947302349485754 0.015508657405774926
0 0.5581998253285284 0.7334799637167135 0.007828889555799919 0.016303973170173548
0 0.5246474415179577 0.7380530293620062 0.011407810495594006 0.01272505223037939
0 0.5116738531112035 0.7589300681774724 0.012302540730542617 0.011532078583781384
0 0.5022791856442438 0.7750352124065464 0.011407810495594077 0.01590631528797431
0 0.4330494337150995 0.7497839368868873 0.021473525638765308 0.021075867756566
0 0.46499192098956116 0.6905162160623783 0.010059316841310206 0.018777391437112243
0 0.4786977401858461 0.7018050049620709 0.012322663130604851 0.030177950523930547
0 0.4829100791131448 0.6481553151417501 0.012196921670088585 0.02347173929639041
