0 0.23438767592112225 0.23092803248652707 0.020154343711005315 0.03072392499005353
0 0.13182868560155234 0.7942109991002967 0.02607235643598769 0.045214476408781824
0 0.4842137760586209 0.6246530273814261 0.015639093187120225 0.026575017858434608
0 0.4050393766827054 0.6730513396086516 0.02098303371005588 0.026127285427517362
0 0.19637077384524873 0.08947174637405961 0.021858374277750656 0.03797434583122348
0 0.3553570641411675 0.6100989683174792 0.01614236831665039 0.027599334716796875
0 0.3982123401429918 0.714765077755775 0.016182661056518555 0.024061650405695408
0 0.5169391102261013 0.7515485551622179 0.014645682440863717 0.021572207227165317
0 0.419512046708001 0.760522112434293 0.014950037002563477 0.024836128140673222
0 0.36334217919243705 0.5363389238899137 0.020144250657823347 0.03095749278127411
0 0.346371677186754 0.68423299436216 0.018706480662027996 0.027433466028284142
0 0.4251199033525255 0.9495638152699413 0.01648272408379449 0.02857716878255208
0 0.3458699782689413 0.65868490713614 0.015481286578708224 0.020470042287567516
0 0.594180080625746 0.6954733530680337 0.013809680938720703 0.023746396288459683
0 0.30219678084055585 0.6421222686767578 0.013393110699123807 0.022536619209948882
0 0.4380032618840535 0.7723862212381245 0.02022862434387207 0.03191088452751254
0 0.41214635637071395 0.7368443806966145 0.01811038123236762 0.025799504032841435
0 0.4427992767757839 0.6303923100601007 0.021854029761420354 0.027389290892047648
0 0.43198159005906844 0.6089442688741802 0.013989713456895616 0.021527137285397378
0 0.3624783356984457 0.7474695841471353 0.02196280161539714 0.026791136941792054
0 0.4139374494552612 0.5055732020625361 0.0202031930287679 0.03361007313669464
0 0.3756190405951606 0.6428050994873047 0.013172361585828993 0.024568581286771796
0 0.2900911172231038 0.5929573200367115 0.015697850121392146 0.02101780455789448
0 0.38075058990054655 0.7852545137758608 0.016314691967434354 0.0246922528302228
0 0.4845384491814507 0.7261696332766685 0.011752128601074219 0.017679850260416668
0 0.2203984459241231 0.8679014606240355 0.014947427643669974 0.022758954836998458
0 0.44537197219000924 0.8183202861267844 0.014698929256863065 0.022093784661940584
0 0.19649232096142238 0.5799179312623577 0.01656737592485216 0.021233499786000188
0 0.28051014741261804 0.7106303226800612 0.012057277891370986 0.022768515127676504
0 0.4685107337103949 0.7088612215018567 0.012388759189181857 0.018816724235628857
0 0.3238842752244737 0.6859423319498699 0.014493624369303383 0.017333042474440587
0 0.51092439227634 0.7275891245147329 0.011123233371310763 0.016379933298369984
0 0.449062082502577 0.7250808668725284 0.013443734910753038 0.0177964104546441
0 0.6029471556345622 0.8578670172043789 0.013647026485866971 0.02167256673177083
0 0.29321548673841685 0.7237847175127194 0.017057312859429255 0.02556247475706501
0 0.5590260028839111 0.8420814231589988 0.011743704477945961 0.015540982470100308
0 0.46553145514594185 0.849923922691816 0.012624740600585938 0.01674727451654128
0 0.5450113084581163 0.7316318088107638 0.01263660854763455 0.016470073181905864
0 0.48642648590935594 0.46642404721107006 0.01615868674384223 0.023950129379460842
0 0.4591958522796631 0.43418323846510903 0.019828319549560547 0.030948686011043596
0 0.3088967800140381 0.6758063516499084 0.01423374811808268 0.01913527500482253
0 0.33108621173434793 0.4691104182490596 0.014473597208658852 0.03071057354962384
0 0.500424411561754 0.8625267876519096 0.013252841101752389 0.01755156340422454
0 0.19499129056930542 0.7359287356152947 0.018865836991204157 0.03279401049201871
0 0.5012277232276069 0.724341215910735 0.008785194820827909 0.016710917154947918
0 0.5084649191962348 0.8396371441122926 0.011211925082736544 0.01469072883511767
0 0.5698545508914524 0.7737959167103707 0.015096611446804471 0.024054397771387924
0 0.4494269026650322 0.7250392819628303 0.015144692526923288 0.018779660448615933
0 0.4518806139628092 0.6883987144187645 0.013622919718424477 0.022754056954089507
0 0.2990536910210636 0.702625281457482 0.01562274254555284 0.02369688165930967
0 0.32700263410714425 0.6609646346693413 0.015336086719028898 0.026499738629765516
0 0.336820596165588 0.6315346364795538 0.01175288888748021 0.02165844022625073
0 0.22590457302475778 0.3092622024747207 0.014216387476240122 0.026165586361498256
0 0.2073220914604713 0.3290863067116433 0.021660626675001887 0.028966029771880633
0 0.3535864100069893 0.41255484883691884 0.008541937101219048 0.025435990479185763
0 0.6342750076938395 0.5581782901097074 0.008897316828098667 0.02544546648422454
