0 0.3841890626483493 0.7415449825333961 0.015708896848890517 0.02656621108820409
0 0.5819759633806018 0.6845155174349561 0.018068684471978083 0.02707874627760899
0 0.3675165971120199 0.7712779574924045 0.0209397210015191 0.025971400884934416
0 0.40238140689002144 0.697829234747239 0.017338726255628798 0.02093576501916956
0 0.18189022276136607 0.6503880583209756 0.015444278717041016 0.02465128015588831
0 0.4599697589874268 0.7573387711136429 0.008512655893961588 0.019376966688368056
0 0.4535406960381402 0.712153564264745 0.012076907687717013 0.01832368638780382
0 0.39247397581736254 0.7078774299150632 0.010001791848076712 0.015730351577570408
0 0.2710618282523696 0.726396061315198 0.022761606905311885 0.03793601150885323
0 0.49353532995883276 0.42698974070314094 0.01143479589650866 0.024498480097363072
0 0.4534914860438238 0.830039702270366 0.014162633283806372 0.016291656587907967
0 0.46088521371404634 0.8583649688379787 0.012288167113890865 0.019624040889979995
0 0.3991319671162729 0.8365193384132842 0.010413700943975287 0.015921391665455645
