0 0.43335349029964876 0.4400312164683401 0.01590185695224338 0.02740892951871142
0 0.5342932807074653 0.6926893304895472 0.01424354977077908 0.02318097338264371
0 0.20630782180362278 0.07092402010788153 0.023271772596571184 0.03508152785124602
0 0.24529414706759983 0.15708918630340954 0.015604601966010202 0.024458520206404318
0 0.3834792375564575 0.5483073481807003 0.02390975422329373 0.023813695083429783
0 0.1851488815413581 0.8153764230233652 0.021140615145365402 0.027677465368200233
0 0.48980935414632165 0.6540941544521003 0.016551653544108074 0.02674050978672357
0 0.539946715037028 0.8060968658070506 0.01580831739637587 0.023383246527777776
0 0.43695901499854195 0.6156943285906756 0.01898148324754503 0.023672645474657597
0 0.21738098727332222 0.2374566278339904 0.0296071105533176 0.04005321455590519
0 0.5549637211693658 0.5577854580349392 0.019308673010932073 0.025121147249951778
0 0.410395516289605 0.7038357346146195 0.011197090148925781 0.018451125533492478
0 0.40139779779646134 0.6056119188850309 0.012279007169935439 0.020605205017843364
0 0.5470778942108154 0.7479685795159987 0.012522220611572266 0.022202903841748653
0 0.3615800672107272 0.7087927453311873 0.010896285374959312 0.023434485918209878
0 0.4744537141587999 0.6927507188585069 0.014234860738118492 0.02159043300298997
0 0.3845745722452799 0.6170442604724272 0.018417305416531034 0.029976314968532987
0 0.4181857109069824 0.6256371721809293 0.011962837643093534 0.019697825113932293
0 0.5355463027954102 0.6217333711223838 0.017398410373263888 0.025182229501229746
0 0.4252218008041382 0.7099962352234641 0.017390913433498807 0.022967538715880594
0 0.38953118854098845 0.6783388867790318 0.014617549048529733 0.026131147219810958
0 0.5247061782413059 0.23929299248589408 0.018055333031548396 0.026860790488160688
0 0.4037104447682698 0.6731463067325545 0.01837566163804796 0.024985183904200424
0 0.3814610772662692 0.7482889905387973 0.014874431822035048 0.021708264762972607
0 0.4912303818596734 0.6106468247778623 0.020476553175184466 0.028037883617259837
0 0.39272100395626497 0.7182154949800469 0.012364043129814994 0.025721750141661844
0 0.41916045877668595 0.7280604986496914 0.01295781135559082 0.022065998595437886
0 0.45713538593716097 0.6725814725145882 0.01904620064629449 0.02690190444757909
0 0.44022533628675675 0.7538837385766299 0.014592064751519095 0.027172512478298612
0 0.3415006399154663 0.4907541157286844 0.018250756793551974 0.024436762303481865
0 0.5171426667107476 0.9145356166509935 0.015254020690917969 0.02785859284577546
0 0.4296410481135051 0.6717508104112413 0.010040521621704102 0.018852139696662808
0 0.09995447264777291 0.09187605940265418 0.0119757784737481 0.020737294797544128
0 0.20111617777082658 0.6478334120762201 0.016971906026204426 0.02060699462890625
0 0.37371341387430834 0.5848137655375917 0.013202667236328125 0.019120110405815974
0 0.15002132124371 0.11656923058592243 0.015519420305887856 0.024959481792685426
0 0.48429822921752935 0.7518509052417898 0.016424814860026043 0.026215871175130204
0 0.4023033512963189 0.8186894169560186 0.012677669525146484 0.018684858157310958
0 0.49294092920091415 0.5405727198094499 0.017154852549235027 0.019981525562427663
0 0.401099271244473 0.6404840210337697 0.02170909775627984 0.021811544159312312
0 0.5944303406609429 0.4904750305929302 0.014779090881347656 0.022629726080246916
0 0.3362615108489991 0.7658143926549841 0.01333845986260308 0.022402210000120562
0 0.21725985738966203 0.2369606818681882 0.029846880171034075 0.03945899304048515
0 0.43836976422203916 0.7980457588478371 0.013433641857571073 0.018195305341555747
0 0.41306326124403214 0.7764293529369213 0.01089249716864692 0.018609788682725694
0 0.5618228382534451 0.4517106421199846 0.014840761820475258 0.017857775276089893
0 0.3902719683117337 0.676444512826425 0.016461557812160917 0.02774815500518422
0 0.5293081336551242 0.9759823834454572 0.012975215911865234 0.018602912808641976
0 0.530570009460738 0.1911069063386944 0.015964995269631074 0.0283822138126774
0 0.16393436857434462 0.7135686742057692 0.01839023680791124 0.029652474853066196
0 0.20103560213449106 0.7002630765152906 0.013899597587374793 0.01748735696462873
0 0.31594854515917253 0.7703941062786996 0.011761197958547954 0.02090879637075176
0 0.729087353448527 0.931771998267502 0.01860407677079394 0.025850875512929576
0 0.5725610384117213 0.2062136720495686 0.016591997017641375 0.02277607466837985
0 0.36712418717515516 0.49491290119569614 0.014281718951893865 0.028003370493909756
0 0.5945815640119361 0.45533480423097045 0.012601516722259305 0.018295535389354287
0 0.6267154316536974 0.47811087889935033 0.018062173968571783 0.028003370493909756
0 0.3595632771417996 0.6127137464067425 0.007980960590764141 0.023149452941632093
