0 0.3577721118927002 0.7057472276098935 0.018110275268554688 0.027920240237389083
0 0.16597999466790092 0.19825185375449095 0.022494713465372726 0.03694758003140673
0 0.5292845037248399 0.7092806969159916 0.016564422183566622 0.01943837860484182
0 0.4209932221306695 0.561971287668487 0.0150604248046875 0.022534076078438464
0 0.37224037117428255 0.649277510466399 0.03246537844340006 0.0489314043963397
0 0.39781402217017275 0.6630984176824122 0.015817456775241427 0.02330780029296875
0 0.4556664625803629 0.7294738439866053 0.01636966069539388 0.024768735155647183
0 0.43998262617323136 0.7866388956705728 0.010660171508789062 0.022156891999421297
0 0.4425284067789713 0.9221213069962866 0.020643870035807296 0.030041353202160493
0 0.39597916603088384 0.7747541592444902 0.011351744333902992 0.02400504218207465
0 0.38835146692064076 0.683521482679579 0.015198919508192275 0.023767965811270254
0 0.5315691630045574 0.916190630123939 0.012713114420572914 0.024121131426022378
0 0.37963987721337206 0.5592598620756173 0.012680398093329538 0.020701184684847607
0 0.5184772279527452 0.7408087459611304 0.010980818006727431 0.01460350884331597
0 0.4353935188717313 0.6730061990243417 0.011495537228054471 0.017641091052396796
0 0.5512441529168023 0.7265052088984737 0.010357644822862413 0.014413386215398344
0 0.4748141235775418 0.752804273440514 0.008667257097032335 0.015073988172743056
0 0.4908350573645698 0.7468823326958551 0.013035297393798828 0.014429021764684606
0 0.5329070356157091 0.7303958468967013 0.010921531253390841 0.012899045591001157
0 0.502022769716051 0.7250899797604409 0.007825586530897353 0.014316794313030479
0 0.47618063290913903 0.7272539727481795 0.01025300555759006 0.015080534381630978
0 0.510858244366116 0.7248680208936149 0.010344982147216797 0.016479397997444058
0 0.44436188538869215 0.7566074559718002 0.011327981948852539 0.01978184264383198
0 0.5815558433532715 0.8242394718123072 0.007841004265679253 0.015028965326003086
0 0.4442474312252468 0.7577226191391179 0.009031136830647787 0.0161375351894049
0 0.5433162318335639 0.7012511123845607 0.010540909237331815 0.016485379065996335
0 0.4904359976450602 0.7220269191412279 0.010543770260281034 0.014339305736400463
0 0.598582903544108 0.838812321792414 0.010466151767306857 0.01518805233048804
0 0.45019941859775126 0.7484319945912303 0.009530438317192925 0.018105353838131753
0 0.4555835723876953 0.8250151269229842 0.010468482971191406 0.017314204463252315
0 0.41483652591705317 0.7384463416205513 0.009610732396443685 0.017241442645037616
0 0.3792304595311483 0.7674768706898629 0.00876201523674859 0.017069875458140434
0 0.31735675864749485 0.8528375036922502 0.012431595060560439 0.020784260314187886
0 0.4709937307569716 0.8706996588059412 0.01062774658203125 0.01742685577015818
0 0.5430890984005399 0.7007986704508464 0.008956114451090494 0.015141286967713156
0 0.5126934316423205 0.7243197641254944 0.009838475121392144 0.015119058114510996
0 0.47463056776258683 0.7525540575569059 0.00975269741482205 0.01705857265142747
0 0.35335856196783355 0.924314096499527 0.04257332071901608 0.047303689687795726
0 0.4738942762535478 0.9810785241248817 0.02181882686849576 0.030274361400189208
