0 0.5414596663581001 0.6160945656858844 0.020271619160970047 0.028320595070167823
0 0.42635767989688456 0.7128772500120563 0.009827534357706705 0.020372273009500386
0 0.48119404580858016 0.6818744047188464 0.015006224314371742 0.025176154242621526
0 0.38923035727606875 0.7302300017557026 0.009873708089192709 0.015203169834466628
0 0.47479168574015307 0.7423721831521871 0.009765519036187066 0.01949258498203607
0 0.5278708404964871 0.7216902132387514 0.011269940270317923 0.015281441770953896
0 0.4913162920210097 0.9159603825321904 0.013488928476969399 0.023533291286892362
0 0.5147009955512153 0.7234619988335504 0.011230786641438804 0.01833626076027199
0 0.5261451138390435 0.7423237223684052 0.009932253095838759 0.015095416410469716
0 0.546259429719713 0.7296530876630618 0.011612415313720703 0.016492443320191938
0 0.36192709869808615 0.7589798915533373 0.009688138961791992 0.01956525261019483
0 0.4097823037041558 0.7705133226182727 0.012978076934814453 0.021556147822627315
0 0.4857473108503554 0.7355648794291931 0.013749811384412978 0.021128006923345873
0 0.40686517291598845 0.7213233194233459 0.011387772030300565 0.015719001675829476
0 0.5471247567070855 0.7581904140519506 0.010336240132649742 0.015103705135392553
0 0.4870913293626573 0.7359040342731241 0.013316048516167533 0.02178116786627122
