0 0.5286519792344835 0.6953159379370419 0.013744460211859811 0.021985748667775848
0 0.35632830195956766 0.5579156757872782 0.01830403010050456 0.028033032829378857
0 0.10065344969431558 0.09387174359074345 0.014415529039171007 0.022498372160358195
0 0.4338973628150092 0.6828717832212096 0.012823634677463107 0.020402225447289736
0 0.38465844260321724 0.681647053471318 0.011856344011094835 0.020041053677782597
0 0.22884433137045967 0.6402186405511548 0.01777584022945828 0.02538803477346161
0 0.4508023262023926 0.7236230167341822 0.011373519897460938 0.017813600139853395
0 0.4133844243155585 0.7415790557861328 0.012857251697116427 0.017199057119864004
0 0.5649206903245715 0.7256368236777223 0.010067833794487845 0.013710445827907987
0 0.5494039323594835 0.7407775455050999 0.00893455081515842 0.01377392992561246
0 0.558131217956543 0.736280111618984 0.009690178765190972 0.017074255295741705
0 0.4196078379948933 0.7193155877384139 0.00916600227355957 0.011911415759428048
0 0.45086306995815695 0.7052319844563801 0.00924931632147895 0.015139356071566358
0 0.39544199572669136 0.7032706178264853 0.009788698620266385 0.014738294813368056
0 0.6144625610775417 0.8372583742494938 0.010054853227403428 0.017383810914592977
0 0.42817884021335184 0.7215037169279875 0.011758486429850258 0.013794369167751737
0 0.3809899753994411 0.7247525674325449 0.013548109266493056 0.015045589870876737
0 0.5358157157897949 0.7351489596896701 0.009880701700846354 0.015378598813657407
0 0.5290746423933241 0.7202203774157866 0.011590056949191622 0.013704511854383681
0 0.5667708449893527 0.841279724497854 0.013418462541368272 0.015851527084538967
0 0.46430672539605033 0.7812076851173684 0.012300703260633681 0.01880433824327257
0 0.5061514377593994 0.7623625390323592 0.009784221649169922 0.016936408148871526
0 0.4228631125556098 0.6885814902223185 0.012515968746609159 0.02039148778091242
0 0.48511885653592246 0.7221518219369213 0.012176884545220267 0.015933896288459683
0 0.5192447976531087 0.7294480356290489 0.005962017618864337 0.01318429912464353
0 0.498377735987083 0.750775578330678 0.008143243576985669 0.012408752117311508
0 0.4801281454708027 0.753231477187229 0.018467713112092454 0.019388675183299283
0 0.471185119042506 0.7280261994489402 0.010469884598981523 0.011891720779090207
0 0.4234035015106202 0.6912410170943647 0.013174215952555336 0.021220501558280286
0 0.524752641378313 0.7330148211064502 0.006244560394555592 0.011101440701432068
