0 0.44855474101172554 0.6078828175862631 0.017831352021959092 0.030847290415822723
0 0.3597834507624308 0.707366990454403 0.012148300806681313 0.0205661161446277
0 0.42218573888142896 0.6564141968150197 0.011786460876464844 0.02118734665858893
0 0.3963353236516316 0.6756985511308835 0.009710815217759874 0.019934571819540895
0 0.4922666549682618 0.9130439758300781 0.01278008355034722 0.020493589801552855
0 0.5040702290005155 0.7577854674539448 0.009707027011447482 0.021214897249951778
0 0.4769079420301649 0.7366344075144073 0.012041621738009982 0.015703789981794947
0 0.4349741803275214 0.7069351525954258 0.007401757770114476 0.01173688158576871
0 0.4635810587141249 0.7064697595290196 0.008244673411051432 0.013604387824918017
0 0.42712986469268804 0.7067911830949195 0.007355133692423504 0.011361628402898344
0 0.5351915624406602 0.7388068305121527 0.011350896623399522 0.014960960105613425
0 0.3844726880391439 0.729392652158384 0.013439390394422743 0.017533620198567707
0 0.40962209966447616 0.6951245672908831 0.008478403091430664 0.01799863650475019
0 0.39520417319403756 0.7269196215971018 0.007843759324815538 0.01383209228515625
0 0.6139989958869086 0.8367275661892362 0.009905073377821181 0.01925678017698688
0 0.5350401136610243 0.7273463967405721 0.011128001742892794 0.012995307828173226
0 0.40463923083411324 0.7209222817126616 0.008560366100735135 0.012909359402126737
0 0.4947298102908664 0.8631812672556181 0.012063927120632596 0.017113673834153163
0 0.49416157934400773 0.7508109292866272 0.012468920813666452 0.01600251374421296
0 0.5241563849978977 0.7019692409185716 0.01459730996025933 0.02035447108892747
0 0.5262888537512884 0.754036373562283 0.008306132422553169 0.01454784252025463
0 0.49365788035922575 0.7512463463677299 0.010768519507514108 0.014294235794632524
0 0.23842530780368382 0.5864678606574918 0.015841113196478948 0.022036752583068094
0 0.56650710105896 0.8401351740330826 0.013039006127251517 0.016349321530189042
0 0.4481453630659315 0.7444390661922502 0.01144817140367296 0.015384909547405479
0 0.51085631052653 0.7184262216827015 0.014155811733669706 0.017650180392795138
0 0.5351573891109891 0.8586502075195314 0.00946897930569119 0.019136216905381944
0 0.3736724283239122 0.7511967236506988 0.007290443554796582 0.016399365093782876
0 0.4997738764140345 0.7897269423814316 0.010264707641956505 0.01545525141555359
0 0.20059891400182145 0.6963823338924106 0.015122220805922133 0.020062647835385975
0 0.31463247467843986 0.6365878158167955 0.0176049734755512 0.022068912618924373
0 0.32162932311103065 0.6674842934832899 0.014896516017774069 0.022068912618924515
0 0.07278979417775956 0.834004270516993 0.011059534619256484 0.022871418532339902
