0 0.5374004311031766 0.680196714989933 0.022108236948649093 0.03199753937897859
0 0.2332781155904134 0.1841298915721752 0.016359965006510418 0.02447443832585841
0 0.42421587308247877 0.3169888037222403 0.018766403198242188 0.0339964171986521
0 0.4328829712337918 0.6378256715374229 0.020944065517849393 0.028150111068913967
0 0.398089779747857 0.6983461968692731 0.015142970614963107 0.02433772145965953
0 0.5535967350006104 0.9198405418866946 0.018095281389024522 0.032876191315827544
0 0.39305786291758216 0.5755364217875916 0.020254797405666776 0.030744858729986498
0 0.46647421518961585 0.7254693773057725 0.01825682322184245 0.02449873936029128
0 0.5294851726955838 0.6035699020197363 0.018710772196451824 0.02968008724259742
0 0.44521257612440324 0.7173814655822 0.01689592997233073 0.026867430887104554
0 0.206745704015096 0.6742445156898027 0.02017609278361003 0.03315617125711323
0 0.45052497916751433 0.76304539339042 0.01355560620625814 0.021104271029248653
0 0.4852701558007134 0.7698158688015408 0.014753076765272353 0.02736781555929302
0 0.34974992275238037 0.7483828273820288 0.013796620898776583 0.021975811616874036
0 0.3767518864737616 0.6603352346538025 0.01860531171162923 0.028984682059582368
0 0.1617843574947781 0.740271297501929 0.020042578379313156 0.03482884536554784
0 0.3166432910495334 0.17547406090630424 0.01612742741902669 0.023347195283866223
0 0.32124533918168807 0.24519200972568844 0.025524695714314774 0.0253160971182364
0 0.5263481669955784 0.5435098012288411 0.029896418253580734 0.03829480394904996
0 0.48263533910115564 0.6742397355444638 0.012968593173556857 0.01814194667486497
0 0.4552206993103028 0.2302104573190948 0.02060763041178386 0.029211444619261187
0 0.46463272306654185 0.6531827479232978 0.01242881351047092 0.01975532814308449
0 0.5005775557623969 0.7031351489785277 0.01376077863905165 0.020252321973259067
0 0.13791267739401925 0.6324578508918668 0.015179726812574599 0.0216862713849103
0 0.3435404300689698 0.17745295277348272 0.013943354288736977 0.025821556279688705
0 0.4095171954896715 0.7209682935549889 0.012414428922865126 0.017904446448808835
0 0.2699412769741482 0.6338543833037954 0.013610468970404733 0.020786803445698304
0 0.3325141800774468 0.6838593188627268 0.015958309173583984 0.023887445897231865
0 0.43422031402587885 0.7060464223225911 0.01428635915120443 0.022223437273943866
0 0.29103114869859487 0.6296382480197482 0.012683974372016061 0.020981117531105323
0 0.07781885067621866 0.6876168427643953 0.015957156817118328 0.028154067051263502
0 0.6169760227203369 0.30598680472668305 0.01620785395304362 0.028664482964409724
0 0.3635578287972344 0.7876708183759525 0.013282537460327148 0.02599800957573785
0 0.46890483962164986 0.7699290381537542 0.011603514353434242 0.027124051694516784
0 0.4131060706244575 0.753528642065731 0.013976997799343534 0.01796995563271605
0 0.3128385146458944 0.5973789073802807 0.012776825163099501 0.023377689314477236
0 0.4185378419028388 0.7860729076244213 0.014605707592434354 0.02485826280381944
0 0.3771751986609565 0.7970571635681907 0.015366978115505643 0.028066187729070217
0 0.43225298987494576 0.7527257660288869 0.012669987148708768 0.01925593246648341
0 0.39701452520158553 0.7687937418619792 0.012630224227905273 0.02125916657624421
0 0.2686271535025702 0.8131929562415607 0.019762436548868816 0.033013614607445986
0 0.5817238224877251 0.244216118329837 0.029914908938937716 0.04132070659119406
0 0.36297669675615096 0.6739626048523703 0.012476735644870333 0.021923724515938464
0 0.42627669705284965 0.7838668823242188 0.010409116744995117 0.023097097137827937
0 0.2620055940416124 0.590455490865825 0.015258683098687064 0.021027882893880204
0 0.36338395542568636 0.67335597379708 0.01434236102634006 0.023423324396580826
0 0.5062610573238797 0.5864604431905864 0.02003876368204753 0.028454062379436727
0 0.3942969905005561 0.6415320502387154 0.008913728925916884 0.018791292920524692
0 0.6029768255021837 0.8579667644736207 0.013062742021348741 0.020223358531057098
0 0.5048582553863525 0.7556921405556761 0.016049438052707247 0.025718594774787808
0 0.34382692972819007 0.7193409013159482 0.01374726825290256 0.022398583682966818
0 0.49765992164611816 0.8214136759440103 0.01197671890258789 0.017983707380883486
0 0.4831052091386583 0.8270643257800443 0.010593043433295358 0.01783564061294367
0 0.1375201212035285 0.6331308152940538 0.01588398880428738 0.023138164002218364
0 0.46224045753479004 0.842437885425709 0.011070516374376085 0.015447263364438657
0 0.406911849975586 0.6379619174533421 0.012014071146647133 0.018413308226032023
0 0.3125515778859456 0.5971285502115886 0.014238622453477647 0.024603196132330248
0 0.5049886968400743 0.754630618625217 0.016582647959391277 0.026494909215856483
0 0.3462388647927178 0.5199982207498433 0.016596820619371202 0.026573605007595487
0 0.49500974019368493 0.8569553045578944 0.01039473215738932 0.015467985176745757
0 0.4822061326768663 0.7258780915060161 0.009427918328179253 0.01589763311692226
0 0.3039000166787042 0.7682963006290389 0.011604865392049156 0.022853851318359375
0 0.49258430798848474 0.7262443495385442 0.008810838063557943 0.015316668851875966
0 0.33566052926524337 0.7406918950347472 0.016518096645204067 0.02661248903949527
0 0.33824148186605646 0.652289488915044 0.00894730234948554 0.02233001953888703
0 0.33720910082573124 0.6191003502853285 0.009979683389810817 0.03181263057594855
0 0.24978445543715788 0.4634505098055395 0.011213687260952341 0.022593503222066928
0 0.19088187648643296 0.5012656646229158 0.014951583014603073 0.023479522956265625
0 0.28949858088930935 0.30605487228003786 0.028736991485335893 0.0387890255439924
