0 0.16814456947162426 0.17367906066536204 0.03577544031311154 0.04990215264187865
0 0.24005045904513458 0.6977003846003433 0.01758502245302079 0.03603108178698051
0 0.2774558881613059 0.6717368109597252 0.017286971225003462 0.0264934424904267
0 0.2939977313162662 0.6600796962639373 0.014008407716813167 0.02225449169195841
0 0.254356917989965 0.7649937285260273 0.008643485612501785 0.0264934424904267
0 0.30594958555975993 0.7786422747936436 0.009239588068536371 0.01536619664444757
0 0.417718796066248 0.7868552419656757 0.022949944557332173 0.03285186868812914
0 0.38910587817658704 0.7399618487576204 0.01877722736509 0.032321999838320604
0 0.39581203080697636 0.7155878816664278 0.0202674835051765 0.022784360541767086
0 0.3606419859009348 0.6790269310296386 0.023247995785349432 0.029142786739469528
0 0.36615593361925475 0.6988970128974589 0.019969432277159242 0.021194753992341477
0 0.36317542133908176 0.5643103250460908 0.025930456837505247 0.043449245684299954
0 0.38642341712443135 0.579411587265634 0.019373329821124656 0.03444147523755475
0 0.39566300519296765 0.5590116365480055 0.015200612628882339 0.027553180190043845
0 0.45691253255052316 0.5558324234491541 0.016094766312934324 0.027553180190043776
0 0.47703099044169095 0.5908037675365175 0.027718764205609005 0.029672655589277924
0 0.4965533458768242 0.6567724393376803 0.01371035648879591 0.024903835941001092
0 0.5557165146382586 0.7563877831016851 0.021161637189228415 0.0344414752375549
0 0.4068399262436165 0.6260400460487852 0.015498663856899669 0.020664885142532938
0 0.40892628483973753 0.6859152260771496 0.020863585961211087 0.024903835941001092
0 0.4148873094000836 0.7187670947652791 0.011325946664657494 0.020664885142532938
0 0.430087922028966 0.7457904061055143 0.013114254032761324 0.02702331134023538
0 0.44066874062358025 0.7471150782300355 0.009239588068536406 0.021194753992341477
0 0.4430772319032863 0.8628143137131835 0.009376651602735464 0.02013341642838441
0 0.47845278113178835 0.778167369374492 0.01315166718305754 0.02749402028392268
0 0.4916044483148459 0.7040201099473774 0.00925487690659594 0.022081811566615244
0 0.4630482820701515 0.6708973925974544 0.013273441879196924 0.022514788263999747
0 0.43114331168162295 0.6915720298975698 0.009133102210456698 0.019267463033615116
0 0.3899789934208937 0.29353476418574814 0.008396085761533953 0.025153705491344668
0 0.38828302703624895 0.8760532870589565 0.007060432844154292 0.019566166836087574
0 0.4934627104351945 0.861840128130855 0.014743845056910416 0.01476691836685859
0 0.33917148681146986 0.834152156192995 0.009760010108095614 0.019196993876916223
0 0.35173490407827374 0.8564871202228688 0.012459587372037007 0.019566166836087858
