0 0.4339365959167481 0.7666840494414906 0.01631609598795573 0.025819801989896796
0 0.3910209992758871 0.33019551049963786 0.036205648081100675 0.055354413066216065
0 0.29770098316733073 0.6761956791904413 0.008209597053903579 0.023977235839972338
0 0.36796586795174946 0.8993998583235941 0.013487195159984396 0.025019724354753664
0 0.4005787177867621 0.7883618914473849 0.009021535224069765 0.022854555900976833
0 0.42561347803355587 0.8302619105991761 0.00947261198527336 0.01924594181134907
0 0.4388074732987582 0.826853775070083 0.009698150365875123 0.020448813174558184
0 0.43226686026130745 0.8559231663476413 0.00924707360467167 0.017642113327070063
0 0.492124746473011 0.710896975656705 0.010374765507680336 0.01523637060065127
0 0.45491091367372277 0.7395654098131936 0.0072172281792558125 0.014835413479581519
0 0.44498722492724596 0.7293410032259144 0.0076683049404594784 0.016840199084930417
0 0.4252526166245931 0.735355360041961 0.006540613037450669 0.020047856053488432
