0 0.4529193235759934 0.7172300753842435 0.006957038058284724 0.017838559123806733
0 0.4487049639829941 0.7672969646583945 0.004415043383142176 0.01760071166882284
0 0.45626405341170717 0.773599922215473 0.006421881284570433 0.016411474393902097
0 0.43211510399785374 0.7364957192379548 0.022075216915710884 0.026401067503234118
0 0.4169969251404275 0.6502760168062219 0.01190723821514105 0.020930576038599893
0 0.36053788551357885 0.7080729483673558 0.019667011433997385 0.027114609868186673
0 0.37507800377694245 0.7888210844547362 0.015653335631140523 0.024498287863361126
0 0.3926712827127969 0.7972646691066714 0.016589859985140266 0.025211830228313515
0 0.41621818075622186 0.8253306687947941 0.009900400313712865 0.02235766076850453
0 0.45943209023364373 0.7877507709073077 0.010435557087427015 0.017600711668822697
0 0.4185594916412215 0.7835884404450862 0.01244239498885527 0.015460084573965815
0 0.4099300886650799 0.7533818136621068 0.009097665153141463 0.015460084573965957
