0 0.558922455968689 0.5376712328767124 0.04017857142857153 0.05381604696673193
0 0.045132093933463804 0.07436399217221135 0.02421722113502936 0.03718199608610567
0 0.04403131115459882 0.1824853228962818 0.019814090019569474 0.040117416829745595
0 0.18520670254403132 0.1394324853228963 0.015961350293542082 0.032289628180039144
0 0.07898116438356166 0.3155577299412916 0.015961350293542082 0.026418786692759325
0 0.1186093444227006 0.312133072407045 0.017062133072407056 0.023483365949119383
0 0.4270653341713907 0.45375540520040336 0.017857907905178008 0.034070371721531954
0 0.614137808446365 0.6848919042657967 0.02439128884609666 0.03794200487170627
0 0.3641270977738732 0.5671942565005043 0.02003570155215094 0.024004125531079338
0 0.44622991826475245 0.6167511608227325 0.02047126028154544 0.031747391831427337
0 0.3926561945492185 0.6101693844674366 0.014373438070021364 0.024778452161114187
0 0.3754516247381325 0.6256559170681331 0.012195644423048364 0.02322979890104456
0 0.354327026362495 0.6910865173060752 0.016986790446388865 0.028650085311288365
0 0.3508425565273383 0.7367717884781294 0.018729025363967155 0.031747391831427475
0 0.3987540167607427 0.7371589517931468 0.02047126028154551 0.024778452161114045
0 0.459950018240682 0.663597921939839 0.02003570155215094 0.029424411941323142
0 0.4908746880276975 0.7243825623975724 0.02264905392851851 0.028650085311288223
0 0.4381720817709527 0.7205109292473982 0.023520171387307585 0.03639335161163643
0 0.4586433420524982 0.7255440523426246 0.015680114258205008 0.027875758681253443
0 0.44274544842959584 0.7499353411887213 0.010017850776075435 0.0162608592307312
0 0.4564655484055253 0.7569042808590346 0.010453409505470078 0.010066246190452545
0 0.44122099287671473 0.7696806702546091 0.032231345975199305 0.034070371721531954
0 0.38938950407875916 0.7828442229652011 0.01655123171699415 0.02322979890104449
