0 0.4586982197231717 0.6699402891559365 0.017983330620659724 0.021712974265769677
0 0.039360147383477956 0.147899403984164 0.01542392373085022 0.027792094666280864
0 0.5420084264543321 0.6645463072223429 0.01996755599975586 0.025125574182581017
0 0.5356157090928819 0.42971733470021944 0.013566229078504775 0.025608627884476275
0 0.4379223452674018 0.6925070491837867 0.017758528391520183 0.033224788712866514
0 0.6297184361351861 0.9122476460021219 0.016189310285780165 0.029906284661940584
0 0.47967910766601557 0.30386862342740284 0.02009879218207465 0.03158953160415461
0 0.4969150755140517 0.6987294797544127 0.014889187282986112 0.022187127007378474
0 0.4278567367129855 0.9521512632016783 0.019692262013753254 0.026557451413001542
0 0.045058950781822205 0.7063898863615813 0.017543564240137737 0.03389339682496624
0 0.3996722830666436 0.4496890174018012 0.014248397615220811 0.025083329942491316
0 0.43322609530554873 0.6242138897931134 0.010625653796725802 0.019934383439429014
0 0.38636068503061927 0.583711247385284 0.015326526429918077 0.022700698287398725
0 0.531192832522922 0.9143485081048659 0.013923750983344186 0.023433638207706404
0 0.46241707271999777 0.6169506355568215 0.016377554999457464 0.023118525375554592
0 0.5238907072279189 0.6788711547851562 0.01838737063937717 0.026366716549720292
0 0.37120162116156685 0.6544619666205511 0.01627175013224284 0.01970724411952643
0 0.4007364643944635 0.6711191248010705 0.02045361200968425 0.02223780125747492
0 0.35060176584455705 0.6942610093104987 0.013028595182630751 0.021202181592399692
0 0.4302105241351657 0.8181741973500194 0.01696080631679959 0.021830994405864196
0 0.35475165314144563 0.7410473764678578 0.012234343422783744 0.017628328299816743
0 0.39032044675615096 0.7603041801923587 0.01629482375250922 0.02228145834840374
0 0.3831249607933892 0.7227211940435716 0.018492115868462458 0.026181444709683643
0 0.3635826508204142 0.7572935834343051 0.014268742667304147 0.020930678756148725
0 0.23870297273000085 0.6413682772789473 0.013819562064276803 0.020948763246889466
0 0.12496327691608006 0.6850709797423563 0.021434055434332952 0.027689144935136956
0 0.12274681528409323 0.24096098063904559 0.02936076455646091 0.03404720918631848
0 0.25805823008219403 0.5946115093466676 0.015590508778889976 0.023171789852189432
0 0.6133306556277804 0.5232889387342666 0.022528277503119573 0.03390234488028067
0 0.47398808267381454 0.6364444214620708 0.019569449954562716 0.02408185417269483
0 0.23501794868045384 0.9028574625651042 0.017698579364352755 0.02703348795572917
0 0.2548031277126736 0.8541850808226031 0.019200907813178167 0.02430357756438079
0 0.4631491237216525 0.7426932064103492 0.011439535352918837 0.01666127899546682
0 0.40014256371392143 0.6953104513662833 0.017254246605767146 0.020972970091266398
0 0.23882259262932673 0.6704861911726586 0.014269563886854384 0.021057929521725503
0 0.3865488237804837 0.41201019287109375 0.014190859264797635 0.03080466941550926
0 0.5406994289822048 0.836282847840109 0.01144536336263021 0.016748028036988813
0 0.3902862601810031 0.8149692865065586 0.011863443586561415 0.02197962631413966
0 0.36883699893951416 0.7214042757764275 0.010737233691745333 0.016380875198929397
0 0.49214439921908903 0.7577812759964554 0.010415871938069664 0.01940936806761188
0 0.48328190379672586 0.6016578909791546 0.010289563073052298 0.015027693760247878
0 0.3728861411412556 0.6877930017165196 0.010437726974487305 0.01875008477105035
0 0.4738143731321219 0.7416273752848308 0.014003064897325303 0.021860052038122108
0 0.40003943443298334 0.6950839949242862 0.018367608388264973 0.022846174828800154
0 0.45049471325344503 0.7563391555974514 0.014027701483832467 0.02463818773811246
0 0.5426549116770427 0.4757412804497613 0.01251448525322808 0.017000504481939623
0 0.26124420430925155 0.6256716928364319 0.011380010181003146 0.01606199476453993
0 0.41628620359632706 0.7540498191927686 0.016561508178710938 0.028561391948181906
0 0.4843841393788655 0.8592776545771846 0.011177539825439453 0.017157001259886187
0 0.4821850723690456 0.6821457898175275 0.010129451751708984 0.014536963568793405
0 0.47356645266215014 0.6367013248396509 0.020443439483642578 0.023949988094376932
0 0.29275990857018364 0.7202639167691455 0.01358697149488661 0.020029797966097607
0 0.1805275605083402 0.7914013246730608 0.01863955691673109 0.03313699007418862
0 0.16142776761835645 0.7558097427415248 0.014037197184204882 0.016773044358539976
0 0.1539489330530014 0.7457868259906898 0.011045663358062896 0.014727551144083861
0 0.37451702323431946 0.7009905245941017 0.012196253291194453 0.016773044358539834
0 0.47668940929640113 0.7658326594923597 0.015417905103962681 0.024545918573473102
0 0.4267538061984919 0.7852648450296925 0.018639556916731054 0.02740960907371175
