0 0.35760465690231014 0.4259000913219676 0.01797530808852102 0.026010781730159492
0 0.39021102971404587 0.467888924686368 0.014631064723214777 0.02378128615328869
0 0.38343840335339197 0.5306199472952545 0.014840079933546448 0.03046977288390117
0 0.23096180741646127 0.6487832128694079 0.010450760516581994 0.027497112114740006
0 0.32230145433138757 0.5898873713804038 0.010032730095918652 0.022666538364853325
0 0.26116450530938307 0.7517115920016108 0.017348262457526006 0.031212938076191393
0 0.5141774174158322 0.572608780659655 0.01254091261989842 0.023038120960998398
0 0.5535767845633462 0.6292751265717882 0.019438414560842433 0.021923373172563102
0 0.5567120127183209 0.6623459776287055 0.014840079933546519 0.02563919913401449
0 0.542185455600272 0.6627175602248505 0.01212288219923508 0.018950712403401865
0 0.4625506604639174 0.5627618418618089 0.014631064723214706 0.022666538364853252
0 0.4392454645119397 0.6116249532548944 0.014004019092219835 0.02229495576870832
0 0.38312488053789456 0.5779967283037595 0.018811368929847562 0.021923373172563033
0 0.4054895080433799 0.6158981531105634 0.01254091261989835 0.017464382018821497
0 0.38751419995485903 0.6142260314279102 0.007942577992602295 0.01189064307664431
0 0.4884685465450407 0.6608596472441249 0.015049095143877977 0.015978051634240983
0 0.48658740965205594 0.6801819422436719 0.00961469967525538 0.018950712403401865
0 0.4861693792313927 0.7037774370988882 0.010450760516581852 0.014863303845805547
0 0.46934365479969564 0.6796245683494543 0.019438414560842433 0.023781286153288762
0 0.40643007648987234 0.6532422040231495 0.016512201616199533 0.020808625384127737
0 0.4206366261986059 0.7671908742755992 0.0119411278287064 0.015439033960347643
0 0.3810137929488073 0.7583858002200884 0.011398349291037987 0.011338040564630347
0 0.4432976301462647 0.75657653842786 0.010584181484535264 0.013026684904043436
0 0.4702497555725239 0.7363695494368959 0.007463204892941491 0.014232859432195539
0 0.4380222798984583 0.7281675626454611 0.011398349291037916 0.020504966978586767
0 0.39276811932034916 0.6548321513338098 0.010719876118952315 0.01230298018715203
0 0.40050271348212496 0.7190006362315049 0.008548761968278456 0.010855570753369506
0 0.39229318809988933 0.7338365829277765 0.007598899527358611 0.010131866036478102
0 0.39704250030448845 0.7362489319840807 0.006784731720855959 0.013026684904043294
0 0.3584118857043487 0.20931075693539938 0.01601235439111697 0.02737154596772136
