0 0.45384111669328475 0.6516949453471619 0.022376563813951277 0.038189593656563464
0 0.21434646182590059 0.19550622539755738 0.019646432664659288 0.032490388846691746
0 0.243076933754815 0.24988571214087216 0.021883699629041888 0.03244458893199026
0 0.5017524030473497 0.6954129536946616 0.026088237762451172 0.034596384307484566
0 0.25682922204335534 0.1032014599552861 0.01734614372253418 0.02571182486451702
0 0.5151935948265923 0.7621793158260393 0.025252183278401688 0.0366954567991657
0 0.46306090884738504 0.7060822616388768 0.01124445597330729 0.023104208487051504
0 0.1837231251928541 0.8183022487310716 0.01627271705203586 0.022152465066792054
0 0.28948142793443465 0.2783642521610966 0.018515374925401475 0.02536213250807774
0 0.3823841147952609 0.7383961618682485 0.02148734198676215 0.03206078800154321
0 0.38268654876285124 0.57621376602738 0.017801470226711698 0.024832784393687312
0 0.43011630905999076 0.7256380716959636 0.014637470245361328 0.02794722568841628
0 0.5323889785342747 0.578823937310113 0.015702936384412978 0.025589931158371916
0 0.4164403014712863 0.7589870970926167 0.012074894375271268 0.018907617639612267
0 0.5810395876566569 0.7069137714527272 0.016408072577582464 0.02415169609917535
0 0.4137878020604452 0.7041069784282166 0.014021529091729056 0.019167205433786652
0 0.3632924689186943 0.7491795104226949 0.010285721884833444 0.020897005811149692
0 0.4896357854207357 0.7835024374502677 0.013931592305501304 0.02104530805422936
0 0.2573253313700358 0.6156117239116151 0.027417023976643876 0.043823666042751744
0 0.4193000793457031 0.18840241726533866 0.019905143313937716 0.03260962168375651
0 0.41860699653625494 0.5700018611955053 0.020197073618570968 0.030380060643325615
0 0.4276747173733182 0.860592500663098 0.017748408847384982 0.02658985279224537
0 0.32976138591766363 0.6021031038260755 0.01455871264139811 0.019917052469135804
0 0.36260343922509086 0.5488648826693311 0.011500491036309134 0.018834667441285688
0 0.2250700990358988 0.05082962248060438 0.03874605231814914 0.035139919799051164
0 0.39439611964755594 0.6878560619589723 0.027621428171793624 0.037982940673828125
0 0.3010290463765462 0.700672432228371 0.015100744035508897 0.02163008701654128
0 0.3947563966115316 0.6869730537320359 0.02588907877604167 0.03357847237292631
0 0.5032487445407444 0.8860627633553965 0.012671470642089844 0.024287376874758872
0 0.4890979395972358 0.8641908904652538 0.01325580808851454 0.019047584062741128
0 0.4187855985429552 0.570017002246998 0.01934835645887587 0.030093675778235917
0 0.5385412904951308 0.747762750696253 0.011652893490261503 0.017037285698784724
0 0.1923471424314711 0.7465936872694228 0.012807395723130967 0.020428268997757525
0 0.5765696366628011 0.8642834321952161 0.009903430938720703 0.014443668318383486
0 0.5154393780649432 0.12540236126583554 0.011336091315714327 0.02743054194913597
0 0.33579381985341455 0.12092390543740518 0.01731902839900805 0.0207128582064904
0 0.3668485106335335 0.48087419457770963 0.011336091315714327 0.020153051227936557
0 0.33630404236619205 0.7064764069348888 0.013225439868333381 0.023511893099259284
0 0.08265899917708372 0.6090699926665286 0.014799896995515942 0.023511893099259353
0 0.2219984549327392 0.5270582703083976 0.011965874166587334 0.022952086120705602
0 0.3215041453706761 0.7352112991440553 0.011336091315714327 0.025751121013474716
0 0.28245760861654895 0.6635560058891694 0.01700413697357149 0.02463150705636707
0 0.33646148807891035 0.6464818930432787 0.014170114144642981 0.026310927992028325
0 0.34123634567436717 0.8934239224715756 0.02083900785808197 0.029858876930982915
