0 0.4290374252531264 0.5616091739984206 0.02051711082458496 0.032141650164568866
0 0.43912764390309655 0.7138715437900873 0.013266060087415908 0.017161381097487462
0 0.4086541997061835 0.7320500126591435 0.015087895923190646 0.02441236707899306
0 0.4660886923472086 0.7273752659927181 0.01014216740926107 0.02170562744140625
0 0.4297865231831868 0.7949347554901499 0.012963294982910156 0.025594310995973188
0 0.5154090457492405 0.7265485598717207 0.013098610772026908 0.015934791093991128
0 0.3816814025243124 0.7527990458924094 0.012252145343356662 0.02485242302035108
0 0.2843843698501587 0.7281624358377339 0.026790857315063477 0.04143302823290413
0 0.36802126301659477 0.7244717397807556 0.017131831910875108 0.01968247213481385
0 0.3969766206156929 0.8828087507379141 0.013088895412338885 0.018728825955867164
0 0.40384030967338286 0.8541479716236328 0.012769654060818425 0.0192963661363477
0 0.44693789212864504 0.8311625943141595 0.008938757842572897 0.017593745594905386
0 0.3822499356168011 0.8782214748054478 0.01544617323239727 0.021490327975509302
