0 0.38538783126407195 0.6736575468086903 0.023298237058851458 0.03607205991391783
0 0.410841253068712 0.7502559143819927 0.01467275619506836 0.023625785921826778
0 0.21581900119781494 0.6348454275248963 0.01846268441942003 0.030011918809678816
0 0.412545018725925 0.7184578930890119 0.01642804675632053 0.025453120102117092
0 0.3939679066340128 0.7360927675977165 0.012065119213528104 0.023999390778718172
0 0.3146497805913289 0.6503840081485701 0.012533320320977103 0.02400570151246624
0 0.4562411175833808 0.6174962079083478 0.028196361329820417 0.03323025173611111
0 0.21629612313376534 0.6338278452555338 0.02033015092213948 0.031798986741054205
0 0.4647742112477621 0.42449866400824654 0.013741228315565322 0.027866128050250773
0 0.4734704394158743 0.6347315978472594 0.01858945666846189 0.023133546076308208
0 0.5076249488823565 0.7848881704461698 0.014606001668077226 0.026910451558154448
0 0.2858792871942751 0.6947145520670911 0.00982585566761557 0.025021998817231293
0 0.1507073808478877 0.6833838356215525 0.011419237667769479 0.018412414224000317
0 0.31363069036362184 0.869160374009864 0.010622546667692561 0.023605659261539104
0 0.30234423452919856 0.9083457683840186 0.023635166335615843 0.03588060207753898
0 0.3294317285318145 0.8417778092664787 0.015668256334846475 0.02360565926153882
0 0.2830908686940058 0.4933582785661639 0.028149748669385168 0.03871328118892393
0 0.42423795754097027 0.8616065630461714 0.01088811033438489 0.02360565926153896
0 0.433399904041855 0.8594820537126329 0.008498037334154062 0.023133546076308277
0 0.40737466470600836 0.8545248652677099 0.010622546667692561 0.017940301038769632
0 0.3562536588677381 0.8372927340067864 0.014074874334692566 0.025021998817231435
0 0.2818726751597898 0.4926003870464498 0.037046615177149855 0.05447121362722115
0 0.28229049412795315 0.49309557989760644 0.03955352898612997 0.061403913543412895
