0 0.39824089739057755 0.7079214166711878 0.01248537169562446 0.0203904045952691
0 0.3858107328414917 0.6026219968442564 0.01415652698940701 0.024543573826919365
0 0.46596293979220915 0.6861858603395062 0.01195579104953342 0.017643775468991128
0 0.40904157691531706 0.7439935943226756 0.01247186130947537 0.021783993567949456
0 0.4505190981758965 0.728168887856566 0.013170003890991211 0.01573892287266107
0 0.47246858808729386 0.7931685977511935 0.012063980102539062 0.021626272319275656
0 0.31543178028530544 0.6008672361020688 0.014381673600938585 0.02535313735773534
0 0.5997148619757758 0.6940897482412832 0.018791622585720487 0.02926838250807774
0 0.39038428995344376 0.8049576841754679 0.01585237185160319 0.015523180549527392
0 0.5999676697235222 0.830297355532067 0.011806535458368685 0.016696110749208515
0 0.5653530544023954 0.830297355532067 0.01234319616102198 0.015742047277825293
0 0.5064545422862144 0.8338750935497545 0.01475816932296098 0.019081269427666712
0 0.43845179406760665 0.8088073078652271 0.011806535458368756 0.022420491577508556
0 0.4376468030136269 0.8639044733376151 0.008586571242450063 0.020035332899049935
0 0.3933722950447438 0.8348055374604232 0.011806535458368827 0.014310952070750177
0 0.39109148705846797 0.8779769095405194 0.011538205107042216 0.02146642810612519
0 0.3755283266815273 0.867243695487457 0.011538205107042126 0.017173142484899866
0 0.41014294200265405 0.8839398062366653 0.012074865809695438 0.01621907901351676
0 0.44328174039148494 0.8767843302012905 0.009659892647756223 0.014310952070750034
0 0.4511974857556184 0.8729680763157569 0.007781580188470372 0.011448761656600083
0 0.46555315955158977 0.8639044733376151 0.008586571242450063 0.011448761656600083
0 0.3343396177528996 0.7069610322950557 0.010196553350409445 0.02098939637043344
0 0.5323970134777337 0.7325464705336929 0.015240249781203872 0.014362966326596336
0 0.5029264099851646 0.7372797208004123 0.008813638427684225 0.025135191071543942
0 0.4920929794178028 0.7349947034302718 0.009915343231144718 0.02056515633126324
0 0.484381045793579 0.7283028668462896 0.008446403493197323 0.020238725278386056
0 0.42929763841511964 0.6995417463158264 0.0051412890828157745 0.020238725278386056
0 0.42443177553316885 0.7028060568445983 0.00752831615698021 0.02089158738414042
