0 0.42116424772474503 0.5724765636302807 0.01746511459350586 0.024025151759018135
0 0.5032648245493571 0.7210889510166498 0.014516141679551866 0.01657815627109857
0 0.4565016428629557 0.5980731351875964 0.028741518656412765 0.0412210535120081
0 0.3825860023498535 0.7166547657530984 0.014453358120388456 0.02195810388635706
0 0.43027287059360086 0.726705480504919 0.01888243357340495 0.020279119044174385
0 0.3648235268063015 0.7044428837152175 0.01281595230102539 0.022194144166546102
0 0.4389317168129815 0.7037355399426118 0.013368103239271376 0.019337877815152393
0 0.6045253541734484 0.5949641098210842 0.01436964670817057 0.026894934383439432
0 0.46992315186394584 0.7151807620201582 0.013132148318820529 0.01658649209104938
0 0.3718543450037638 0.6452522513307172 0.012082179387410484 0.02360256807303723
0 0.4236755768458049 0.8080329424069252 0.010145902633666992 0.018374219352816357
0 0.2879899740219116 0.170218179255356 0.04127473301357694 0.05666741029715833
0 0.44944731394449866 0.6387864101080246 0.013397852579752602 0.021724182882426696
0 0.44374495082431376 0.7581336409957321 0.010928418901231553 0.019502427842881944
0 0.41030704975128174 0.7585890499162085 0.016586118274264865 0.018504672580295138
0 0.42687461111280656 0.691831777125229 0.015588866339789498 0.0192655869472174
0 0.1894795099894206 0.25854805369436007 0.03779824574788412 0.05211884298442322
0 0.43140086862776017 0.726072499781479 0.018077717887030706 0.018750178961106288
0 0.44668806923760307 0.6840358545750748 0.009718153211805556 0.015073658507547261
0 0.4813563028971354 0.5640508157235604 0.019294102986653645 0.027342855194468562
0 0.2155313324207867 0.6814848424092185 0.01505414292250812 0.023721679756679492
0 0.1294832200341775 0.7733303204414905 0.015396282534383339 0.02737116895001492
0 0.1766984864729531 0.7912736423087224 0.018133399429384873 0.026762920751125564
0 0.2902888376155147 0.7216292235359069 0.012659165639381876 0.029804161745571635
0 0.3147518198645905 0.6793559737131063 0.01163274680375629 0.021896935160011993
0 0.29439451295801683 0.6726652435253248 0.01608056175813374 0.019463942364454992
0 0.3183609088498602 0.7593978763131894 0.011974886415631474 0.020072190563344208
0 0.10161546472693012 0.7110421445014967 0.01573842214625854 0.02189693516001185
0 0.5118408593652776 0.6912740780375971 0.01368558447500746 0.023721679756679635
0 0.4543435579880811 0.8227156835454801 0.019960561044054827 0.02529281493998454
0 0.39730010333432625 0.8754334006839383 0.014014862009655502 0.018875235029839104
0 0.38063091139859956 0.8641082596660348 0.012528437251055777 0.021140263233419887
0 0.37128767005882923 0.8752446483336399 0.011254358886541525 0.023027786736403755
0 0.563137142010126 0.506784909632621 0.012369662890872135 0.018247445966676493
