0 0.699547455968689 0.6286692759295499 0.07925636007827777 0.09686888454011744
0 0.28950587084148727 0.24853228962818005 0.03852739726027398 0.03718199608610569
0 0.17447407045009786 0.19569471624266147 0.030821917808219156 0.041095890410958874
0 0.20116805283757344 0.12622309197651665 0.024767612524461847 0.03326810176125246
0 0.37674290606653627 0.3067514677103718 0.03247309197651667 0.042074363992172154
0 0.49975538160469674 0.25831702544031315 0.031922700587084164 0.027397260273972643
0 0.18600918538435326 0.6866069328651783 0.01226505077375137 0.02889100848928109
0 0.1554998715846467 0.6866069328651783 0.017477697352595724 0.020169194605724385
0 0.2971612080214752 0.687969716284484 0.01625119227522056 0.01962408123800216
0 0.4775704145029447 0.9773777952395255 0.021157212584721138 0.02343987481205815
0 0.5122191829387923 0.9877349492262488 0.014411434659157934 0.024530101547502597
0 0.4783369801763041 0.9351315092410484 0.02023733377668975 0.028345895121558728
0 0.4832430004858047 0.8947931200295994 0.014104808389814068 0.021804534708891196
0 0.6143257306302725 0.6696612991602962 0.02544998035553405 0.040338389211449055
0 0.5450281937585773 0.6037025816658997 0.025449980355534193 0.03161657532789242
0 0.5694049821714081 0.6786556697277137 0.02085058631537727 0.02889100848928095
0 0.5732378105382054 0.7835899930142535 0.014411434659157934 0.02616544165066955
0 0.5476345170479995 0.7849527764335592 0.017171071083251947 0.02453010154750274
0 0.5042468999358539 0.5524619251000051 0.023610222739471495 0.02725566838611428
0 0.45641320191822343 0.5652720892414789 0.02851624304897193 0.01907896787028001
0 0.46484542432517756 0.5840785004278976 0.02207709139275252 0.025075214915225102
0 0.3521602703413367 0.5481010181582269 0.021157212584721065 0.023984988179780516
0 0.42851021140793916 0.6197834260137073 0.022383717662096316 0.036522595637393136
0 0.40137378657101425 0.6197834260137072 0.02207709139275245 0.027800781753836504
0 0.37408404859941724 0.5674525427123679 0.019010828699314645 0.01798874113483528
0 0.36304550290304105 0.5919826442598708 0.01103854569637626 0.015808287663946104
0 0.34679431062782046 0.6304131366842917 0.02269034393144004 0.026165441650669762
0 0.37914338204358977 0.6516725580254608 0.026676485432909233 0.019624081238002303
0 0.40811956449657744 0.6944639573916601 0.014718060928501657 0.01798874113483535
0 0.4850827581018674 0.6748398761536578 0.016557818544564354 0.022349648076613705
0 0.4901420915460398 0.7070015648492727 0.016251192275220632 0.017988741134835493
0 0.5073131626292917 0.7140880386296624 0.014411434659157863 0.015808287663946173
0 0.4938216067781652 0.7432516038028044 0.014411434659158005 0.023984988179780516
0 0.45089392907003534 0.7195391723068851 0.014411434659157863 0.02343987481205815
0 0.4288168376772829 0.7279884295065806 0.012571677043095093 0.016353401031668397
0 0.3900286146052941 0.7451595005898324 0.01226505077375137 0.020169194605724527
0 0.36335212917238485 0.7233549658809412 0.01962408123800216 0.023439874812058007
0 0.3613590584216503 0.7511557476347775 0.013798182120470343 0.020169194605724527
0 0.4266704537918764 0.7519734176863611 0.01563793973653297 0.027255668386114137
0 0.4462945350298786 0.7669640352987238 0.016864444813908152 0.025620328282947184
0 0.45733308072625484 0.7465222840091382 0.01747769735259581 0.02834589512155887
0 0.48186318227375763 0.765328695195557 0.02054396004603355 0.03434214216650389
0 0.4222243728863915 0.7972178272073106 0.017171071083251947 0.02507521491522496
0 0.4390888177002996 0.8375562164187597 0.013491555851126548 0.029436121857003172
0 0.3903694925780245 0.7897399857336748 0.01127433727444334 0.018828522855636153
0 0.3814012697460808 0.815553283197047 0.005978815221295761 0.02186538138073871
0 0.4247049742774657 0.8501734703832164 0.015715742867405923 0.02429486820082076
