0 0.38901356856028246 0.6467226758415316 0.012599918577406142 0.02217290430893133
0 0.4375451140933566 0.6931795897307219 0.016925652821858723 0.026407265368803046
0 0.5225262376997206 0.7787285322024498 0.017107486724853516 0.02493097752700617
0 0.43251800537109375 0.7184961813467521 0.014688067966037326 0.022934383816189237
0 0.41612463527255583 0.7327169253502364 0.012420972188313804 0.021024539146894294
0 0.4538757006327311 0.6785300454975645 0.015100161234537758 0.02329188217351466
0 0.4568758540683323 0.7515855012116609 0.01086510552300347 0.015150282118055556
0 0.4085061417685615 0.7695018391550323 0.010075754589504667 0.02103843218014564
0 0.398832745022244 0.7735506458046996 0.010178248087565102 0.01456164136345004
0 0.4016478988859389 0.7484583442593798 0.014361990822686087 0.020936848204812886
0 0.5330664051903619 0.9146136531123409 0.013300842709011503 0.020472679609133872
0 0.3858864307403565 0.7677525885311174 0.010045687357584633 0.02160941229926215
0 0.4389016363355849 0.7620811462402344 0.007973670959472656 0.01600025318287037
0 0.3665037420060899 0.7740390447922694 0.00847233666314019 0.017307987919560185
0 0.42016568448808456 0.768263993439851 0.009219196107652452 0.018014272054036457
0 0.5026610692342123 0.7251072400881919 0.00791327158610026 0.013801339231891396
0 0.35298709074656165 0.5889189920307677 0.010536008410983615 0.022867461781442902
0 0.4318026304244995 0.7745848290714217 0.008735842174953885 0.014829659167631173
0 0.4102838966581557 0.6525454109097705 0.012202872170342337 0.02104243525752315
0 0.5531931983100044 0.7217833201090493 0.010837978786892362 0.015774715093918788
0 0.33850612905290395 0.8573048909505208 0.014371368620130751 0.018640212070794752
0 0.4538919395870632 0.6782572710955584 0.015733453962537978 0.023989265347704472
0 0.49846230612860787 0.8384017002435378 0.00961409674750434 0.015580542293595678
0 0.5154244369930691 0.7241493743142964 0.011836104922824435 0.017101852982132522
0 0.45457352532280815 0.7367038726806641 0.01115152570936415 0.01217382925528067
0 0.4758294158511691 0.8248463854377651 0.008664925893147787 0.014742533365885414
0 0.39394822385576034 0.6963291168212891 0.011534346474541556 0.02316627973391686
0 0.5150710741678873 0.8196024953583141 0.009586864047580294 0.014261693130304781
0 0.5406073729197184 0.8505467544367283 0.012029488881429039 0.01646008903597608
0 0.39278557565477157 0.8082011187518084 0.008857515123155382 0.014262164080584491
0 0.5816980732811822 0.824422859851225 0.007996082305908203 0.014337233555169753
0 0.45557000901963973 0.8237822261857398 0.011372248331705727 0.017475175268856096
0 0.6063898669348823 0.8512612331060714 0.010928948720296226 0.018887272587528935
0 0.4624352190229628 0.8595407274034287 0.011977142757839628 0.017263624403211806
0 0.3865732351938884 0.7649594295172042 0.010352346632215712 0.01942514490198206
0 0.48471763398912215 0.8502719078534915 0.008504019843207465 0.014694967387635031
0 0.5399406750996908 0.7293648660918813 0.015285280015733507 0.016007741292317707
0 0.44397407107883036 0.8496616975760753 0.009315172831217447 0.015694606451340663
0 0.5730045901404487 0.8585096288610388 0.011356194814046226 0.012853269223813657
0 0.41467670599619555 0.8302664109218267 0.009189844131469727 0.016879988305362654
0 0.5989693800608317 0.8370444686324506 0.009913179609510634 0.014483322331934799
0 0.5931638611687554 0.8529842988944348 0.0093028810289171 0.014299934293016976
0 0.5996828609042697 0.8372886563524788 0.010384559631347656 0.015129748685860341
0 0.4196014006932577 0.7860246352207514 0.00948680771721734 0.018251301329812886
