0 0.5206303861406114 0.6389564938015407 0.018873797522650823 0.0334562607753424
0 0.45844904581705725 0.6847770125777634 0.017182032267252605 0.022474595058111498
0 0.12775818506876627 0.816412419448664 0.016786972681681316 0.030494313181182484
0 0.48358686765034986 0.3526926747074834 0.017839908599853516 0.02848846529736931
0 0.4334291749530369 0.80569933667595 0.012789646784464516 0.021864808635947145
0 0.4187914795345731 0.7016948181905864 0.011000103420681424 0.024074789918499227
0 0.4037133190366957 0.734484095632294 0.010373353958129883 0.021095888114269868
0 0.4409327771928575 0.6458952632951147 0.025421619415283203 0.04269258475597994
0 0.35717754831909787 0.6963650031528081 0.011974886415631545 0.029195913546682276
0 0.37958133013879164 0.8414862767560656 0.01405937213631354 0.03283583209178232
0 0.33947076845577956 0.8552087140481538 0.013783698172856376 0.0259746134457383
0 0.5188183992263145 0.708175781680977 0.011026958538285002 0.02254400412271622
0 0.5022779614188869 0.8368236312943034 0.013783698172856376 0.022053917076570145
0 0.3195061236468111 0.7022947371272249 0.01874582951508465 0.030385396861052384
