0 0.42778542306688094 0.548278785046236 0.014090326097276475 0.021186216377917632
0 0.4881000253889296 0.6687211637143734 0.010529253217909072 0.019511517183280286
0 0.39298032389746773 0.7273247565752193 0.00873610708448622 0.0168868170844184
0 0.38682194550832116 0.5828914171383704 0.012169917424519859 0.02232770566587095
0 0.4920579592386882 0.9134604371624228 0.014139069451226127 0.019358693817515434
0 0.4268108208974202 0.7059286847526646 0.007504463195800781 0.014701325216411073
0 0.44312538041008837 0.6802466357195819 0.010650263892279733 0.022482459927782597
0 0.5580466853247749 0.7364108474166305 0.01040294435289171 0.019550323486328125
0 0.4183353980382283 0.6745745576458212 0.013875722885131836 0.023591359456380204
0 0.5046139558156332 0.7583107889434437 0.010308424631754555 0.01966005490149981
0 0.5140141381157769 0.7363123246181159 0.008677058749728732 0.016513070942443094
0 0.42141481240590417 0.7258236025586541 0.01114572419060601 0.017153751702956212
0 0.4463553561104669 0.8494674776807243 0.009289926952785917 0.015587794927903164
0 0.5348212983873155 0.7242026858859592 0.011816978454589844 0.016609521559727045
0 0.44963667127821183 0.7080475607036072 0.010259840223524306 0.01323285514925733
0 0.6143509811825222 0.8367302977008585 0.009698708852132162 0.018440340772087192
0 0.4402602381176419 0.726361851633331 0.013899511761135526 0.021628909640842013
0 0.49043379889594185 0.7467559531882957 0.010632620917426217 0.01428985595703125
0 0.47324373986985946 0.6946755161991826 0.010089927249484591 0.016510339430820795
0 0.40979486041598845 0.7478344528763382 0.010060363345675997 0.012734071708019868
0 0.42827444606357157 0.7661690653106312 0.010164419809977211 0.01661959989571277
0 0.5660500261518691 0.8407019155996817 0.011594825320773654 0.01571937843605324
0 0.5098731252882216 0.8496387622974538 0.010296503702799477 0.019542929566936727
0 0.5327955087025961 0.8643958480269819 0.01609341303507487 0.0213345186209973
0 0.3765208588706122 0.7583609216007186 0.009378247790866427 0.013450434178481867
0 0.49977429707845056 0.7894100613064237 0.009097735087076822 0.017937931013695986
0 0.3424064684317929 0.585596660554868 0.016670863856822322 0.021501419179169687
0 0.35699524396731436 0.7733695693790562 0.007095363482090207 0.01743022625095293
0 0.38995643250684253 0.6965389668255136 0.006708343655794451 0.017430226250952786
0 0.4154657835285734 0.6927368209342544 0.009159469222334665 0.019494331991197385
0 0.41881995535647065 0.7040894025055988 0.005547284176906899 0.016512845921955375
0 0.4795820680849159 0.7407846156654996 0.010449535309987396 0.01238463444146646
0 0.5252504075878238 0.7552333558472105 0.00838542956974294 0.014678085263960411
0 0.38489121725120284 0.8832079117423652 0.006063310611967978 0.019264986908948033
0 0.2867736739249331 0.8184503097091956 0.01663411406992374 0.019943744001148928
