0 0.5412256717681885 0.6028616634415991 0.019609928131103516 0.03164597499517747
0 0.09531951944033304 0.8060782632710022 0.014737652407752145 0.02883223545404128
0 0.3828052282333374 0.7147160989266855 0.017737838957044814 0.024259543713228204
0 0.4114154179890951 0.27417093441810136 0.019033802880181208 0.02531428395965953
0 0.5211167335510254 0.7463606139759957 0.017435073852539062 0.022852155897352434
0 0.525446785820855 0.7137715610457055 0.01050694783528646 0.020189308825834296
0 0.4839539792802599 0.7143227377055605 0.009633011288113065 0.017723177686149692
0 0.46234740151299375 0.7835405137803819 0.014814800686306424 0.02239594636140046
0 0.401346484820048 0.5547223738682123 0.021768755382961698 0.02919482007438754
0 0.3776720762252807 0.6855141675030744 0.01856838332282172 0.022613949245876737
0 0.47822695308261454 0.7949746685263551 0.012297047509087455 0.021483904049720292
0 0.3511692550447252 0.5971172474048756 0.012172354592217337 0.024265807351948304
0 0.30499014589521617 0.6822016916157287 0.014806297090318467 0.022147143328631366
0 0.20698789093229508 0.6595705762321566 0.01665068997277154 0.02509025291160301
0 0.4635504881540934 0.8204821362907504 0.016762786441379122 0.021627543885030864
0 0.370426164733039 0.8013243027675299 0.016977336671617296 0.02595152678313079
0 0.45602239502800834 0.5733379316918644 0.016013834211561415 0.024503260482976467
0 0.26240865389506024 0.6068597958411699 0.019692738850911457 0.027938748583381558
0 0.4114315509796143 0.7149738264672549 0.017012755076090496 0.02190653483072917
0 0.4092868566513062 0.5365045100082585 0.0194548765818278 0.02281551596559124
0 0.42213168409135604 0.7405984431137275 0.022779491212632917 0.031631140061366705
0 0.4959552552964952 0.7988727475390022 0.01649453904893663 0.031245525972342786
0 0.4602487352159288 0.5922112170560859 0.013857947455512155 0.017592441888503087
0 0.49583260218302405 0.8003317515055339 0.015477498372395836 0.02913661061981578
0 0.4627607663472494 0.7020446871533806 0.012782626681857638 0.020162511754918983
0 0.40956034925248885 0.7832567897843725 0.01127992735968696 0.020140706756968562
0 0.4559980498419867 0.5731853908962673 0.01743920644124349 0.026146406008873458
0 0.5591888162824843 0.8369042667341822 0.009839534759521484 0.01669386875482253
0 0.5333871046702068 0.705233962447555 0.0097097290886773 0.017545064290364582
0 0.5879544417063395 0.8708091547459731 0.010623984866672091 0.015038855281876928
0 0.2138250867525736 0.8682208120087047 0.01402800612979465 0.019606507854697145
0 0.3668915430704752 0.9020454500928337 0.01630014843410916 0.02557203504774306
0 0.42038491037156844 0.780734474276319 0.011147763994004991 0.016206670690465858
0 0.4955895211961534 0.7268631546585647 0.009481959872775607 0.015688389907648533
0 0.49597769313388396 0.6970580772117333 0.013326379987928603 0.019134144724151234
0 0.34655943181779647 0.7502258206591195 0.011919524934556749 0.02497449333285108
0 0.5342858897315131 0.7296825456030576 0.010774347517225478 0.016973048080632717
0 0.6045668654971652 0.8528643949532215 0.00987100601196289 0.013510056483892747
0 0.42661922507815886 0.8367467809606481 0.013965315288967557 0.019375648027584878
0 0.4829259448581271 0.7402760070047261 0.009752379523383247 0.014640525535300925
0 0.38798228899637854 0.8794181258590134 0.01306788126627604 0.019861951286410107
0 0.42579808500077987 0.6114489237467448 0.026594294442070857 0.03609871569974923
0 0.34366793711635324 0.35059579401828034 0.014453196914116333 0.01860641441817279
0 0.33818569001099874 0.4389762625046009 0.01844028571801047 0.02170748348786816
0 0.3314574776544274 0.47375253707189996 0.010466108110222194 0.014176315747179232
0 0.3304299846227285 0.6758115522600602 0.015449969115089885 0.02170748348786816
0 0.31672436685934235 0.7192265192357966 0.014453196914116404 0.019049424285271926
0 0.32856103674590315 0.7256501623087372 0.012708845562412634 0.02569457229176237
0 0.3092485753520408 0.7890005733039445 0.010964494210708935 0.023036513089166277
0 0.3431388301851412 0.7912156226394411 0.00847256370827516 0.02215049335496758
