0 0.4330057170655992 0.6600687474380303 0.019341972139146592 0.027882046169704862
0 0.439852582083808 0.6951627849060812 0.011388831668429904 0.019873348283179014
0 0.39456391334533697 0.7345448953134043 0.014671484629313149 0.0237625969780816
0 0.43295939763387037 0.7356933075704691 0.007369147406684028 0.014641326150776427
0 0.5831612481011285 0.7961837156319324 0.01424757639567057 0.02576950450002411
0 0.4281054470274184 0.7138833881896218 0.006977213753594292 0.01483775951244213
0 0.49113038208922716 0.7464189097063013 0.013367104248048847 0.031108897159095362
0 0.41073465780368174 0.8837737036694908 0.01409621902521508 0.01901099270833612
0 0.4181473247048723 0.8416470720998825 0.013367104248048775 0.015986516595646236
0 0.39736755355563275 0.858713758735775 0.013124065988993436 0.012097904450759388
