0 0.594147504892368 0.6081213307240705 0.03027152641878672 0.045988258317025486
0 0.5338796477495109 0.6986301369863014 0.018713307240704538 0.04305283757338557
0 0.6615704500978475 0.7363013698630138 0.027519569471624407 0.03424657534246577
0 0.349223336594912 0.2930528375733855 0.02256604696673186 0.026418786692759256
0 0.4171966731898239 0.151174168297456 0.017612524461839526 0.030332681017612533
0 0.4482937866927594 0.48581213307240717 0.02256604696673186 0.04403131115459893
0 0.133869709063971 0.7666672387879708 0.016661063646167183 0.027553180190043918
0 0.4822021792477912 0.5930822035906945 0.015886130453322166 0.027553180190043845
0 0.4463615190787108 0.5985928396287032 0.027897594942419418 0.03444147523755497
0 0.34252047123748297 0.5703508299339082 0.02092319620681458 0.026175521180541637
0 0.20574476270034325 0.5851606642860568 0.040296526027939164 0.033752645732803684
0 0.24487888893901494 0.589638056066939 0.02402292897819457 0.027553180190043845
0 0.21388156122521557 0.6984731178176122 0.02634772855672946 0.027553180190043918
0 0.5022047644059875 0.61991764258983 0.01016993693993193 0.02781521214340337
0 0.4945121197975774 0.5853804208451041 0.013559915919909144 0.02364293032189295
0 0.3693436651522626 0.6481964416022901 0.022947550018307724 0.021324995976609175
0 0.4259302373564967 0.6607132870668202 0.01043070455377625 0.021324995976606923
0 0.42658215639110963 0.6414744320009675 0.010691472167620618 0.01437119294075849
0 0.39489889130901434 0.6653491557573887 0.011995310236842726 0.02317934345283618
0 0.3857720248244601 0.6984956168949443 0.02711983183981822 0.031060320226800258
0 0.4072853529666236 0.6780977946564487 0.0159068244445087 0.02178858284566587
0 0.48069143626382393 0.6716075784896545 0.01929680342448606 0.019934235369439078
0 0.4563096643693719 0.6537594840309708 0.013299148306064695 0.009271737381134387
0 0.4520069987409393 0.6711439916205978 0.013559915919909073 0.016225540416985353
0 0.4684353584131368 0.7015089315438129 0.012516845464531485 0.018543474762268915
0 0.4529196853893947 0.71889343913344 0.014863753989131184 0.023642930321892807
0 0.4190198955896218 0.7277015896455178 0.014342218761442354 0.026424451536233278
0 0.4016788492689689 0.7293241436872164 0.015646056830664463 0.02225216971472264
0 0.3642586966822966 0.7372051204611807 0.012256077850687035 0.021324995976609244
0 0.4615250166462601 0.80094831495648 0.00808379602917654 0.019934235369439078
0 0.4049384444420239 0.7678018538189242 0.008605331256865441 0.026888038405290048
0 0.7056035032046242 0.7550532149198645 0.02529445854290728 0.024570104060006343
0 0.6276339866651468 0.7775371780691154 0.021122176721396782 0.032451080833970566
