0 0.07632289992438424 0.062321545165262116 0.0313406785329183 0.04877131662251037
0 0.45584842893812394 0.6273831732479143 0.01924843258327908 0.02776802910698785
0 0.3571206331253051 0.5815660924087336 0.02046190367804633 0.0280222009729456
0 0.3651185035705566 0.6493405471613377 0.025896655188666448 0.03434715741946374
0 0.571792893939548 0.41975850234796974 0.02046230104234483 0.03165699523172261
0 0.3844414287143283 0.6236297230661652 0.0152027342054579 0.022620118694540895
0 0.37243925200568306 0.7016392225100669 0.014007250467936196 0.019807839099271796
0 0.4339912202623155 0.7638182698944468 0.012971984015570748 0.023047977023654513
0 0.3522170384724934 0.6827860702703028 0.017063882615831163 0.025974791726948304
0 0.2578573094473945 0.6969853860360605 0.015922254986233182 0.02731667035891686
0 0.295810341835022 0.692863299522871 0.015810463163587783 0.026038699679904513
0 0.40816071298387313 0.7724962352234641 0.013363467322455514 0.021834997483241705
0 0.5528036488427056 0.8031000207971644 0.014343844519721139 0.025719536675347224
0 0.40381766690148246 0.735425313313802 0.009759240680270724 0.01985790111400463
0 0.5245571931203207 0.7540135324737172 0.009526199764675565 0.014537575804157021
0 0.47287771436903214 0.3717397760461878 0.015242576599121094 0.021642473008897566
0 0.23830738332536489 0.6495531576651113 0.01821478207906087 0.022833317886164158
0 0.4888584613800049 0.8185449294102044 0.01650857925415039 0.024875217013888888
0 0.38084867265489364 0.7262417122169776 0.01828177769978841 0.03263303968641493
0 0.5029086536831325 0.7258290184868708 0.008477422926161025 0.013327563250506366
0 0.44197193781534827 0.7376292664327739 0.00860754648844401 0.013548015076437114
0 0.29573853810628253 0.75851614681291 0.013281822204589844 0.021685753339602622
0 0.24523716502719456 0.8301659572271655 0.014485253228081595 0.02379796534408758
0 0.13149032327863905 0.6433240160529995 0.01615076594882541 0.02503458658854167
0 0.4492396116256714 0.7585180777090568 0.013480954700046115 0.021572536892361112
0 0.5816863112979465 0.8248412049846884 0.007683277130126953 0.014934304319782021
0 0.22866926590601605 0.649346481134862 0.019182483355204265 0.024723476833767362
0 0.4414031902949015 0.8586216208375531 0.013111405902438693 0.016459618085696372
0 0.5077964994642469 0.7080860137939453 0.008264859517415365 0.013902970302252122
0 0.44829106330871576 0.7070606608449677 0.011589845021565758 0.013869815402560763
0 0.5365848541259766 0.7461169913963036 0.008628951178656684 0.014098508858386382
0 0.3804365396499634 0.7272786740903502 0.018011808395385742 0.03232574462890625
0 0.6303797562917074 0.1823940748049889 0.013216919369167753 0.026908050348729264
0 0.5920001930660671 0.8521008432647328 0.010481675465901695 0.015135494279272764
0 0.43135021792517764 0.6647382665563513 0.017509751849704318 0.023965246883439432
0 0.43007781770494247 0.7385679880777996 0.00939178466796875 0.0150972060215326
0 0.31850572427113855 0.7234972259144725 0.011188957426283095 0.022305335527584878
0 0.43171623018052846 0.664614924678096 0.01868936750623915 0.025855735496238427
0 0.5231101247999402 0.825864956702715 0.01081212361653646 0.016307595335407023
0 0.37639004654354513 0.5879311031765408 0.012655708524915908 0.021074224401403358
0 0.5217486752404107 0.8487280386465568 0.012150499555799697 0.01612458405671296
0 0.5182511806488037 0.7208794487847223 0.010157956017388236 0.014310954529562114
0 0.5339496930440266 0.3079780766993393 0.014021449618869357 0.022583290382667823
0 0.6042089197370741 0.8513732721776137 0.012263351016574435 0.01652319637345679
0 0.4496265252431233 0.7074164402337721 0.013659000396728516 0.014424547737027392
