0 0.42396178510453963 0.6317359783031322 0.01825192239549425 0.02859238047658661
0 0.3620298703511555 0.7187408871120877 0.0181529786851671 0.025362791838469328
0 0.42108449671003556 0.7301038812707972 0.015097273720635306 0.01986397637261285
0 0.32846481270260275 0.6494379632266951 0.020889732572767473 0.028067741864993247
0 0.4675807687971327 0.7524671201352721 0.014320426517062716 0.014706081814236112
0 0.4405446317460802 0.6874246479552468 0.01948902342054579 0.020754119496286652
0 0.3926741944419013 0.7382807084071784 0.018197880850897893 0.029684608365282597
0 0.35698839028676355 0.6427619133466556 0.015019496281941734 0.023430011890552663
0 0.43711321883731413 0.7403774261474609 0.013616853290134005 0.018932436719352817
0 0.492927180396186 0.780841850940092 0.016979217529296875 0.021754559175467786
0 0.3862931463453505 0.5819354116180796 0.014949957529703774 0.022379180531442902
0 0.36933671103583443 0.7365489535861545 0.013329611884223092 0.02068470142505787
0 0.5316951274871826 0.9165059313362027 0.012086709340413414 0.0237606660819348
0 0.45011111100514734 0.8061773041148244 0.021106322606404618 0.028500780647183643
0 0.5512296358744303 0.7269018432240428 0.010626157124837242 0.014561923933617861
0 0.374146858851115 0.6355724334716797 0.011884901258680556 0.021409446810498653
0 0.4746448198954264 0.7274915200692637 0.00817055172390408 0.013477137059341242
0 0.5020020802815756 0.7238929183394821 0.007711092631022137 0.01366424560546875
0 0.5377529197269015 0.7195965095802589 0.011269834306504991 0.012652503119574655
0 0.3870985905329386 0.7077502026970004 0.010524458355373807 0.019166263533227236
0 0.5813630951775445 0.8237403587058739 0.00874720679389106 0.01640508204330633
0 0.4908933374616835 0.7270400435836227 0.010310331980387367 0.01518334282769097
0 0.6039656003316244 0.8575260962968991 0.011753718058268227 0.019617622281298226
0 0.28810691833496094 0.7902509901258681 0.015919950273301866 0.029109436788676696
0 0.45585340923733186 0.7083355938946759 0.00962437523735894 0.013605094250337577
0 0.598796394136217 0.83736057046019 0.011076344384087455 0.01601692482277199
0 0.5658956633673773 0.8317908298822095 0.012592421637641061 0.014019718876591435
0 0.4558975431654188 0.7076333363850913 0.011232164171006944 0.01567006994176794
0 0.5765863789452448 0.8499394169560186 0.008696926964653863 0.016823285891685958
0 0.5202017360263401 0.8279168870713975 0.011693424648708768 0.017330687723042054
0 0.37418646282619894 0.634889155258367 0.012898074256049264 0.022330295892409334
0 0.44506638579898417 0.7241430635805483 0.01032831933763292 0.014225853814019095
0 0.4824199676513672 0.8515505849579235 0.011129379272460938 0.017852877393180942
