0 0.47829135258992517 0.7172990963782793 0.012573560078938804 0.018168979220920138
0 0.35980329248640275 0.6273481345471041 0.014394945568508573 0.02352071691442419
0 0.04218907985422346 0.23072024922312043 0.022038920058144465 0.03658786820776669
0 0.44942095544603133 0.6840493943956163 0.01977501975165473 0.030973552185812114
0 0.5289063453674316 0.7014152150095245 0.013044357299804688 0.025312258873456794
0 0.3713298903571235 0.7802292859112775 0.011714193556043837 0.02195565494490258
0 0.5133213467068143 0.697466414651753 0.014376534356011283 0.025281976770471642
0 0.46450561947292746 0.7287101745605469 0.00974379645453559 0.01345410759066358
0 0.42546706729465056 0.723936434145327 0.020455678304036454 0.03021730022665895
0 0.6068066618392469 0.5277978920267117 0.03330919623461256 0.051492477270898715
0 0.40296886314265024 0.23557808351436155 0.025343953656770425 0.041193981816718975
0 0.13794351918899347 0.6867809156006114 0.025343953656770477 0.03475742215785658
0 0.0992034757422158 0.8682918979805294 0.018826937002172334 0.039906669884946525
0 0.44786386676321505 0.8225923244026067 0.018102824040550303 0.03347011022608413
0 0.4060051488176808 0.5621857485627513 0.015431170268845235 0.030950267433809343
0 0.39749822161818926 0.6662911935673828 0.012661473041103832 0.030950267433809273
0 0.45739571360987513 0.8574630909503079 0.013452815106172905 0.0211024550685066
0 0.3781531480240345 0.8574943543795607 0.009556183058954275 0.020986127502017525
0 0.36185142398228876 0.8437534375627636 0.008994054643721796 0.01848777898987251
0 0.3963005327389891 0.7859804419207941 0.010680439889419517 0.02098612750201724
0 0.6440984793627805 0.19052216590232518 0.010861694424330182 0.023171614771904457
