0 0.44507972399393714 0.7472732449755257 0.012243429819742836 0.021525818624614196
0 0.39053401682111955 0.6757132918746384 0.022647619247436523 0.02659682285638503
0 0.21623393562104964 0.6728238235285252 0.016922805044386122 0.032093660331066746
0 0.3695858849419488 0.6927711345531322 0.017735004425048828 0.02518119341061439
0 0.4719282786051432 0.7286460546799647 0.011263211568196617 0.014729299663025656
0 0.4369135830137465 0.7184090555450062 0.011694086922539603 0.017747902575834296
0 0.5371899339887831 0.5551973743203246 0.021614763471815325 0.03651103266963252
0 0.37239421738518613 0.547361703566563 0.01493925518459744 0.022253483901789158
0 0.46447054545084643 0.7829928221525969 0.008792135450575087 0.020925027352792246
0 0.4624912473890517 0.6132527810555918 0.022539350721571184 0.03245549143096547
0 0.37505484951866996 0.6184054009708357 0.018761926227145724 0.022452507489993247
0 0.40920511881510413 0.5678173583230854 0.020835823482937284 0.034305054464457946
0 0.5183531917455105 0.522402245826404 0.02073781486339186 0.026333733159862618
0 0.49804316632037454 0.7289547916715966 0.014110408990564522 0.02384639763563172
0 0.4950817224581573 0.7108377233380324 0.011323167708477584 0.014865286837796247
0 0.43977441353925945 0.6920100716469971 0.005748685144304062 0.01517498031358386
0 0.42122183875536906 0.7047075041542817 0.007316508365477929 0.012078045555709451
0 0.5160751436363858 0.8533603725322447 0.010974762548216858 0.020130075926182513
0 0.43916470450880296 0.8603284757374619 0.018813878654085913 0.018581608547245453
0 0.4283641445407166 0.8665223452532104 0.014284611570694921 0.018581608547245453
0 0.42801573938045573 0.8352433041986805 0.012890990929651451 0.02105915635354492
0 0.4146892420004781 0.8285848944692509 0.013413598670042787 0.017652528119883187
0 0.4044983910628483 0.8293591281587195 0.01184577544886892 0.015484673789371186
0 0.391694501423262 0.8341593770334245 0.011671572868738522 0.01889130202303292
0 0.5121555855834512 0.7356768517330239 0.009755344487303858 0.017033141168308247
0 0.36190586022095916 0.7109013736700301 0.010277952227695125 0.019510688974607716
