0 0.4976027762749329 0.6707603201484925 0.026908859255706973 0.03218190844318883
0 0.4971950662862101 0.7387482258235178 0.016634567539891593 0.013336646742222484
0 0.5033107161170526 0.7503453099471895 0.008969619751902372 0.011597084123671664
0 0.516765145744906 0.7451266220915371 0.009132703747391488 0.009857521505120986
0 0.4591149533394974 0.7368636996534211 0.00962195573385884 0.015366136463865133
0 0.41084209067471406 0.7291806314214887 0.012231299661684928 0.017395626185507638
0 0.39787691303332795 0.7497654557410058 0.014351391603043738 0.016815771979323983
0 0.3734143137099579 0.776148822122359 0.013372887630108892 0.014496355154589366
0 0.4261719862506926 0.7587531959368513 0.0187546594812504 0.01275679253603883
0 0.4423988438018613 0.7625222482770448 0.009458871738369795 0.01449635515458965
0 0.4517761735424864 0.756433779112117 0.006686443815054517 0.02203445983497616
0 0.45846261735754085 0.7559988884574795 0.009621955733858911 0.01768555328859932
0 0.4442743097499863 0.7822372912872866 0.013535971625598008 0.021454605628792648
0 0.4532104234643011 0.8577493344970675 0.015003727585000206 0.014206428051497823
0 0.4006973769168003 0.8748550335794834 0.01728690352184806 0.014206428051497823
