0 0.41688483291202116 0.7074332531587578 0.02648361523946126 0.04294934684847609
0 0.3199685679541694 0.7123487731556835 0.013985474904378258 0.02659781185197242
0 0.4545987712012397 0.6806293534643855 0.015600787268744577 0.020388662079234187
0 0.6079897085825603 0.7762082417805991 0.02057260937160916 0.03202264102888696
0 0.26992103788587785 0.2650619789406105 0.023200935787624784 0.031454392421392745
0 0.5338661405775282 0.7416493451153789 0.01386260986328125 0.023191852334104937
0 0.26666683620876735 0.6978902934510031 0.0159149169921875 0.029382399570794752
0 0.30119784673055017 0.7132497245882764 0.01268715328640408 0.025512412742332177
0 0.041035900513331086 0.6594732543568551 0.018276260958777532 0.03691115202727141
0 0.5308096938663058 0.5764184174714265 0.015616893768310547 0.024091178988233028
0 0.3166854249106513 0.21004919946929557 0.01768162515428331 0.028856147954493393
0 0.5388174321916368 0.9442607267403308 0.016178607940673828 0.0265737462926794
0 0.05611284242735968 0.23030435303111138 0.01656536923514472 0.02593172332386912
0 0.4707414574093288 0.6874371752326871 0.01101456748114692 0.020433967496141972
0 0.412267804145813 0.8261694260585455 0.018144792980617948 0.027148399823977622
0 0.4550299379560682 0.8244190922489872 0.010674529605441622 0.017042937102141203
0 0.4841787550184462 0.7282422619101442 0.009538014729817709 0.015316009521484375
0 0.4748456213209364 0.8407082734284578 0.009170320298936632 0.015778435601128474
0 0.5417516231536865 0.8464845727991174 0.010508166419135202 0.021005041805314432
0 0.44546111424764 0.7191985801414208 0.010688675774468314 0.015974916057822145
0 0.5815165837605794 0.8248422881703319 0.007463561164008247 0.013274392963927469
0 0.5680950217776829 0.8730940642180266 0.010995811886257596 0.01454784252025463
0 0.566417826546563 0.8301018608940971 0.009521961212158203 0.013211850766782407
0 0.35401720470852316 0.8684222374433352 0.012435542212592233 0.015188334900655864
0 0.4751915666792128 0.8403917948404949 0.010495874616834853 0.017186388557339893
0 0.5091431670718722 0.839096964141469 0.00966342290242513 0.013619411138840664
0 0.5680207676357694 0.872836548605083 0.012278556823730469 0.015225634162808642
0 0.5014634132385255 0.7244309319390192 0.008429209391276041 0.014281661422164351
