0 0.4098236031002469 0.6074665917290581 0.017555660671657987 0.026190157289858216
0 0.4007030063205296 0.7125843895806208 0.013849894205729164 0.0199647597324701
0 0.38915259308285177 0.6753417827464916 0.012177069981892906 0.024254928400487076
0 0.437422792116801 0.7018276026219498 0.020876169204711914 0.024664372573664158
0 0.5043430593278673 0.2398896276214976 0.021606922149658203 0.030716672355746044
0 0.5298117266760932 0.6149136814070336 0.01661803987291124 0.023887492992259837
0 0.5325116051567925 0.9157027727291908 0.014105796813964844 0.023272008071711033
0 0.48346267806159127 0.7561703199221764 0.012513425615098741 0.019967208673924576
0 0.4536926481458876 0.7296214398042654 0.01208146413167318 0.019874902419102045
0 0.41047773096296525 0.79075547206549 0.02016033066643609 0.030374409239969136
0 0.006745465410252411 0.09742560504395285 0.01322909134129683 0.03146387618265034
0 0.3804067638185289 0.3115292301884404 0.017955223719278973 0.023948433958453898
0 0.3644903898239136 0.7454702589246962 0.009825256135728624 0.017916926631221065
0 0.5346368153889974 0.7295115200089819 0.012264251708984375 0.016531814763575424
0 0.46140880054897737 0.7794751061333549 0.015911261240641277 0.022732346146195025
0 0.5023033883836535 0.7248646300516011 0.008340305752224393 0.014780962908709491
0 0.43239519331190324 0.5121727931646654 0.015373335944281686 0.026349950719762733
0 0.41606897777981233 0.7689577032018591 0.009894318050808378 0.017493118474512924
0 0.11073595285415651 0.13669962353176543 0.01569656531016032 0.026606936513641734
0 0.5489183002048069 0.7250251770019531 0.007548756069607204 0.014316700122974537
0 0.5154014163547093 0.7245346587381246 0.010891596476236977 0.01770429257993345
0 0.4431720177332561 0.7662311130099826 0.018203020095825195 0.024037773226514278
0 0.4446610477235582 0.7911151603416161 0.012655761506822374 0.02085805822301794
0 0.4744861125946045 0.7338863419897763 0.014773845672607422 0.021983676486545138
0 0.45050950845082605 0.6815768112370997 0.012569506963094078 0.017048588505497685
0 0.4555081526438395 0.8244686362184125 0.010879357655843101 0.017767258632330248
0 0.3947545025083754 0.8091720769434799 0.011926730473836265 0.014529004509066358
0 0.4846247831980387 0.8247267640667196 0.015371375613742404 0.018405019501109184
0 0.5815490616692437 0.8246470792793933 0.007782088385687934 0.014427373438705633
0 0.37901337941487623 0.8013502050329139 0.015760686662462022 0.02823808458116319
0 0.47444282637702095 0.7339926825629339 0.013899538252088759 0.02171184398509838
0 0.44310406843821215 0.7673886617024739 0.01694941520690918 0.023736647617669752
0 0.4696707725524903 0.7943082032380281 0.010225190056694877 0.018341488308376737
0 0.4337658352322049 0.8648538000789691 0.01111549801296658 0.017133642126012733
0 0.5423276954227024 0.8509165445963542 0.012480152977837455 0.01811350127797068
0 0.4619591765933566 0.7102984911129799 0.00898991690741645 0.012932906916112076
0 0.5987085501352946 0.8373895809974199 0.009201738569471572 0.013321393801842208
0 0.5147955947452121 0.8200488149383922 0.009294350941975912 0.014112590271749614
0 0.5727424886491564 0.8454225328233507 0.011196295420328774 0.013299259138695986
0 0.6001137892405192 0.6826319517912688 0.010395632849799264 0.016325255970896027
0 0.595300833384196 0.8529188839005835 0.009855694240993924 0.015410906002845292
0 0.3632036423841059 0.35856196783349104 0.018625827814569576 0.030274361400189135
