0 0.3778136703703138 0.7613598152443215 0.01396399074130588 0.0219620598687066
0 0.3773505555258857 0.7151233767285758 0.013028065363566078 0.024124286792896413
0 0.43599641323089605 0.7356383712203415 0.010610500971476235 0.019601609971788194
0 0.4713481532202826 0.7519344518214097 0.010195785098605685 0.018595707269362462
0 0.3906071053610907 0.8284902219419127 0.012713034947713218 0.021436620641637733
0 0.44510906272464335 0.6782404110755449 0.019359138276841905 0.026830225815007717
0 0.4442789157231648 0.7430344098879966 0.00967060195075141 0.012194974922839507
0 0.2939186493555705 0.6304897732204862 0.015534533394707572 0.029236781744309416
0 0.19440837573523687 0.29099522733369954 0.020528376712511117 0.02615467255223642
0 0.2882526230048439 0.7128668890981643 0.014712003310633008 0.026762920751125564
0 0.22820712112074878 0.8120513065432313 0.02258121438376225 0.03406189913779656
0 0.08690346141629714 0.802583498434324 0.014369863698757807 0.015206204972230495
0 0.4208317226064783 0.9099792665643954 0.010948467580005854 0.027979417148903993
0 0.37019506004895075 0.9303555812271843 0.011632746803756361 0.024938176154458064
0 0.380630318211144 0.8877782073049392 0.011974886415631545 0.026154672552236347
0 0.5380145396737294 0.8220474407987791 0.022239074771887034 0.029804161745571777
0 0.5083892826457166 0.7136389270838075 0.0071260570506095884 0.015202255041299963
0 0.5028309581462412 0.71351224162513 0.005700845640487486 0.011401691280974973
0 0.47708951953830053 0.7346489748708268 0.007553620473645922 0.013428658619814939
0 0.46768312423149605 0.7343956039534717 0.009548916447816538 0.015455625958655048
0 0.34803662635176397 0.6765003493378541 0.008266226178706901 0.02381686623137014
0 0.40839432957042576 0.8335903180979548 0.012684381550084752 0.015202255041299963
0 0.447231340496247 0.8270026742467248 0.012256818127048277 0.015708996876010132
0 0.49903777525417753 0.8449920093789299 0.011829254704011518 0.01317528770246014
