0 0.4217310746510823 0.5688148781105324 0.0172835456000434 0.023166044258777007
0 0.5463629298739964 0.7200556625554592 0.01230091518825955 0.016130988980516976
0 0.38153302669525146 0.6488187577989366 0.01469784312778049 0.021785265133704667
0 0.5115337901645237 0.6702954327618634 0.011766115824381508 0.02072369610821759
0 0.4254601001739502 0.6383047692569686 0.011337333255343966 0.01898118007330247
0 0.4005544980367025 0.6619281533323688 0.011164559258355033 0.01493694164134838
0 0.35882135232289625 0.6538064038311994 0.010102616416083444 0.02008334501290027
0 0.4344182279374864 0.6712592560567974 0.011940956115722656 0.01670145105432581
0 0.4136706590652466 0.734884144347391 0.009019189410739474 0.014002764666521991
0 0.4232172568639119 0.7172966003417969 0.011268483267890084 0.014406086486062886
0 0.4025111993153889 0.6896274001510055 0.015621185302734375 0.02062691582573785
0 0.42456959353552925 0.7093461354573567 0.011369890636867948 0.01997935919114101
0 0.5411436027950711 0.7479793642774041 0.007888740963406034 0.017710038173345873
0 0.442661894692315 0.7619013138759283 0.011039257049560547 0.018910584626374422
0 0.43906683391994905 0.7195665571424695 0.009301609463161893 0.01383279871057581
0 0.3825789690017701 0.7028027051760827 0.011424938837687172 0.024349683596764083
0 0.614515437020196 0.8374100202395591 0.01020277871025933 0.01847490852261767
0 0.43438127305772567 0.7317264462694709 0.009369161393907335 0.014729299663025656
0 0.44489120112525093 0.76188247586474 0.015241066614786782 0.023493119228033373
0 0.5228983296288384 0.7371352631368755 0.010310755835639108 0.014632849045741705
0 0.43219800790150953 0.7526877838888286 0.009631024466620551 0.0137239150059076
0 0.47582303153143984 0.8675529574170525 0.01120408376057943 0.017223405249324846
0 0.5105120605892606 0.7589922539981795 0.01016855239868164 0.015093720989462772
0 0.531980382071601 0.7503879923879364 0.010999414655897353 0.020063188340928816
0 0.3669090933269924 0.7034022013346353 0.008409367667304145 0.019120204595871913
0 0.5099431408776178 0.853884802924262 0.011464489830864798 0.016471486032744984
0 0.46537698639763725 0.7192860827033901 0.012902524736192491 0.017651122293354554
0 0.3927236398061117 0.5665336420506607 0.01183403862847222 0.024277110158661266
0 0.09974143522953213 0.6302347815104167 0.015718330861505835 0.03475923572625689
0 0.13367002745497764 0.6401173093149407 0.018785322249116696 0.029988360234417685
0 0.5404613885855569 0.2944311732106457 0.013609774282523404 0.02112816289243064
0 0.3896364642109525 0.7770338649192677 0.01686015228850394 0.027248730971319475
