0 0.18850905088062625 0.1952054794520548 0.035775440313111556 0.053816046966731895
0 0.11695817025440315 0.04109589041095891 0.024767612524461847 0.023483365949119383
0 0.05944227005870842 0.22651663405088066 0.02421722113502936 0.03424657534246574
0 0.2930834148727985 0.13747553816046967 0.029170743639921747 0.04011741682974561
0 0.27079256360078285 0.19324853228962813 0.017612524461839748 0.03424657534246576
0 0.25620719178082196 0.27299412915851273 0.02586839530332682 0.03522504892367905
0 0.1868578767123288 0.29109589041095896 0.018162915851271996 0.02641878669275929
0 0.5085616438356165 0.18395303326810178 0.016511741682974517 0.027397260273972605
0 0.3635335127201566 0.13356164383561644 0.01706213307240702 0.02837573385518594
0 0.04618772930106488 0.6387705947200303 0.01723422735114361 0.03615357915439915
0 0.3434781511082921 0.632030096911583 0.02102575736839512 0.037379124210480515
0 0.36502093529722157 0.5661570501472117 0.011029905504731872 0.026961991233789034
0 0.30108195182447883 0.6032297880936718 0.014132066427937745 0.021447038481423136
0 0.5554591475273586 0.7031117101642996 0.017578911898166395 0.028800308817911145
0 0.49669043225995874 0.7328311777742718 0.017234227351143546 0.020834265953382385
0 0.3848402967510367 0.6255959853671559 0.01895765008625794 0.01838317584121988
0 0.35042500747033034 0.7185011235034984 0.015180455048458939 0.02742275750689359
0 0.4091880592708167 0.6636556084897114 0.019587683933495442 0.02916388496764867
0 0.38103076361641697 0.6510324343992363 0.016159839245133725 0.02568163004613858
0 0.4685632261942248 0.72698911987468 0.009548995917579078 0.014799583416418755
0 0.4668493038500439 0.7524531089882239 0.011507764310928578 0.019587683933495442
0 0.4467719278182111 0.7570235685727061 0.014935608999290225 0.029599166832837653
0 0.44873069621156064 0.727642042672463 0.010528380114253864 0.023940502585383428
0 0.4410180456627468 0.7339536297177004 0.012242302458434651 0.020893529529061823
0 0.41077955859041326 0.7252479924139246 0.011997456409266078 0.013929019686041216
0 0.40747413692663587 0.7463591628755809 0.01567014714679644 0.022199375124628204
0 0.3856828385506222 0.7230715830879808 0.012242302458434651 0.020022965798684424
0 0.3957215265665386 0.7263361970768966 0.006855689376723504 0.0187171202031179
0 0.3880088760177247 0.7470120856733641 0.013956224802615508 0.023505220720194443
0 0.37454234331344666 0.7483179312689304 0.011507764310928578 0.02089352952906168
0 0.36340184807627113 0.7718231519891251 0.011752610360097292 0.01654071087717412
0 0.4208182466063296 0.7753054069106352 0.010528380114253864 0.013929019686041216
0 0.0072229584504764485 0.40960023514264937 0.013466532704278125 0.02698747564170489
0 0.4758582965593552 0.1680187999628721 0.017873761589314655 0.03046973056321516
