0 0.4025721285078261 0.7909888750241127 0.014037132263183594 0.02850831585165895
0 0.5028231938680013 0.24094350838366851 0.017255995008680556 0.025017208523220487
0 0.388662060101827 0.7575123162917149 0.011662668652004667 0.02112654697747878
0 0.38012597295973033 0.6893259919719931 0.017603185441758897 0.02517215116524402
0 0.4664630095163981 0.7344141124207296 0.00862900416056315 0.01706813294210552
0 0.481184828047151 0.6961287375018298 0.012902928678831315 0.019301942088658278
0 0.5094296536306904 0.7130529041157981 0.009283814537207889 0.014546391139278825
0 0.4619877878176702 0.7144515955714982 0.00881175617090932 0.012867961392438758
0 0.40872386882029915 0.7117940818056685 0.008654403382143058 0.015385606012698646
0 0.3670658860366125 0.8469111782815136 0.01327177173344893 0.021824691295004753
0 0.4264570645437965 0.8259712717687386 0.008626651626741833 0.020055121730545123
