0 0.43912180264790857 0.6377291267300829 0.01610157224867079 0.026415130238474152
0 0.3586484458711412 0.6941325340741946 0.020945469538370773 0.028501910927854937
0 0.517729679743449 0.5965863451545621 0.018417305416531034 0.03131141191647376
0 0.4521132310231527 0.7047795660701799 0.010797341664632164 0.019164426827136382
0 0.4389596515231662 0.7030339182159048 0.009081893497043185 0.018017239040798612
0 0.4387641217973497 0.7253295521677277 0.008083820343017578 0.01386260986328125
0 0.42450609472062856 0.7130051130129967 0.008561584684583876 0.015515174394772376
0 0.6145512792799208 0.8378992433901188 0.009751849704318576 0.018573054560908565
0 0.47274751133388937 0.7400742754524137 0.011761188507080078 0.018976517665533373
0 0.48906040191650396 0.737613089290666 0.012687577141655814 0.02006535471221547
0 0.47819746865166557 0.7741186824845679 0.014792336357964408 0.023873599959008486
0 0.493793249130249 0.8632213922194494 0.012227535247802734 0.01847057578004437
0 0.505204545127021 0.7591172206548997 0.01272990968492296 0.015078509295428241
0 0.6365528636508518 0.648153093126085 0.029713842603895403 0.04705179473500193
0 0.4055156428250827 0.7424475547131013 0.007523462852376425 0.01823869782394297
0 0.41945114788118915 0.6852996348647469 0.007694450644475878 0.019454611012205872
0 0.44467184721586006 0.7701095797460813 0.013679023367957299 0.016414828041548618
0 0.5306543657711966 0.7587600405752175 0.009630519682119854 0.01168063031019301
0 0.5450551428659552 0.7313985640951762 0.0074704031179060595 0.012960699385282624
0 0.547575278857538 0.7247582057681486 0.0074704031179060595 0.009600518063172388
0 0.5271891787827704 0.72427817986499 0.005580301124219034 0.008960483525627581
0 0.5282242346364562 0.7429191857709831 0.008010432258959525 0.011360613041420607
0 0.5351546086133088 0.750519595904328 0.015210820806338746 0.008640466256855177
0 0.5359646523248888 0.7363588317611486 0.008190441972643967 0.010080543966330992
0 0.5401948805964741 0.7429991900881763 0.01305070424212495 0.007360397181765563
