0 0.40151051859099807 0.32876712328767127 0.036876223091976496 0.04109589041095898
0 0.34454500978473585 0.2989236790606654 0.039628180039138955 0.047945205479452115
0 0.28785469667318986 0.14090019569471626 0.04403131115459878 0.050880626223092
0 0.2856531311154599 0.09931506849315071 0.024217221135029342 0.020547945205479454
0 0.21245107632093937 0.11692759295499024 0.012108610567514689 0.0146771037181996
0 0.22951320939334643 0.14432485322896282 0.013209393346379663 0.018590998043052843
0 0.7309197651663406 0.6413894324853229 0.015410958904109578 0.028375733855185815
0 0.38334760273972607 0.5117416829745598 0.012659001956947122 0.025440313111546046
0 0.44113869863013705 0.4858121330724071 0.010457436399217172 0.020547945205479437
0 0.4672822896281801 0.5205479452054794 0.019814090019569477 0.027397260273972605
0 0.43646037181996095 0.4584148727984345 0.0088062622309198 0.018590998043052878
0 0.3558280332681018 0.4784735812133073 0.012659001956947122 0.019569471624266158
0 0.3459209882583171 0.5973581213307242 0.012659001956947122 0.030332681017612443
0 0.35500244618395305 0.6727005870841488 0.0088062622309198 0.028375733855185957
0 0.37646771037182 0.6986301369863014 0.018713307240704465 0.023483365949119418
0 0.3668358610567515 0.727495107632094 0.021465264187866994 0.034246575342465634
0 0.36545988258317025 0.7778864970645794 0.013209393346379628 0.023483365949119418
0 0.21327666340508805 0.6428571428571429 0.015961350293542047 0.021526418786692786
0 0.20226883561643838 0.586105675146771 0.019263698630136973 0.019569471624266158
0 0.4799412915851272 0.7328767123287672 0.029721135029354216 0.05283757338551851
0 0.4941227246030488 0.7440915868064428 0.009619307611604953 0.016266796611494244
0 0.47494276369454397 0.7620267728139879 0.009032764464555712 0.014181309866431064
0 0.5114844017557014 0.6445095947296664 0.020880936034947128 0.028154071058355542
0 0.4926375892065188 0.6113604393153302 0.016775134005603647 0.022731805521190793
0 0.46853066586280184 0.6199109349700902 0.016423208117374202 0.019812124078102115
0 0.44747376688374 0.6104219702800516 0.016775134005603504 0.021689062148659063
0 0.42019951054595794 0.6059381737781655 0.018769380705570455 0.023148902870203544
0 0.3807251567495552 0.6101091472682922 0.009971233499834255 0.01730953998402619
0 0.44108044658090506 0.6451453245853571 0.032377181717108953 0.03524472599157129
0 0.4562132597747713 0.6851866700905738 0.018065528929111493 0.02148051347415276
0 0.4419016069867737 0.6999936259805238 0.019942466999668583 0.025651486964279543
0 0.46002579023059026 0.7257493872820566 0.0071558263939986945 0.01835228335655785
0 0.418322572475401 0.7008278206785491 0.014546270046817043 0.019395026729089437
0 0.45697576586593497 0.7595342725520834 0.013490492382128778 0.017935186007544957
0 0.5308802023941186 0.8201176624961747 0.017009751264423157 0.0214805134741529
0 0.49580492220058386 0.8209518571941998 0.016775134005603647 0.01856083203106408
0 0.42260433744885917 0.7705873523009192 0.015132813193866142 0.03211649587397602
0 0.4097590425284844 0.7596385468893365 0.008446221317506613 0.019395026729089437
0 0.4310505587663659 0.7548419273756908 0.012082788829210926 0.015224053238962653
0 0.4628411973364258 0.7781993789204006 0.0109097025351128 0.012304371795874118
