0 0.195032709174686 0.6370195694911627 0.0201940933863322 0.026489493287639852
0 0.5165722370147705 0.6488722812982253 0.020602809058295354 0.03062806306061921
0 0.3611428870095147 0.7720601823594836 0.01720383432176378 0.02544351271641107
0 0.22094192769792342 0.20559379200876496 0.03093806902567546 0.048145152904369215
0 0.6338822311825222 0.5897434846854503 0.018397384219699435 0.035269749017409334
0 0.416322496202257 0.6806120460416064 0.017786714765760634 0.02579973950798129
0 0.4291886356141832 0.6473411277488426 0.01653599739074707 0.024996251235773533
0 0.45840379926893443 0.2717806380472066 0.022137218051486544 0.031013465222017266
0 0.5218095779418945 0.7224577209095897 0.01780149671766493 0.025959485842857833
0 0.4054817226197984 0.5722164342432846 0.023320913314819336 0.029877603789906438
0 0.4785299566056993 0.7036446229911145 0.01830614937676324 0.02704568556797357
0 0.6183332602183025 0.7014282367847585 0.01850716272989909 0.03195279910240644
0 0.37791726324293345 0.7304429419246721 0.013345771365695529 0.023305445541570217
0 0.3940781222449409 0.6810331697817203 0.01166306601630317 0.022240768244237076
0 0.39950442314147955 0.6307654439667124 0.014597574869791664 0.02105227811836902
0 0.4724933571285672 0.7774381990785951 0.015310446421305336 0.024162716335720487
0 0.4895866447024875 0.7252217281011888 0.016252252790662978 0.022661703604239004
0 0.44035204251607263 0.7113862214265047 0.015514214833577476 0.025207896291473766
0 0.4155886305703057 0.8073861392927758 0.015314817428588867 0.028357235001929014
0 0.3880262507332696 0.7252169244083357 0.01005366113450792 0.019486556818455826
0 0.4596677091386583 0.8026809692382812 0.01596975326538086 0.02374041521990741
0 0.42952160040537524 0.7913991904553072 0.01916956901550293 0.024627073311511382
0 0.45563877953423393 0.8268053031262056 0.011392593383789062 0.021628862545814042
0 0.5005538198682997 0.7414196862114801 0.009206665886773003 0.01466656908576871
0 0.26775064733293324 0.7904560654251663 0.017413112852308486 0.029354095458984375
0 0.5815624396006266 0.8252320466218172 0.009228759341769747 0.014093658070505402
0 0.5677873558468289 0.8735784365807051 0.011035442352294922 0.014063611442660108
0 0.5411725574069552 0.8459525402681328 0.010464244418674044 0.020995905369888115
0 0.5085879431830512 0.8383675563482591 0.010492960611979164 0.015358159571518133
0 0.4952701992458768 0.7451421478648246 0.00857151879204644 0.014352774914400077
0 0.477502187093099 0.8425994213716482 0.017356236775716145 0.019913944197289736
0 0.5507704152001275 0.729600058661567 0.008873674604627822 0.014563996114848573
0 0.29626283380720353 0.9406696366675107 0.030244800779554583 0.041069972662278166
0 0.4773585531446669 0.8729562641661844 0.011925061543782554 0.01854131251205633
0 0.45098135206434464 0.7573948141969281 0.008877118428548178 0.014951070149739586
0 0.4982173707750108 0.8301418445728443 0.012491861979166664 0.023637088728539736
0 0.5972715748680962 0.8381758324893905 0.012808428870307077 0.015208679952739198
0 0.5278129842546252 0.842874597620081 0.011058966318766274 0.014122668607735341
0 0.5685673819647895 0.8397749912591627 0.008317735460069444 0.012785169813368056
0 0.33655621914603256 0.8167281119017558 0.011356191443577827 0.014070971216284818
0 0.5326225850544702 0.8239165428492058 0.012904763004065742 0.021718238181657343
