0 0.4025301271014743 0.7068698317916303 0.018344587749905057 0.0256840741192853
0 0.43367588520050043 0.620883517795139 0.020863135655721024 0.03154820571711034
0 0.4085381295945909 0.734704429720655 0.01679637697007921 0.027338569546923222
0 0.4786261982387967 0.6413589524634091 0.01531272464328342 0.029406747700255594
0 0.35439089934031165 0.772838380601671 0.01589422755771213 0.027988339647834683
0 0.39185806115468336 0.6501073955017843 0.017239597108629014 0.02196851188753858
0 0.4466818306181166 0.7277183297239703 0.013314644495646157 0.01562212720329379
0 0.3753911654154459 0.7819606168770497 0.012812561459011503 0.019464280870225694
0 0.4437776406606039 0.8083990591543692 0.014633973439534508 0.025138384030189042
0 0.36419056521521675 0.725115363980517 0.018119838502671983 0.027008150830680942
0 0.44363326496548117 0.7526417249514732 0.010268794165717233 0.01683039724090953
0 0.4785639444986979 0.7132475111219618 0.008917914496527778 0.015539475429205247
0 0.4462442662980821 0.7716724489942008 0.014361646440294053 0.02143450136537905
0 0.4233753548728095 0.7517849957501447 0.008417897754245333 0.013406353232301311
0 0.11151339608979001 0.7060905945771984 0.018826937002172334 0.050205165339126265
0 0.33579043569337796 0.773682202102726 0.013609127790216106 0.029453571256120057
0 0.3729196865123374 0.8531016531683355 0.013904978394351276 0.027349744737825858
0 0.40176512041551304 0.8068174697658611 0.017751036248108108 0.02629783147867883
0 0.4517638725143509 0.7005742305919992 0.020709542289459364 0.02209017844209029
0 0.5178864825385535 0.7129342113869782 0.0073962651033783544 0.013148915739339344
0 0.5295725814018912 0.7129342113869782 0.005917012082702726 0.012097002480192031
0 0.5517613767120264 0.7129342113869782 0.010058920540594728 0.013148915739339344
0 0.49022445105191836 0.7289758885889722 0.007692115707513523 0.01577869888720727
