0 0.4198890659544203 0.59115763063784 0.020501957999335393 0.030766946298104746
0 0.44710148705376523 0.7367638011037567 0.012927479214138456 0.02138585220148534
0 0.4857887162102593 0.7393139733208549 0.014582210116916232 0.019889972828052663
0 0.3918494515948825 0.6823405042106724 0.024112039142184787 0.027179199972270446
0 0.40784899393717455 0.7133907506495346 0.015716552734375 0.02148640008620274
0 0.4490422142876519 0.6143241693944107 0.015446980794270836 0.02833623061945409
0 0.44593446784549284 0.7815999631528502 0.017463869518703885 0.030512586052035107
0 0.4310809903674655 0.7918677859836155 0.01777868800693088 0.02631665453498746
0 0.4222285482618544 0.7450225735888069 0.014153003692626953 0.01817736213589892
0 0.5203736552999042 0.7960890101404633 0.013147388966647498 0.02711283769121948
0 0.25886523939908623 0.7274589937532903 0.020087913959443534 0.027054429575008074
0 0.30953649237506176 0.7964824066882394 0.033479856599072516 0.04545144168601368
