0 0.5127732223934598 0.6366644729802639 0.02131287256876628 0.03133444138515143
0 0.23345777723524308 0.26329603312928 0.018185403611924913 0.02972124829704379
0 0.46477039655049646 0.5827130918149596 0.02202696270412869 0.027085857626832563
0 0.4208429786894057 0.4277536368664401 0.017115725411309138 0.025460419831452547
0 0.53692717022366 0.7201594599971065 0.015263557434082031 0.022756129135320217
0 0.4439881112840441 0.634834713406033 0.015392515394422743 0.025408332730516972
0 0.47250843048095703 0.7610379442756559 0.0122272703382704 0.023230564447096834
0 0.38656702306535506 0.5857405485930266 0.01689918835957845 0.025167206187307098
0 0.4024599658118354 0.5606001394766348 0.020661936865912542 0.023942641270013502
0 0.2778804302215576 0.6809577235469111 0.016862816280788846 0.02682612854757427
0 0.37764505545298266 0.12301976003764588 0.014335605833265517 0.02245924207899306
0 0.5553332169850667 0.5554591755808135 0.027733431922064886 0.03485357025523245
0 0.2799461947547065 0.23352651242856626 0.023839738633897566 0.033027319260585455
0 0.47473396195305717 0.542784066847813 0.016339037153455947 0.022650212417414158
0 0.3990732431411743 0.9576682102533033 0.016763395733303495 0.025270909438898533
0 0.4479053417841593 0.9617375032401378 0.0275415579477946 0.04406954918378665
0 0.04808616969320509 0.19027978991284783 0.015032006634606253 0.024304978641462912
0 0.5174237092336019 0.7264439147195699 0.010947492387559678 0.015114113136574075
0 0.4068132506476508 0.7793479260103201 0.013907008700900607 0.02391466682339892
0 0.48616414599948454 0.9193786338523582 0.0145621829562717 0.030282385555314432
0 0.3760331206851535 0.7826758726143543 0.01806550555759006 0.024485034707151812
0 0.5035304493374295 0.7304084448166835 0.01214832729763455 0.02054544142734857
0 0.465958489312066 0.6947876494607808 0.019285625881618924 0.028778217456958913
0 0.6718215412563748 0.3709632967725212 0.03372796376546224 0.05211159035011574
0 0.37411616908179385 0.7000503775514203 0.012284835179646812 0.021713492311077352
0 0.5104202164543999 0.7111365471357182 0.012456681993272569 0.015526901056737076
0 0.3844785160488552 0.755481790613245 0.014917214711507164 0.024315304226345487
0 0.5169983704884847 0.7453897264268663 0.01266124513414171 0.01445572464554398
0 0.34460299544864237 0.46645334031846786 0.014741447236802842 0.022468331419391398
0 0.550244410832723 0.7268475426567926 0.011737346649169922 0.01698948424539448
0 0.2398003472222222 0.6105069289972753 0.014638211992051866 0.020421911168981483
0 0.528702629937066 0.7596157921685114 0.010458204481336806 0.015115007942105517
0 0.5528059535556369 0.8722877502441406 0.012228012084960938 0.017059043601707177
0 0.5415593783060709 0.7724762433840905 0.01211961110432943 0.01659120159384645
0 0.4007058938344319 0.862908492853612 0.009715822007921007 0.018846582483362267
0 0.5710859828525119 0.8434857497980565 0.0125885009765625 0.015416369026089892
0 0.16912344429228043 0.5965599719388985 0.014339354303148057 0.023922390407986112
0 0.5557338926527235 0.5550427613434968 0.027970949808756515 0.03496358424057195
0 0.1343896190325419 0.708255155586902 0.012794931729634605 0.0196200712227527
0 0.49703921212090385 0.859148567105517 0.011749479505750868 0.017828293788580248
0 0.5637421078152127 0.16113670961356458 0.015272140502929688 0.023347218831380204
0 0.3739778465694852 0.7001266479492188 0.01126183403862847 0.021509241174768517
0 0.4862288633982341 0.8281404942642022 0.010938167572021484 0.01651839268060378
0 0.4257639646530151 0.8529351787802615 0.00989683469136556 0.018680619604793596
0 0.4730664094289143 0.8220196476689091 0.012258794572618272 0.017309589150511187
0 0.4348170624838935 0.7245829311417945 0.013814157909817167 0.016984303792317707
0 0.2808477606313062 0.8192534579294265 0.0117860163854251 0.020680802200110975
0 0.2984502526355125 0.8163962418359901 0.0117860163854251 0.017143296560618353
0 0.2838325310146281 0.7483672872303617 0.015612645081991729 0.0263952343869839
0 0.3387063865233932 0.6965292238208727 0.012398276976875877 0.0283000451159414
0 0.36444811706100305 0.38980590989025105 0.01102069064611186 0.02258561292906862
0 0.3488354719790112 0.3930712997113212 0.010102299758935871 0.02421830783960374
