0 0.3777655495537651 0.6540219106791931 0.016674147711859807 0.029886740225332754
0 0.4409338898128933 0.7426733794035737 0.010742770300971139 0.015408645441502701
0 0.4177989032533434 0.6175120789327739 0.015287372801038954 0.02350870768229167
0 0.3861490223142836 0.8035553826226127 0.012578831778632272 0.018990504888840663
0 0.5122152434455024 0.6661877102322049 0.022635247972276472 0.02698884186921296
0 0.2563493914074368 0.8385517920976804 0.012462165620591905 0.023838090307918596
0 0.4563995202382406 0.7280089531415774 0.009604189130995009 0.016435458336347415
0 0.40982983438034526 0.8328067440300626 0.011369332856609304 0.02351208971706953
0 0.39834448792315835 0.8686936178087479 0.014849740873938658 0.017737190488315662
0 0.38361076064979727 0.837137918451628 0.01229744166123048 0.020624640102692524
0 0.4134262559982523 0.8501314417163245 0.008817033643901056 0.015262233675992434
