0 0.17736436261071098 0.25829293992784286 0.02378778987460666 0.03296972204137732
0 0.43054840299818253 0.5864125710946542 0.017263306511773005 0.02768203358591339
0 0.5368316438462999 0.7613985744523413 0.016544765896267362 0.026022404800226658
0 0.38381079832712806 0.6414327032772111 0.02093248897128635 0.023672362904489777
0 0.5164493719736735 0.7061029834511839 0.016378137800428603 0.029940805317443094
0 0.4911123381720649 0.7737599361090014 0.01093641916910807 0.021644262619960455
0 0.4114197095235188 0.33077057497000983 0.024930953979492188 0.03951642542709539
0 0.42761031786600756 0.6638461925365307 0.01813793182373047 0.032504894115306715
0 0.4722214804755317 0.7842496707115645 0.012779871622721352 0.024044649100597993
0 0.5481168958875868 0.7011976124327859 0.026951260036892362 0.03142203813717689
0 0.372823887401157 0.6701165893931449 0.016556183497111004 0.023027914541739004
0 0.4361294640435113 0.7163414425320095 0.018448829650878906 0.0236699139630353
0 0.3502972258461846 0.6775860963044343 0.020352866914537214 0.029913207631052277
0 0.37256371974945074 0.729890493699062 0.014747275246514212 0.025255697744864004
0 0.42152387566036653 0.7804305936083382 0.011192136340671115 0.022219905146846065
0 0.16346679131189984 0.590242009104034 0.017194496260748968 0.024163564046223954
0 0.40706679556104874 0.575818473910108 0.01803769005669488 0.02165165653935185
0 0.5549897352854412 0.7464207307792005 0.010697735680474173 0.014047504943094136
0 0.2823532952202691 0.5822379265302493 0.01728200912475586 0.02458487616644965
0 0.46415466732448996 0.6870418124728732 0.0160018073187934 0.02752271110628858
0 0.44085874822404647 0.7811350410367236 0.013475285636054147 0.022038871859326778
0 0.42502102586958146 0.5353576518871166 0.018873929977416992 0.03351776688187211
0 0.6254621346791585 0.7703994939356674 0.017848809560139973 0.031256028163580245
0 0.4079394472969903 0.7679986365047502 0.017686658435397677 0.024372336305217977
0 0.398444758521186 0.7843316631552614 0.01514206992255317 0.027007962450569058
0 0.28693943553500706 0.7489742702907987 0.012915505303276908 0.025148462366174767
0 0.2577310800552368 0.6140245272789473 0.015697240829467773 0.025338867564260223
0 0.43762261337704134 0.448463840249144 0.018052392535739474 0.027722158549744406
0 0.5074412027994791 0.7871243983139228 0.015659650166829426 0.02558060634283372
0 0.4945483472612169 0.7401438819037545 0.010849475860595703 0.01825916619948399
0 0.21710731585820514 0.6076072881251205 0.013528731134202745 0.02098158848138503
0 0.5053537686665853 0.7571585384415991 0.016573270161946613 0.020165525836709105
0 0.23344382974836564 0.7235511497214988 0.019401205910576716 0.0335294935438368
0 0.49684786796569824 0.7174992031521268 0.012506961822509766 0.01615368878399884
0 0.4480855464935303 0.8222390163091966 0.018241617414686415 0.021839754081066743
0 0.31953897741105824 0.5930411491864994 0.010990593168470595 0.019094066855348188
0 0.3691380818684896 0.7945755617118176 0.011762513054741752 0.019938669086974344
0 0.34230449464586044 0.7287217128423997 0.013997713724772133 0.01925433123553241
0 0.5959526432885064 0.836371198112582 0.016441292232937284 0.017973063904562114
0 0.45405636893378365 0.8206863403320312 0.013045522901746962 0.020057207272376542
0 0.4613395796881782 0.5649612803518036 0.01188532511393229 0.021936487268518517
0 0.49982431199815536 0.6994234720865884 0.014048470391167533 0.021036407093942902
0 0.3777870072258843 0.7686605335753641 0.009777810838487413 0.019081257007740163
0 0.3401665555106269 0.8465223901065779 0.01191401481628418 0.015149528597608024
0 0.45071966118282736 0.6759262084960938 0.02124163839552138 0.036686084888599535
0 0.5056021213531494 0.7581982082790799 0.016191959381103516 0.01962901927806713
0 0.602768553627862 0.8573053148057724 0.013638867272271048 0.01961649200062693
0 0.3682769669426812 0.8658709584930797 0.010173214806450736 0.01680133960865162
0 0.39635462231106233 0.6244429835566767 0.010234885745578341 0.014948950873480905
0 0.5569450325436063 0.8407763728389034 0.012981891632080078 0.018647464705102236
0 0.3369995310918403 0.3033724479990186 0.016945127416550177 0.020821463753669427
0 0.336750338041597 0.4666215840251296 0.009967722009735312 0.016834374949775324
0 0.3379963032928138 0.45554633734764577 0.010466108110222123 0.014176315747179232
0 0.40004537280341673 0.49143013658269324 0.01844028571801047 0.020378453886570183
0 0.46013496727441044 0.5008226547558166 0.009718528959491834 0.02613758215886179
0 0.3451323745870883 0.6607492167786821 0.013954810813629521 0.02613758215886165
0 0.2261426930958719 0.8040629087853223 0.02018463706971417 0.035440789367948186
