0 0.4197676446702745 0.6581273961950231 0.017902003394232854 0.026695628225067516
0 0.377356145117018 0.5644892468864535 0.01448867056104872 0.023813318323206017
0 0.5082413620418973 0.769992216133777 0.01568640602959527 0.022320217556423612
0 0.2872258027394613 0.613316453533408 0.01825126012166341 0.02894662927698206
0 0.5469206439124213 0.7703789134084442 0.014713128407796226 0.02257349461684992
0 0.441981659995185 0.6799370565532168 0.010946220821804471 0.021277251066984953
0 0.4849647416008844 0.6863097202630689 0.00994057125515408 0.02130541389371142
0 0.34811596075693774 0.4975269223436897 0.011884450912475586 0.023139341377917632
0 0.502549648284912 0.723844952053494 0.00840865241156684 0.015935968469690392
0 0.3965226146909926 0.7595644350405092 0.012174102995130751 0.016387939453125
0 0.5388267305162218 0.7317162972909433 0.009955618116590712 0.013986375596788194
0 0.36011053456200487 0.7972174279483748 0.011825905905829538 0.020493401421440974
0 0.3799255159166124 0.6883151442916305 0.021370410919189453 0.028667449951171875
0 0.37996207343207467 0.6884300797073929 0.020950423346625432 0.02688768174913194
0 0.4947994020250109 0.838741961820626 0.012181705898708768 0.016001854413821372
0 0.5145426061418322 0.7250166998969185 0.01324192682902018 0.016975497022087192
0 0.5817839834425185 0.8247848793312356 0.00845495859781901 0.014682063349971065
0 0.41664999061160624 0.7228250385802468 0.01621667544047038 0.023316371588059416
0 0.38283599747551816 0.7532324143397956 0.010839886135525174 0.01655719898365162
0 0.4278789493772719 0.7310295104980469 0.012124882804022897 0.018020724072868442
0 0.37245444456736254 0.8150071038140192 0.011325014962090384 0.022612677680121526
0 0.44712795151604545 0.6438271793318384 0.01655467351277669 0.026158556526089893
0 0.5534762011633979 0.7242033687638648 0.008948802947998047 0.014816943510079091
0 0.41642514864603686 0.7223626125006029 0.016022205352783203 0.0235219884801794
0 0.4770024352603488 0.8226080058533469 0.009324762556287978 0.015174959912712192
0 0.4480170938703749 0.7266146812909915 0.01141977310180664 0.016876597463348766
0 0.5967684586842854 0.8396710996274596 0.011128266652425133 0.017342084719810958
0 0.5126473903656006 0.7079744927677107 0.009162320031060113 0.011723224027657216
0 0.5689824952019585 0.8461364934473862 0.010228263007269967 0.013029875578703705
0 0.545796341366238 0.7206093587993103 0.007815890842013888 0.012847146870177469
0 0.4882709450191922 0.8227329960575811 0.011029614342583548 0.016576696325231483
0 0.4469472964604695 0.6440688710153839 0.01625847816467285 0.02454658790870949
0 0.4576313230726454 0.7086142316276645 0.008491834004720053 0.012421643292462384
0 0.4534104135301378 0.8618858243212288 0.01029735141330295 0.015101680049189815
0 0.38547212547726106 0.8398945655351804 0.01086062855190701 0.016062889570071372
0 0.606701480017768 0.8531571847421151 0.010022163391113281 0.015284502947771991
