0 0.36396314038170713 0.6349626705970293 0.019899288813273113 0.025141021351755402
0 0.4235914283328587 0.6498324311809774 0.016416231791178387 0.02598934409059124
0 0.3402142392264472 0.7539520028196735 0.016657272974650066 0.02826572936258198
0 0.42770049307081437 0.7065469011848355 0.012748241424560547 0.021801465823326583
0 0.5177236398061116 0.6566582432499639 0.015505419837103952 0.02618356398594232
0 0.4433457056681315 0.7599748917567877 0.015521791246202257 0.019455097339771413
0 0.4738283157348633 0.7928500705295138 0.012797779507107206 0.022519335334683643
0 0.14216896560457018 0.7558784013913001 0.016942540804545086 0.028707904580198687
0 0.39181366231706405 0.5795248526114005 0.01265533765157064 0.02256708969304591
0 0.3770905203289455 0.7506607667899426 0.01423192024230957 0.02776897100754726
0 0.18246206310060287 0.8231400854793596 0.017771946059332952 0.022782313970871916
0 0.4099534352620442 0.8183877733018663 0.016734600067138672 0.02340839527271412
0 0.523759232627021 0.8022832517270689 0.01397562026977539 0.02206788239655671
0 0.3950630293952094 0.711628313417788 0.013755639394124351 0.020666098889009454
0 0.3825233644909328 0.7833100307134935 0.013868199454413522 0.021706098391685958
0 0.5316034687889947 0.9155753335835022 0.012283802032470703 0.022886959123022764
0 0.43428072664472794 0.4408172795801987 0.016387595070732966 0.027760917757764278
0 0.5021813975440131 0.7252789014651452 0.008335696326361762 0.013985763361424576
0 0.5145006974538168 0.7249991099039714 0.010408878326416016 0.017874117250795716
0 0.5594993167453342 0.7715269960003135 0.01290946536593967 0.02398088243272569
0 0.4144758648342557 0.7394542458616659 0.01662641101413303 0.016500590760030864
0 0.5497309101952447 0.7253486962965977 0.007531430986192491 0.014125729784553433
0 0.44337568018171525 0.7287053708676939 0.013868570327758789 0.017908732096354168
0 0.4893479612138536 0.9539335745352285 0.015645292070176866 0.030034854088300544
0 0.5816241900126139 0.8248334814001014 0.008325152926974826 0.014628751778308257
0 0.4180629518296983 0.765771135871793 0.009110344780815972 0.017594325689621913
0 0.4551743666330973 0.8242098490397136 0.010597387949625649 0.018952452106240355
0 0.4963759581247965 0.9120948697313851 0.014617760976155601 0.024680055217978395
0 0.4685110251108805 0.7682582949414666 0.011264006296793617 0.01634098571023823
0 0.47158357832166886 0.8636784965609327 0.012272093031141493 0.017924085075472607
0 0.5496456093258328 0.7251985337999132 0.008941173553466797 0.015386887538580247
0 0.6063049369388157 0.8519986470540366 0.011884106530083548 0.017707259566695603
0 0.48490826288859046 0.7236540288101009 0.010978804694281686 0.015338897705078125
0 0.32613839043511283 0.6820369532078873 0.01299905776977539 0.025428442307460455
0 0.5239709748162164 0.7219410884527514 0.008357259962293837 0.012920473828727817
