0 0.4043450487984551 0.8083524821717062 0.014888419045342337 0.022228759012104554
0 0.5663570827907987 0.668428091355312 0.02104494306776259 0.03231382958682967
0 0.45145977867974174 0.6218759277720509 0.01703855726453993 0.03090719529140143
0 0.3904142379760743 0.7723498874240451 0.01916042963663737 0.03087135597511574
0 0.4419478972752888 0.726805204226647 0.007387876510620117 0.014891777509524499
0 0.4215118222766453 0.7739429944827233 0.015468041102091469 0.025940836211781438
0 0.39983556005689835 0.7124229007297092 0.023336304558648005 0.0316197430645978
0 0.44736556212107337 0.6886531453073761 0.015662590662638348 0.026591783688392167
0 0.3788517448637221 0.5906092796796634 0.02058100700378418 0.03387837351104359
0 0.47817152428907156 0.44846048749985257 0.015001506059142713 0.021054745346165332
0 0.4689944525858313 0.7322372548166363 0.017896533544240468 0.027137227335057475
0 0.4090183386585294 0.8837750548352663 0.009667219493437785 0.020922291464058843
0 0.42131251997083624 0.8768632264051754 0.008616434765890161 0.01905422972619661
0 0.4452704117589213 0.8551937102459718 0.008196120874871156 0.019801454421341163
0 0.46618102783711834 0.7853282012499185 0.015131300076685292 0.03549317301938544
0 0.48220511147159006 0.7528288803585416 0.017022712586270927 0.015691718598044132
0 0.42525257923851056 0.7100502665614928 0.01534145702219483 0.01755978033590665
0 0.5056376108959013 0.7126655529945003 0.007985963929361689 0.01158198277474682
0 0.38017391442671894 0.8989378599816448 0.01429067229464728 0.019054229726196182
0 0.4001388242501232 0.8761475067797236 0.00798596392936176 0.018307005031051347
0 0.4038165707965397 0.8361709855894685 0.010718004220985478 0.019801454421341305
0 0.398877882577066 0.8421487831506282 0.0075656500383426105 0.01830700503105163
0 0.4152701243268085 0.8277647077690878 0.009246905602418849 0.014197269207754033
