0 0.49119814236958825 0.6646142653477045 0.020582358042399093 0.03363941333912037
0 0.4056885242462158 0.6424987463303554 0.02073505189683702 0.028608392786096642
0 0.45144075817532014 0.7028342352973092 0.013222376505533852 0.021446510597511573
0 0.41995999548170304 0.9510187690640673 0.014422999487982858 0.023759724181375386
0 0.4323741727405124 0.25781013347484444 0.016170793109469943 0.02374152195306472
0 0.4636676576402452 0.6321872193136333 0.01383887396918403 0.023560888973283182
0 0.47126899825202095 0.6951843308813779 0.018982198503282335 0.03368467166100019
0 0.5248624218834771 0.7570320882914978 0.016003661685519747 0.024415004400559416
0 0.5509346856011285 0.536274074036398 0.017462200588650174 0.024700824125313464
0 0.4203341007232666 0.7870270057960792 0.014344268374972872 0.025509587040653935
0 0.45751232571072054 0.6487579581178263 0.012803819444444444 0.017574310302734375
0 0.361599948671129 0.7330319675398461 0.013571156395806205 0.019430607925226658
0 0.36768339739905465 0.2369624008367091 0.020145654678344727 0.03532908875265239
0 0.394184602631463 0.7894163955876857 0.015171448389689125 0.01945076459719811
0 0.4873455895317925 0.7722066008014443 0.01749971177842882 0.026558252028477045
0 0.5464390383826362 0.7264217094138817 0.01482036378648546 0.0220383538140191
0 0.41233343548244905 0.6853293901608314 0.01888471179538303 0.028816411524643135
0 0.34034360779656303 0.58632285506637 0.012416362762451172 0.020957617112147955
0 0.3408015833960639 0.4910012704354746 0.012661139170328774 0.023298098717206794
0 0.38861591286129415 0.7137971571934076 0.009281979666815864 0.019678657437548226
0 0.12182289361953735 0.8404920130600163 0.015093684196472168 0.02506331455560378
0 0.4060276481840346 0.5400255462269725 0.02317102750142415 0.0350826875663098
0 0.49579869376288516 0.7081579514491705 0.01245170169406467 0.014181914152922455
0 0.4487822320726183 0.8395282604076244 0.010698530409071181 0.015805939097463348
0 0.4332909186681111 0.6916416780448255 0.01352381706237793 0.017750586992428628
0 0.44694554805755615 0.7416954746952763 0.01196651988559299 0.015215131971571181
0 0.5025251706441244 0.7241662814293379 0.00878641340467665 0.014424218071831595
0 0.43857059213850236 0.8583672605914835 0.01188291443718804 0.017306669258777007
0 0.3567817476060655 0.438081482310354 0.011902173360188804 0.0178985595703125
0 0.42994495232899976 0.7463397979736328 0.00948786735534668 0.016212604663990163
0 0.3353658384746975 0.15289469707159348 0.014967415067884658 0.021215733186698255
0 0.4589377774132622 0.7381459459846402 0.011030779944525827 0.019622896924430942
0 0.4316427972581652 0.8298042203173226 0.01069376203748915 0.015312854154610341
0 0.4126169681549072 0.7504999372694228 0.011142677730984159 0.014501642297815394
0 0.508989069196913 0.838134859815056 0.009879324171278212 0.01629619833863812
0 0.4925840695699055 0.3548180850935571 0.019576178656684026 0.024984948429060568
0 0.575789663526747 0.8262427059220679 0.006715456644694012 0.012502976405767747
0 0.4106353786256578 0.7383387765766662 0.011733664406670462 0.01367324075581115
0 0.5917133225335015 0.8091737723644868 0.014829423692491319 0.023194678035783182
0 0.4057695733176337 0.5395931903226876 0.023041062884860568 0.03514141506618924
0 0.4888751241895888 0.8305201118375048 0.012113677130805123 0.018687589668933257
0 0.6001225312550863 0.8367229979715229 0.009471310509575738 0.012587464885947147
0 0.5767177475823297 0.7724943749698592 0.012204064263237845 0.02021214991440008
