0 0.3675675921969944 0.5745437056929977 0.01964871088663737 0.02902287612726659
0 0.4539120462205675 0.5730953922978155 0.01800558302137587 0.029571815773292823
0 0.409398979610867 0.6962386472725574 0.012832217746310763 0.023243609769844714
0 0.3979675769805909 0.7291060553656685 0.01253859202067057 0.020762031460985722
0 0.5328390068478054 0.6306060508445457 0.015283637576633029 0.026276105715904708
0 0.07282787561416626 0.683788228918005 0.016107797622680664 0.033496197359061536
0 0.4652948379516601 0.6636426242781275 0.019626935323079426 0.026183940746166087
0 0.4840890301598443 0.4242608341169946 0.014482975006103516 0.01958748146339699
0 0.5432575543721517 0.8020125024112654 0.018495029873318143 0.029492036795910493
0 0.4585770765940348 0.6385965700502748 0.019614378611246746 0.027467892493730706
0 0.29996187157101106 0.6007461547851561 0.017323679394192167 0.027675016426745757
0 0.45405470000372994 0.6792704735273197 0.01500082015991211 0.018829628273292823
0 0.4855748547448052 0.7302457314950448 0.009870052337646484 0.016588234607084296
0 0.239273813035753 0.7135978274875217 0.016628795199924044 0.02531484909999518
0 0.4324302938249376 0.8201280758704668 0.011255370246039498 0.021520732361593364
0 0.5513892968495687 0.7252234235221957 0.011193646325005423 0.01726414244851948
0 0.5331930584377712 0.9143680054464458 0.012169943915473092 0.01998420997902199
0 0.5157907803853353 0.7257465315453799 0.013520452711317275 0.015146702895929781
0 0.5269622537824843 0.7410256185649353 0.016580316755506728 0.021090283805941357
0 0.4746305147806803 0.7270728217230902 0.008181889851888021 0.01376964427806713
0 0.381805075539483 0.7799439606843172 0.012489954630533852 0.023735894097222224
0 0.5245164765252007 0.34625255914381997 0.0251265631781684 0.03986942620924962
0 0.4316832886801825 0.7054980242693866 0.011428647571139865 0.018456353081597224
0 0.5210620562235515 0.8250065556278936 0.010908974541558158 0.015453197337962963
0 0.8120440642038982 0.8966924408335744 0.019563939836290147 0.03468153211805555
0 0.38141249285803897 0.7315278465365186 0.012995799382527672 0.020869078459563078
0 0.4035325712627835 0.9228091769748265 0.014675749672783744 0.026833428276909724
0 0.43350284629397917 0.8708636907883632 0.016352468066745333 0.02113087972005208
0 0.48506858613755965 0.8282362384560668 0.012043529086642794 0.017940568335262346
0 0.4714281823900011 0.8606882448549623 0.010873264736599393 0.015639976218894677
0 0.3813252184126112 0.7309783888451846 0.014277511172824435 0.02157230141722126
0 0.5820324420928955 0.8253513383276667 0.007935365041097006 0.014046280472366899
0 0.567365911271837 0.728338688979914 0.009439998202853732 0.016343010796440974
0 0.5837840504116483 0.5064420346860532 0.022980690002441406 0.03161376199604553
0 0.46883840031094026 0.7066748583758319 0.011111524369981553 0.01653793711721161
0 0.358515633477105 0.4234189869445047 0.011625077989366319 0.021470105206524884
0 0.5541414419809978 0.8252788590796201 0.011761612362331815 0.014720963843074846
0 0.45565761460198295 0.8242161126784336 0.010136975182427298 0.017282556604456017
0 0.5017277929517958 0.7235663143205054 0.011360380384657118 0.01490990909529321
0 0.5089279545678033 0.8413108072163145 0.011966758304172091 0.015999405472366897
0 0.3433872593773736 0.9350472909432871 0.028719425201416016 0.04125223042052469
0 0.5285252730051677 0.8385547590844424 0.00921720928615994 0.01647930380738812
0 0.5272358258565267 0.7437074920277538 0.017112625969780818 0.02306874593098958
0 0.5213274161020914 0.6877963925585335 0.013409879472520616 0.016079043164665317
0 0.5986691580878364 0.8367239398720824 0.011188719007703993 0.0171383516288098
0 0.4834180937872993 0.8499807663905767 0.01011392805311415 0.012873708465952932
0 0.41007281912871724 0.8712977304297624 0.011966135304568155 0.020209472958826212
