0 0.4647848341200087 0.7524692158640168 0.010591400994194877 0.014837053087022569
0 0.38764234383900964 0.6101801130506728 0.02179498142666287 0.030746130295741705
0 0.3523693746990627 0.5664745377905576 0.019873380661010742 0.03294984793957369
0 0.44155883789062506 0.760803269751278 0.01015345255533854 0.016881495346257717
0 0.404425819714864 0.8151243704336661 0.011192348268296983 0.01623601089289159
0 0.3856063873913431 0.8363918465028337 0.010936085859085126 0.019441930416151366
0 0.4781256737592036 0.8126726913951291 0.013998189899628954 0.01555354433292095
0 0.45625350204103327 0.8636105490854455 0.019247511111989794 0.01633122154956709
0 0.403322846483061 0.8488346819691706 0.008748868687268114 0.013220512682982957
0 0.4542850065863979 0.7263505203474168 0.00918631212163156 0.015553544332921235
0 0.448379520222492 0.7372380013804615 0.008748868687268114 0.015553544332921377
