0 0.3853423595428467 0.6127699628288363 0.021935992770724826 0.029338177339530286
0 0.48212994469536674 0.6530383781150536 0.021610260009765625 0.030882140736521027
0 0.40200102329254156 0.6859874960816937 0.023136536280314132 0.02917546401789159
0 0.4041590160793729 0.5519421424394773 0.018821292453342013 0.02661895751953125
0 0.13721448845333523 0.14398083863434968 0.02776853243509929 0.040977007077064045
0 0.1687825057241652 0.2636860859246901 0.024208876821729876 0.041183919082453224
0 0.24403285980224607 0.6064358934944059 0.01982847849527995 0.02836778428819444
0 0.4861921469370525 0.7163189782036676 0.017470730675591364 0.02765603713047357
0 0.5033179124196371 0.768101751068492 0.01925484339396159 0.02467624052071277
0 0.16870739724900985 0.6739893077332296 0.011634879642062716 0.02381336541823399
0 0.4053965144687228 0.6341709325343001 0.014422734578450523 0.023263012921368634
0 0.4227550956938002 0.7478752136230469 0.00875295533074273 0.014656349464699075
0 0.4258028931087918 0.7264694166772161 0.011592441134982638 0.014910144570433064
0 0.1096470852692922 0.6267911651988087 0.014318128426869713 0.020477012351707177
0 0.40772558583153623 0.7977030012342665 0.016916195551554363 0.018711843608338156
0 0.38152621852027047 0.749606403303735 0.011498848597208657 0.02441702948676215
0 0.3980220423804389 0.7505565219455295 0.017784065670437284 0.03193466751663773
0 0.5488154888153076 0.7276732597822024 0.011490662892659508 0.019734935995973188
0 0.43552919228871656 0.6901433968249662 0.011381387710571289 0.018020535692756558
0 0.44510818852318657 0.7039823885317201 0.01061558723449707 0.01537666791751061
0 0.4617903232574463 0.7402824825710721 0.01404714584350586 0.018636397373529127
0 0.5233575503031414 0.7506996672830464 0.0092567867702908 0.012650525128399884
0 0.4737884468502468 0.7255407262731483 0.009907457563612197 0.014627433117525077
0 0.01023820953236686 0.7512380576428072 0.02047641906473372 0.05072751457308546
0 0.4557676580217149 0.6630422568615572 0.010957029130723741 0.0168644940411603
0 0.5168787638346354 0.7364322050118153 0.011298391554090712 0.01352776421440972
0 0.5720429685380723 0.8428537816177178 0.012557824452718101 0.015125981083622685
0 0.5419370863172742 0.7309239469928507 0.010149108039008248 0.015464453049647955
0 0.4482985337575277 0.7241328204119647 0.010323259565565322 0.014788309733072914
0 0.23322897487216526 0.8741874223873939 0.015197171105278861 0.021882045416184416
0 0.5304682519700792 0.7605340274763696 0.0092873043484158 0.0140228271484375
0 0.5988822248246934 0.8360840126320168 0.009591897328694662 0.013468895429446374
0 0.46728995111253524 0.8420480798791955 0.009418540530734591 0.016223295235339507
0 0.5465403927697076 0.8498116010501061 0.013816356658935547 0.015526288821373458
0 0.5993315113915337 0.8358988820770641 0.010211573706732858 0.014006249698591822
0 0.05217382311820984 0.4998349319269627 0.018630219830407038 0.03923420847198109
0 0.4561738967895508 0.8264114945023148 0.011940744188096788 0.015939783166956017
0 0.507426553302341 0.7244644635989342 0.013179302215576172 0.015694135501060958
0 0.45583854781256783 0.8254288567437067 0.010001447465684678 0.01640385757257909
0 0.3631638950771755 0.8575965504587433 0.009000778198242188 0.014501030062451774
0 0.4159970548417833 0.8540532618393134 0.010385778215196397 0.01731458122347608
0 0.4310669898986816 0.8286369229540412 0.011709054311116539 0.01749994725356867
0 0.49993334876166445 0.8574837578667536 0.0111442142062717 0.016918229468074846
0 0.45111444261338973 0.7578356236587337 0.008776240878634982 0.01445770263671875
0 0.5751812193128798 0.8255850238564574 0.007976955837673612 0.012518329384886189
0 0.5051116678449842 0.7244276352870612 0.013051297929551866 0.01420178825472608
0 0.6290592617458768 0.8723656925154322 0.013769149780273438 0.015987631715374227
0 0.4307929277420044 0.8292910257975261 0.010400586658053927 0.01616593349127122
0 0.35877759366541795 0.7998989781639635 0.02011159118836254 0.02546855992194452
0 0.34638003745341367 0.8407956080386246 0.014601566205249484 0.02693789991744154
