0 0.45264432165357804 0.5718105692922333 0.02168236838446723 0.029441974781177663
0 0.44483101367950445 0.7727254231770833 0.010587135950724282 0.02052928783275463
0 0.4570057127210829 0.7351173118308738 0.015880584716796875 0.021960788302951388
0 0.41602993011474615 0.7531497861132209 0.010577360788981117 0.017224300054856288
0 0.20064827468660146 0.7408555113239053 0.016515453656514485 0.03346431402512538
0 0.395286308394538 0.8162909142764998 0.012293630176120333 0.021715611587336033
0 0.4433430947629624 0.7516351786235355 0.008251008394981269 0.015557456906361723
0 0.41771496262703606 0.8031970357989059 0.009501161182099552 0.020891442131400168
0 0.5144767883499969 0.7142972820482673 0.007000855607862775 0.013779461831348953
0 0.3433308717934939 0.664735669332286 0.015751925117691315 0.02755892366269805
0 0.2610319019503128 0.7287557313708604 0.020002444593893644 0.02355843474391918
