0 0.4328364398744371 0.7161666964307243 0.014547109603881836 0.023689175829475308
0 0.4146923886405097 0.7271123815465856 0.01792973942226834 0.0248538358711902
0 0.46239823765224886 0.28264163452901964 0.017582310570610896 0.024766144929108797
0 0.35530965858035624 0.7578322328167196 0.012219932344224717 0.02353413899739583
0 0.3710437218348185 0.7550584298593026 0.011847681469387479 0.0224636690116223
0 0.46250383059183753 0.28307098812527126 0.016994105445014104 0.023244575217918114
0 0.3517963223987155 0.7355510099434559 0.014332267973158095 0.03036668565538194
0 0.5564808110065169 0.46986885509695064 0.025343953656770495 0.051492477270898715
0 0.4361020658477648 0.6799601849693624 0.010762314999842246 0.02398362528916323
0 0.5170468011986912 0.709602867911025 0.01379395302796695 0.018594046572497403
0 0.32749269798815805 0.704956896139903 0.011368642605467159 0.01724665189333095
0 0.3144566544672224 0.728266824089483 0.014400280633591792 0.019133004444164072
0 0.40358681249408507 0.8042598839944725 0.01409711683077937 0.024522583160829895
0 0.3807737363324476 0.8035861866548892 0.012429715915310738 0.01832456763666414
0 0.19980391064844355 0.8729868322428991 0.01627703974491176 0.020747254014478644
0 0.3701045965861113 0.8846798471027659 0.010957043977878342 0.025972252392007816
0 0.385931437887491 0.9082172008330229 0.016435565966817407 0.018938100702505664
0 0.38562707555477216 0.8319237094315001 0.014609391970504433 0.02543116380050776
0 0.2187982817941812 0.46500574805080774 0.018133399429384873 0.02737116895001492
