0 0.10072162426614482 0.09540117416829748 0.015410958904109595 0.02446183953033268
0 0.2581335616438356 0.262720156555773 0.024217221135029342 0.03424657534246577
0 0.5135151663405089 0.32240704500978473 0.015410958904109578 0.028375733855185922
0 0.5258989726027398 0.38845401174168304 0.01706213307240702 0.027397260273972605
0 0.5426859099804306 0.3894324853228963 0.013209393346379557 0.029354207436399164
0 0.5333292563600783 0.5831702544031312 0.019814090019569477 0.03718199608610569
0 0.48241805283757344 0.604696673189824 0.018162915851272034 0.027397260273972535
0 0.44168909001956946 0.5670254403131115 0.019263698630136973 0.03620352250489233
0 0.4254525440313113 0.5577299412915852 0.022015655577299426 0.029354207436399164
0 0.40398727984344424 0.5753424657534247 0.018713307240704465 0.021526418786692786
0 0.3478473581213308 0.6345401174168298 0.018713307240704538 0.032289628180039075
0 0.215478228962818 0.6678082191780823 0.019263698630136935 0.03228962818003936
0 0.09714408023483367 0.6976516634050881 0.030271526418786686 0.031311154598825795
0 0.5162671232876712 0.683953033268102 0.019814090019569477 0.02935420743639938
0 0.4859955968688846 0.6785714285714286 0.027519569471624265 0.04207436399217229
0 0.4934258806262231 0.7235812133072408 0.015961350293542082 0.032289628180039075
0 0.4026113013698631 0.6590019569471625 0.014860567514677072 0.030332681017612516
0 0.4359099804305284 0.6996086105675147 0.0088062622309198 0.013698630136986339
0 0.4386619373776909 0.7226027397260275 0.018713307240704465 0.028375733855185957
0 0.44884417808219185 0.7646771037181997 0.022566046966731933 0.03424657534246577
0 0.39765777886497067 0.7685909980430529 0.014860567514677 0.020547945205479437
0 0.37564212328767127 0.7343444227005872 0.020364481409001912 0.030332681017612516
0 0.42407656555773005 0.7989236790606654 0.014860567514677072 0.022504892367905996
0 0.39408023483365967 0.8062622309197652 0.0077054794520546145 0.021526418786692883
0 0.4105919765166341 0.8312133072407046 0.01100782778864975 0.028375733855185957
