0 0.17027373446358574 0.2582707110746407 0.021958867708841964 0.03162718407901717
0 0.2854349480734931 0.2607530546777042 0.023648341496785477 0.032075175532588256
0 0.5701027976142036 0.7141990661621095 0.01647631327311198 0.023547608175395446
0 0.604227966732449 0.3299139281849803 0.025404930114746094 0.037609241626880785
0 0.6120026906331381 0.6406366324719087 0.019669956631130643 0.030409824701003084
0 0.4951697985331218 0.6598202269754292 0.015510453118218314 0.02253035557122878
0 0.5849742889404297 0.6804019315743152 0.020200729370117188 0.029076093508873458
0 0.4667705694834391 0.6749089794394411 0.019996590084499784 0.02392874823676215
0 0.5677447583940294 0.650008378205476 0.02005741331312392 0.02726543096848476
0 0.48198837704128694 0.705950348465531 0.013384501139322914 0.021230956654489777
0 0.4357654651006063 0.7056574644865813 0.021144363615247942 0.02914725409613715
0 0.4007242255740696 0.33341574963228204 0.016247908274332683 0.027746836344401046
0 0.4101353486378987 0.6641488251862703 0.010761737823486328 0.020086123619550544
0 0.5558971299065484 0.7307085107873987 0.0136058595445421 0.021030849880642362
0 0.520321422153049 0.7138522348286194 0.014715936448838975 0.032072232093340085
0 0.4310093455844456 0.9326630580572435 0.020632902781168624 0.029486573772665895
0 0.0866172346803877 0.19181592376143844 0.02128523588180542 0.029388910458411698
0 0.40460454093085396 0.3992494536034855 0.016309208340115018 0.03208953951611931
0 0.3857929839028253 0.6729869607054156 0.015044397777981229 0.02455214512201003
0 0.36293780803680425 0.6989225693690924 0.020493163002861872 0.028022295163001542
0 0.4624662399291993 0.6152359762309509 0.014177216423882377 0.019575990276572145
0 0.45451675521002877 0.6402728469283493 0.01604053709242079 0.021886519443841627
0 0.2650495611856931 0.5923391077435067 0.01625212033589681 0.018225493254484953
0 0.24738797876569962 0.6801963853247373 0.015698088539971247 0.02685824735665027
0 0.5237087938520644 0.7534696555431978 0.009054872724745009 0.017877884853033373
0 0.4780721929338243 0.723072358119635 0.011978626251220703 0.017385836000795716
0 0.3089672459496392 0.6794897008825233 0.015889326731363933 0.02486928304036458
0 0.40993865331014 0.5812959553282938 0.019637955559624568 0.024146845311294365
0 0.6207771566179063 0.9083389470606674 0.016159852345784504 0.030483669704861112
0 0.45358384980095756 0.7273468205958237 0.013470066918267142 0.02406235683111497
0 0.42217135429382324 0.6531001667917511 0.011571354336208768 0.019480528654875578
0 0.42291765742831755 0.6822871690914954 0.012309869130452476 0.02060977323555652
0 0.3452702628241645 0.6266350451810861 0.012724346584743924 0.01953822006413966
0 0.46028216679890954 0.7084031281647859 0.017968707614474826 0.028055355872636956
0 0.07078597280714247 0.7860550115137924 0.020808908674452044 0.02917894904996142
0 0.51809557278951 0.19817948047025702 0.015772660573323567 0.030169027822989004
0 0.3800090418921576 0.7273195290271147 0.013958030276828341 0.021736568874782987
0 0.4058401981989542 0.551094549673575 0.015683041678534612 0.02149082701883198
0 0.195454994837443 0.657845037954825 0.017381244235568576 0.025263232949339312
0 0.4501361714469062 0.4117134941948784 0.01625921991136339 0.025183783637152776
0 0.38770976331498885 0.6229278187692902 0.020878447426689997 0.028335288718894677
0 0.46028966373867464 0.7955623202853732 0.017228497399224177 0.031397219057436344
0 0.5811688899993896 0.7367369569378135 0.013682842254638672 0.021235995822482638
0 0.4209709962209065 0.7573204746952763 0.011561499701605905 0.018790774875217013
0 0.410648226737976 0.7434042235951366 0.011686881383260093 0.021691640218098954
0 0.5979607635074191 0.4225366615954741 0.01601870854695638 0.02232535091447242
0 0.2589212788475885 0.8257082715446566 0.01954470740424262 0.02158949110243056
0 0.4031381342146132 0.8074234856499565 0.014583110809326172 0.02115122477213542
0 0.22984060313966537 0.7204385215853467 0.0153528716829088 0.025248068350332754
0 0.4807602564493815 0.7508460150824652 0.010797182718912758 0.01437792365933642
0 0.3973896106084187 0.6881648640573761 0.015187607871161569 0.02132363966953607
0 0.41720533370971674 0.6120889687243803 0.012021382649739586 0.018969830171561536
0 0.15781782733069524 0.19726082719402552 0.017774237526787653 0.03033026942500362
0 0.3627013762791951 0.7439240820613908 0.014102326499091256 0.022555504316165122
0 0.235451340675354 0.248771302494002 0.012054204940795898 0.017408983207043306
0 0.439412792523702 0.7523722707489391 0.014293167326185439 0.024097678102092977
0 0.5762907928890653 0.14943310066505716 0.014358043670654297 0.020060692304446372
0 0.48095501793755424 0.7508131898479697 0.01322672102186415 0.017848544650607638
0 0.39413388570149743 0.7301230960422092 0.015518559349907767 0.025049704092520254
0 0.42418762048085523 0.6323282924699195 0.016567468643188477 0.021176514802155672
0 0.42395818233489985 0.6326339627489632 0.014838298161824547 0.019368866343557098
0 0.4500352144241333 0.41000427434473863 0.015129062864515517 0.027273484218267748
0 0.3437737358940972 0.6530209058596764 0.016313340928819444 0.023389510166497877
0 0.3881525993347168 0.6235130922293958 0.019605106777615018 0.028514862060546875
0 0.46173008282979333 0.7482670678032768 0.010939439137776695 0.014038603982807677
0 0.0968443188402388 0.7522603023199388 0.013271311918894448 0.02823992128725405
0 0.10912283261617026 0.5903712614082997 0.01407130559285482 0.019864776988088348
0 0.4615354273054335 0.7479863814365716 0.01099665959676107 0.01345537915641879
0 0.43059196728764754 0.22266872313737962 0.011767668604815783 0.02731261355191812
0 0.47275944645490414 0.19680890817864863 0.013075187338684202 0.030218210738292405
0 0.3450215058995297 0.13191411226139185 0.016670863856822392 0.024407016365543866
0 0.3303119201435099 0.12610291788864333 0.018632141957625022 0.022082538616444474
0 0.2877220724005637 0.7088747614748582 0.0127709117968719 0.018988668853530868
0 0.3262670061874863 0.5860676096503927 0.013699705382099055 0.024355031790398343
0 0.24940933700994786 0.6001027127160459 0.017414879723007176 0.019401466002520636
0 0.26647591913849494 0.6108354385897806 0.014396300571019295 0.01609908881060228
0 0.10437317913988972 0.6743041428748381 0.014628498967325996 0.018575871704540958
0 0.17403269803191843 0.6648098084480726 0.019272466893461272 0.02270384319443906
0 0.25669532711712584 0.7112494877094252 0.015557292552553044 0.023116640343428828
0 0.3844044450858452 0.7481948325440123 0.008126943870736696 0.021878248896459382
0 0.3660607717776108 0.7207438221361906 0.023452038026982935 0.02229104604544915
0 0.16671844854825543 0.901755371968218 0.03065018831249265 0.060681180901500514
0 0.1840172290731092 0.9226016279922028 0.019272466893461307 0.01651188595959212
0 0.19051878416969856 0.9380815210793202 0.018343673308234224 0.022703843194438918
0 0.4082047807072884 0.7744074515048645 0.011609919815338187 0.02229104604544915
