0 0.5068644682566324 0.6044226752387152 0.019336011674669053 0.029003755545910493
0 0.45748392740885413 0.6401556038562163 0.023292859395345047 0.03920472698447145
0 0.3771429856618246 0.2590046753118067 0.01600668165418837 0.03097833233115114
0 0.5476933585272895 0.7026972123134283 0.014072206285264757 0.028532098840784142
0 0.402080323961046 0.6829102598590615 0.016991244422064886 0.02444853606047454
0 0.47172040409511984 0.7496970376850647 0.011529551612006295 0.015131726677035108
0 0.35444320572747123 0.19366986663253222 0.016952408684624568 0.025076889697416328
0 0.4882396856943766 0.7149307816116898 0.010692755381266274 0.02111562093098958
0 0.4204446872075398 0.7131834854314356 0.02184091673956977 0.03222792825581115
0 0.4421743551890055 0.1409507445347162 0.02060249116685655 0.029860319914641203
0 0.2025596896807353 0.27803642367139275 0.02102572388119168 0.027220219741632908
0 0.48195335600111217 0.5641102025538316 0.016448550754123263 0.0284306561505353
0 0.496261755625407 0.717023519822109 0.009266747368706597 0.017768530198085455
0 0.4468257029851277 0.4857114156087239 0.014298783408270944 0.02519452130353009
0 0.4209245443344116 0.7603813218481748 0.012297338909573026 0.025442099865571954
0 0.5174959500630696 0.6941105642436463 0.02532302008734809 0.03226946607048129
0 0.5253258811102973 0.802128874225381 0.011054780748155382 0.024200533643180942
0 0.42778497272067606 0.8386957145031588 0.014445463816324867 0.019622896924430942
0 0.46474530961778426 0.2570863535374771 0.02115048302544488 0.033352157216013215
0 0.37741356425815153 0.2549737529990114 0.01669915517171224 0.03290006849500868
0 0.44942747222052687 0.7291931576199002 0.011671437157524955 0.017667275887948496
0 0.43127923541598845 0.7706064059410567 0.012157864040798612 0.020890742172429592
0 0.470006889767117 0.7288317739227672 0.012649430168999564 0.015031791027681327
0 0.20280267132653132 0.27842123714494116 0.023369656668768987 0.032225432219328706
0 0.4999103016323514 0.7431139298427253 0.010407235887315538 0.015219087953920718
0 0.4249763660669399 0.4789909526047525 0.0158268413013797 0.03571184703901082
0 0.45419515000794874 0.4100021571884818 0.019479189294005793 0.029759872532509064
0 0.4013882852812297 0.4164952202864838 0.02891442160829001 0.029759872532508922
0 0.3394505505729454 0.5680000259065293 0.023740261952069658 0.03192422689850957
0 0.26144724380548484 0.8662828349917604 0.01887046462856812 0.02597225239200796
0 0.2325328221971949 0.8573548732320078 0.017044290632255113 0.021102455068506318
0 0.21259708940411076 0.6295565762104391 0.01308758030691024 0.023266809434506968
0 0.20346621942254559 0.6888057769797069 0.011261406310597159 0.018397012111005466
0 0.23070664820088185 0.6769018279667034 0.01765301529769282 0.024890075209007562
0 0.049458879066811734 0.5816702358626747 0.017348652964973975 0.021643543660006585
0 0.4472604479303375 0.8781867840047639 0.011261406310597053 0.018397012111005466
0 0.3952144890354157 0.8754813410472632 0.012478855641472393 0.018397012111005608
0 0.45197806408747965 0.7983762167584899 0.023131537286631882 0.03517075844751062
0 0.45502168741466803 0.7467022562702244 0.007304695985252252 0.00973959464700286
0 0.5165028786238741 0.7136958521887145 0.007304695985252181 0.014068303379004306
