0 0.3935840792126126 0.40160382824179564 0.021902375751071505 0.02815079394681954
0 0.5445585515764024 0.6801401538613402 0.01676034927368164 0.029022829032238618
0 0.5022326310475668 0.6619601544038748 0.01630014843410916 0.02369402661735629
0 0.4215548303392198 0.7142483275613667 0.014289961920844186 0.022142480920862267
0 0.4816201527913412 0.6864859734052493 0.015269703335232206 0.020325130886501737
0 0.4330691364076402 0.6961335782651549 0.013518571853637695 0.020474893075448496
0 0.39214486545986604 0.5557752303135248 0.021135860019259982 0.026358003969545716
0 0.3968407577938504 0.6220411842252002 0.02153068118625217 0.028063314932364004
0 0.424403190612793 0.6359045476089289 0.01793638865152995 0.023611987078631366
0 0.3445701599121093 0.6033563731629171 0.019106017218695745 0.02689309767734857
0 0.3911794556511773 0.7140013376871743 0.016816880967881944 0.023765705249927663
0 0.2734161218007406 0.6680562054669416 0.015034145779079862 0.026590606312692902
0 0.451827711529202 0.7298154713195046 0.01012065675523546 0.016230124014395254
0 0.40966954496171737 0.6087249944239488 0.01201091872321235 0.018508628562644677
0 0.4083233541912503 0.7092628714479047 0.01393347316318088 0.02275730651101948
0 0.46733734342787003 0.7321904971275799 0.011071628994411893 0.014497356650270061
0 0.502568483352661 0.7252563664942612 0.013902293311225045 0.021272541564187886
0 0.44614076614379883 0.644166475460853 0.019208378261990018 0.02707271811402874
0 0.3984570238325331 0.7301359294373313 0.010577095879448783 0.013839815869743442
0 0.39772566159566247 0.8081920765064381 0.015440834893120658 0.020549350314670138
0 0.44222516483730745 0.7320967073793764 0.011203818851047091 0.016486697726779513
0 0.48237490653991694 0.7310981279538002 0.011549790700276695 0.013989954818913969
0 0.4314601023991903 0.7331322799494236 0.011789454354180228 0.01554743448893229
0 0.4321241908603244 0.7585893324863764 0.01464753680759006 0.022646680290316357
0 0.4414320256974962 0.7337318702980323 0.01117351320054796 0.016837226019965276
0 0.4663529925876194 0.7002466460804881 0.011218918694390189 0.019023094648196372
0 0.3912937376234267 0.761619238205898 0.013178772396511503 0.017688233175395446
0 0.5304543972015381 0.7373308958830657 0.009459972381591797 0.012615863187813466
0 0.46976396772596574 0.7313769776144146 0.01235877143012153 0.014719739372347608
0 0.4512932830386692 0.6936651159215856 0.010243892669677734 0.013697494695216049
0 0.41015638245476616 0.746012040126471 0.011054515838623047 0.014903315791377315
0 0.4842028882768419 0.7471337965977045 0.012781408098008897 0.016528565206645446
0 0.5096661779615614 0.7343478732638888 0.00944572024875217 0.013624309021749614
0 0.6084782812330458 0.8510579238703222 0.010088602701822914 0.017516524703414353
0 0.1803426212734646 0.7855884646192008 0.01068168216281467 0.022298224178361307
0 0.3411187322611164 0.7119205298013245 0.022350993377483447 0.04257332071901615
