0 0.5512994130452474 0.7202594427414882 0.009240998162163628 0.014422852316020448
0 0.5341008239322238 0.7188594488450039 0.011566003163655601 0.014439806526089892
0 0.4238676097657945 0.6111713691993995 0.014508750703599717 0.02436823903778453
0 0.36702741516960996 0.7035543653700087 0.008576075236002604 0.01983925148292824
0 0.5453646447923448 0.7453188955047985 0.009686787923177084 0.02100438247492284
0 0.4410597350862291 0.8072956697440442 0.009241342544555664 0.018628061553578316
0 0.3973008659150865 0.7074698930905189 0.012071265114678275 0.01813780231240355
0 0.40245232317182755 0.6330199535982108 0.013696273167928062 0.024123768747588734
0 0.45887017250061035 0.724511558626905 0.014136791229248047 0.020048447597173998
0 0.4179148276646931 0.7257861149163893 0.010490655899047852 0.01839498826015143
0 0.4440379937489827 0.7827286896882235 0.012195110321044922 0.019112104251060958
0 0.4756739669375949 0.7704748930754485 0.008823977576361762 0.01747913125120563
0 0.42482089996337885 0.7075216034312306 0.00831302007039388 0.01183319091796875
0 0.48214189211527503 0.7420552100664304 0.01147370868259006 0.017474704318576388
0 0.5613027678595649 0.7339303051983869 0.010659641689724393 0.016162683934341244
0 0.410364482137892 0.7447085910373263 0.009503708945380317 0.015654952437789353
0 0.38904811276329887 0.809840072820216 0.023244142532348633 0.026725486472800927
0 0.4535259670681424 0.7224081769401645 0.016622013515896268 0.021641342728226275
0 0.4968653255038791 0.748686307742272 0.010099728902180992 0.02034764230987172
0 0.45418005519443083 0.7238609408154899 0.015127129024929471 0.020906142246576002
0 0.3814276456832886 0.7078740390730494 0.008194684982299805 0.020737965901692704
0 0.4308600690629747 0.7253407136893567 0.013333797454833984 0.019937397521219136
0 0.5444489585028754 0.7435689384554639 0.01157792409261068 0.020872422206548998
0 0.4838129149542914 0.857635592236931 0.010207494099934898 0.018668280707465276
0 0.3579029396907487 0.7347418513975965 0.016148230993641023 0.028707966210917278
0 0.5146602648186865 0.7398589192112404 0.00737254373844955 0.010418181465159364
0 0.5056808846244211 0.7356580395881922 0.00869582081970968 0.009409970355627876
0 0.5197643335606901 0.7368342858826458 0.0051040687420035626 0.008401759246096248
0 0.4785537044585877 0.754309945114526 0.008128702070598166 0.009073899985783953
0 0.4724099180098797 0.740531059950928 0.007183504155412308 0.011762462944534775
0 0.4260007003742553 0.7371703562524894 0.00850678123667251 0.008401759246096248
0 0.41747277123218285 0.7383677953806307 0.007245656306048929 0.011002663279555805
0 0.41060449285874046 0.7300487085107226 0.008000412171262426 0.009929232715696798
0 0.5134337165986365 0.7582859328799085 0.005001559437438133 0.012564303900811211
0 0.48848028418793904 0.7576093934390955 0.006632502732255077 0.010824631053006612
0 0.4892957558353475 0.7486210837254385 0.004131723013535975 0.011791115968453312
0 0.5341466964428101 0.7338338645190993 0.009024552897986452 0.01082463105300647
0 0.5699187193757924 0.7266818761447914 0.008807093792010789 0.00927825518829124
0 0.44247491588380394 0.7241871471444413 0.007502339156157376 0.011791115968453312
0 0.4003965788775299 0.7319190264680173 0.009024552897986381 0.009084958205202014
0 0.48922862366855285 0.7342385902650903 0.008372175580059604 0.01101792803609598
0 0.5291867343915649 0.7248636865852544 0.009133282450974249 0.008505067255933483
0 0.5264141307903764 0.7349151297059031 0.008589634686035267 0.012757600883900579
0 0.5201078167170846 0.7280530868062294 0.00793725736810856 0.014883867697883772
0 0.5141820560792502 0.7262167654668801 0.005871395861340573 0.011984412951542822
0 0.5085281193238853 0.7252502805514331 0.00739360960316958 0.015077164680973284
0 0.5030916416744958 0.759463846558257 0.008263446027071878 0.013144194850079173
0 0.4113202170013105 0.8157490829297608 0.009461007405113193 0.010590098823830375
0 0.5492056397387937 0.8172026259055807 0.00957780996567017 0.013081886782378689
0 0.5770102104731492 0.7303535372441087 0.006352306553086606 0.01250295258067851
