0 0.372133665614658 0.6134338614381389 0.014023224512736 0.021459273350091627
0 0.4862449963887533 0.5652808436640986 0.018542713589138456 0.02275080739715953
0 0.4482029411527846 0.686696935583044 0.017487393485175237 0.0229105066370081
0 0.5092720720503066 0.6914519321771314 0.011135578155517578 0.01966669530044367
0 0.4918625619676378 0.9133293716995804 0.01393943362765842 0.02011682957778742
0 0.35499502552880186 0.6421998812828533 0.014930910534328885 0.022582113006968562
0 0.4710420502556695 0.6873125382411628 0.01190312703450521 0.017025182276596256
0 0.36820361349317765 0.6634600368546851 0.012103981441921659 0.019694151701750578
0 0.5583928426106771 0.7364530916567201 0.010604116651746962 0.018682927261164158
0 0.43416669633653426 0.6681608741666065 0.02222262488471137 0.021540465178313078
0 0.47211175494723845 0.7478570820372782 0.009262508816189237 0.015366165726273149
0 0.47014292081197107 0.5368069778254003 0.013571580251057945 0.0206674646448206
0 0.47874416245354545 0.7008548312717015 0.009709623124864366 0.015605125898196374
0 0.3783470259772407 0.6702759118727696 0.010259416368272569 0.017119089762369793
0 0.5042072931925455 0.7579418464943215 0.009391890631781684 0.019733428955078125
0 0.5344942675696479 0.7257364532093944 0.011606481340196397 0.018318553029755016
0 0.6140130096011691 0.836607238392771 0.009542094336615669 0.01826109709563079
0 0.39056493176354307 0.7113235614917894 0.008511728710598417 0.015241222617066936
0 0.41511576705508757 0.707421502949279 0.010432428783840604 0.015442035816333912
0 0.4600376817915175 0.7212320021641108 0.010259045494927298 0.015383496696566358
0 0.3678381443023681 0.7054575225453317 0.0093077023824056 0.01658441990981867
0 0.4125713109970093 0.6958574836636767 0.012847132152981229 0.021008715217496143
0 0.5345604949527316 0.8603067751283998 0.010200129614935983 0.020326308262201002
0 0.5261333253648546 0.7556680985438972 0.0081126954820421 0.01403332933967496
0 0.4082335233688354 0.6871269602834444 0.009470542271931967 0.016795405635127315
0 0.4040785762998793 0.7234111126558281 0.00962519645690918 0.013055071418668017
0 0.434064269065857 0.8701964013370467 0.011357227961222328 0.015389524860146603
0 0.4095236327913072 0.8487355738510322 0.010144472122192383 0.016001948603877315
0 0.536192152235243 0.7515096075740861 0.00792037116156684 0.014081272078149111
0 0.4378480646345351 0.722002712296851 0.009098900689019097 0.01552789005232446
0 0.5261225700378418 0.752412536997854 0.009311676025390625 0.0167514188790027
0 0.1409941381878323 0.5921940273708767 0.01720746358235677 0.022296293282214507
0 0.6347154246436225 0.8306286658769773 0.010644117991129555 0.014461941189236112
0 0.3962877882208376 0.7645298658068636 0.009488535036883334 0.01528708422608986
