0 0.5058973365359836 0.6397341504509066 0.019020133548312716 0.026085276662567516
0 0.19828929503758747 0.1388652412979691 0.019212338659498427 0.03179440674958406
0 0.17550425397025216 0.11806573396847572 0.01747808191511366 0.025259335835774735
0 0.4355010853873359 0.30373864115020377 0.018955892986721463 0.031883169103551795
0 0.2524698707792494 0.5910343358546128 0.018598847919040255 0.023939956853419174
0 0.4709827105204265 0.5511596585497444 0.020148489210340716 0.023795233832465276
0 0.4615135987599691 0.6503968415436922 0.013177818722195096 0.02397730321059992
0 0.16169340080685085 0.6241850440884814 0.016934792200724285 0.03203841786325714
0 0.3852675358454386 0.6859913343264733 0.021753655539618597 0.024839095127435377
0 0.1571990648905436 0.13974054360095367 0.019641637802124023 0.030022632928542146
0 0.48569912380642355 0.4611454951910325 0.012270079718695748 0.02488986356758777
0 0.5166112846798366 0.6880754305992598 0.013963540395100914 0.02354774946047936
0 0.406906419330173 0.9367082383897569 0.016337129804823134 0.029301396122685185
0 0.39754108587900794 0.5976689421100381 0.015418873892890084 0.021941149676287616
0 0.37997069623735213 0.7372760066279659 0.014155679278903537 0.024962342815634645
0 0.388177686267429 0.630994231612594 0.010309696197509766 0.018908700825255594
0 0.3670208983951144 0.704491862544307 0.015650325351291232 0.024116280638141398
0 0.4025439686245389 0.6487018208444855 0.012554592556423612 0.022436400990427277
0 0.4211310810512967 0.7262709817768616 0.012409157223171659 0.02237305817780671
0 0.5357216199239095 0.23952724315502028 0.02033943600124783 0.026364550178433643
0 0.3718228472603692 0.6353721383177203 0.015503221087985568 0.019113564196928046
0 0.43136914571126295 0.7301066834249613 0.010798931121826172 0.018387782720871913
0 0.3754072056876288 0.659839818507065 0.016674598058064777 0.019058792679398147
0 0.441470636261834 0.7454732965540003 0.01266381475660536 0.020363277859157987
0 0.42995334996117485 0.6837356473192757 0.01115870475769043 0.019577497317467208
0 0.4391566382514106 0.6983625623914931 0.013517167833116319 0.022735218942901234
0 0.46170361836751306 0.7985159791546103 0.012107531229654946 0.01843657316984954
0 0.3483503394656712 0.7410920225543741 0.012785222795274522 0.023135620870707946
0 0.41506822903951 0.7475656344566817 0.015416251288519967 0.022413701186945408
0 0.5401640203264024 0.8357701713656202 0.01263337665134006 0.016666836208767362
0 0.47505715158250594 0.6930208794864607 0.023925304412841797 0.02605942149221161
0 0.5182085037231445 0.720937658239294 0.009430885314941406 0.0145263671875
0 0.48177949587504065 0.7231190057448399 0.012301603953043617 0.014233153543354552
0 0.5119644535912408 0.7398543652193047 0.013595316145155165 0.018541877652391976
0 0.4556078645918104 0.88548853367935 0.010356956058078341 0.019261678059895832
0 0.1899671024746365 0.8859385266716099 0.01604914665222168 0.02790239122178819
0 0.5174024369981554 0.8243646503966531 0.013515896267361112 0.01689562385464892
0 0.272562927669949 0.5895855515091507 0.012461821238199867 0.021532647403669943
0 0.3969158464007907 0.7649483150906033 0.010526948504977755 0.01565415182231385
0 0.5435635248819988 0.742598757331754 0.00838364495171441 0.01447008862907504
0 0.3827023041303188 0.78307748068058 0.008752093399254833 0.0203223211810365
0 0.37448605318407957 0.7779969003853209 0.009466550003275741 0.017782031033406726
0 0.5823929249541345 0.7279849381038644 0.015182202835442169 0.02508536520784176
0 0.4764747334080498 0.7400513163051048 0.012324376419358955 0.024450292670934317
