0 0.5434433884090848 0.5845686830120322 0.02444261974758572 0.030114256305459105
0 0.48329334788852274 0.6469266679551867 0.02223994996812608 0.029975278877917632
0 0.24791559908125138 0.1416864924960666 0.020546038945515946 0.03218859213369864
0 0.43656774361928297 0.6498250137140722 0.019600735770331487 0.024892359604070217
0 0.20087168614069617 0.6776562208010827 0.013019813431633841 0.026597717661916473
0 0.4519279797871908 0.6026941935221355 0.01960457695855035 0.02832285563151042
0 0.3449704911973741 0.6754650068871768 0.015670140584309895 0.02101069320867091
0 0.45439955923292374 0.5681150695424022 0.01620043648613824 0.020401142261646413
0 0.4762080245547825 0.7501808684549214 0.020199934641520187 0.02776388474452643
0 0.5011068450080024 0.7498522628972559 0.016936302185058594 0.022889125494309416
0 0.4432009855906168 0.6982186399860147 0.014834562937418617 0.025091948332609953
0 0.4042050573560927 0.6723851804380064 0.025425275166829422 0.03407457139756945
0 0.40216330687204993 0.6202706466486425 0.01638589964972602 0.023052874906563464
0 0.4075023730595907 0.7337743029182339 0.016769064797295466 0.025700133523823304
0 0.46514126989576554 0.541272622567636 0.017317189110649958 0.023938402717496143
0 0.47189625104268396 0.5868429254602503 0.011456330617268883 0.022271097442250188
0 0.46350884437561035 0.6627593570285373 0.012122631072998047 0.018393198649088543
0 0.19203437036938137 0.2689958501745153 0.01684248447418213 0.024361928304036454
0 0.34638116094801163 0.6972808837890625 0.0175326665242513 0.02653277361834491
0 0.38665572802225745 0.7599551824875819 0.013231860266791452 0.029057255497685185
0 0.40960639052920866 0.5938720703125 0.014896684222751193 0.026163548599054783
0 0.5217596160040961 0.38597899307439354 0.03334448072645399 0.03829256693522135
0 0.42545964982774526 0.6005226653299214 0.02119276258680556 0.03586733782732928
0 0.3706153233846028 0.20129674157978578 0.01322852240668403 0.024075931972927518
0 0.3758979638417561 0.7870953642291788 0.01121436225043403 0.021547623622564623
0 0.19266433186001247 0.29182987448609904 0.019007338417900935 0.024772408567828898
0 0.4436593850453695 0.803150247644495 0.017883141835530598 0.030528457076461225
0 0.6145810551113553 0.3088109758165148 0.024919509887695312 0.0346546408570843
0 0.4188004467222426 0.7517189920684437 0.011546744240654837 0.01655074696481964
0 0.39894118573930526 0.6477014753553603 0.012064695358276367 0.019430607925226658
0 0.5260924498240153 0.7273486808494285 0.013480769263373483 0.018881479899088543
0 0.4793581167856852 0.5133137644073109 0.020817067888047956 0.024921181761188273
0 0.3154657946692573 0.5877232021755643 0.014126035902235243 0.02011174331476659
0 0.4306159681744046 0.7764126812970197 0.009453588061862521 0.019055025077160493
0 0.015831251111295488 0.4033071729871962 0.017959278490808275 0.026718422218605323
0 0.35750177171495223 0.8152557184666763 0.01553757985432943 0.029358098536361885
0 0.43225693702697754 0.8380367137767649 0.010453648037380643 0.017222086588541668
0 0.5085469086964926 0.72990028946488 0.010290516747368705 0.014468110637900272
0 0.21122008562088015 0.8947615446867766 0.014586170514424644 0.026466840579185958
0 0.3672498464584351 0.7848455170054494 0.010692040125528969 0.0180816650390625
0 0.2774352232615153 0.6556834703610267 0.01196559270222982 0.025764324046947337
0 0.4483781920539008 0.7312697422357253 0.011494212680392794 0.01803513515142747
0 0.5270560317569308 0.7874888431878737 0.011218123965793185 0.019845703501760223
0 0.5880174371931288 0.46567733199508105 0.014211707644992404 0.02250925699869792
0 0.3495648834440443 0.9276788499620227 0.028466992908053927 0.031476338704427086
0 0.4018688599268595 0.7722786090992113 0.014888366063435875 0.023603039023316938
0 0.41211325592464876 0.8084291999722705 0.010743432574801974 0.02397645550009645
0 0.5063290331098769 0.81055662367079 0.01161866717868381 0.02551862928602431
0 0.4562471177842882 0.830426675302011 0.0111793941921658 0.020292211461950233
0 0.2778318060768975 0.6551538396764685 0.01244574122958713 0.026041337001470873
0 0.671073489718967 0.37079546186659074 0.029884656270345047 0.041311970463505494
0 0.4400191307067871 0.7622848086886935 0.0123649173312717 0.021243954882209683
0 0.4371718433168199 0.7634057880919657 0.008547067642211914 0.01707741066261574
0 0.43057337072160506 0.7770298145435476 0.008818176057603624 0.017853819293740355
0 0.46573993894788956 0.7070398212950907 0.012013753255208336 0.014920929331838348
0 0.4241379366980659 0.5986018239715952 0.023825592464870878 0.037119264955873844
0 0.4445148441526625 0.7611772749159071 0.012496338950263131 0.022682519606602045
0 0.3286341296301948 0.2124219117341218 0.015002515580919053 0.020335020842375578
0 0.4927533997429742 0.7222618291407455 0.009362644619411893 0.016166592821662808
0 0.42998080783420134 0.7365242757914978 0.009961552090115018 0.015752062385464893
0 0.4122421609030829 0.8084114451467255 0.011642747455173068 0.0252157140661169
0 0.3550870021184286 0.5365856547414521 0.012735181384616427 0.02646811214494117
0 0.6433893093661305 0.521286660359508 0.02022232734153256 0.03973509933774842
