0 0.41465275817447234 0.6486565154275776 0.017819219165378146 0.023411456449532214
0 0.39505171775817866 0.6630307892222462 0.01194127400716146 0.020391205210744598
0 0.3792259958055284 0.5841156288429543 0.011787520514594186 0.02115357952353395
0 0.40264291233486604 0.6150528236671731 0.00988679462009006 0.01949244369695216
0 0.3719572888480292 0.6549589839982397 0.009409719043307833 0.019285602334104937
0 0.4753298759460449 0.6523700996681495 0.020112991333007812 0.02552150208273052
0 0.5289204120635986 0.6174184304696542 0.016080697377522785 0.021774904227551118
0 0.4924705293443468 0.9125330889666521 0.015016767713758681 0.020031493387104554
0 0.5332179599338108 0.5993293479636864 0.017665757073296443 0.02291361490885417
0 0.3630901707543267 0.6774700070604865 0.01036214828491211 0.021763978181061922
0 0.4598659409417046 0.7737271108745056 0.014345275031195748 0.02225442580234857
0 0.44663345813751215 0.8491148772063078 0.009244998296101889 0.014637134693287037
0 0.36229235596126974 0.6768556995156371 0.010352849960327148 0.022520418520326966
0 0.6022280587090386 0.1541074646843804 0.015737003750271268 0.023547902519320263
0 0.5043392976125082 0.7578354352786217 0.010875648922390409 0.018284738799672066
0 0.43021698792775465 0.7647373764603228 0.00954233275519477 0.016660666760103204
0 0.6141737037234837 0.8371586269802518 0.010702080196804471 0.01962628776644483
0 0.4187111722098456 0.6947823041751061 0.013816648059421115 0.017785814073350694
0 0.43343610233730745 0.8703739966875241 0.011099762386745878 0.01363787238980517
0 0.45019400119781494 0.7220904503339602 0.012186977598402236 0.016479868947723766
0 0.5584487385219997 0.7362491230905792 0.01190100775824653 0.019293938154055747
0 0.4581558969285753 0.727391137017144 0.010944260491265189 0.01825431541160301
0 0.532812711666128 0.7246607344153811 0.015465736389160156 0.018000897066092786
0 0.566330353418986 0.8393401628659096 0.01090648439195421 0.016772705831645446
0 0.47549562984042704 0.6527027083031924 0.01997698677910699 0.02589228123794367
0 0.4361160066392687 0.7293330298529732 0.009116384718153212 0.014522646680290317
0 0.4913829697502984 0.7752350230275848 0.011753612094455294 0.018017427420910493
0 0.6401188108656142 0.848022508032528 0.009783003065321181 0.013110596456645448
0 0.3764749527052757 0.7573853202504673 0.011356191443577685 0.014682752573514648
0 0.38060447686657667 0.7055368502252435 0.006194286241951516 0.013765080537669973
0 0.41278035262338053 0.734290574015043 0.008259048322601999 0.015600424609359322
0 0.4210394009459824 0.718078368048454 0.00894730234948554 0.010706173751521107
0 0.5265523342328823 0.7558047168516382 0.008601303630036129 0.01529120645339745
0 0.5312998070156943 0.7432937297534039 0.005585262097426024 0.010127941936665791
0 0.5359355745565579 0.7517336813672921 0.007260840726653796 0.01072370322705794
0 0.5521328346390935 0.7254208910416406 0.006143788307168592 0.009333593549476263
0 0.5292332600396468 0.7373361168494827 0.009718356049521332 0.009333593549476263
