0 0.47143459320068365 0.6848462422688801 0.014412562052408852 0.019843960985725308
0 0.5225512981414795 0.7036157301914545 0.01217423544989692 0.015886754165461033
0 0.5454250971476238 0.7204353191234447 0.008346239725748697 0.014453887939453125
0 0.5033402442932128 0.7577866919246721 0.00941308339436849 0.018436384789737654
0 0.41604790422651505 0.6759355333116319 0.013839589224921334 0.01971068205656829
0 0.49159110916985405 0.913784545144917 0.013854821523030601 0.019741482204861112
0 0.41366729471418595 0.7253886328803167 0.00922740830315484 0.0158628769862799
0 0.5580386055840386 0.7354165536385996 0.010746426052517362 0.0180511474609375
0 0.46266296174791127 0.6254336510175541 0.020253393385145403 0.024003205475983797
0 0.46222543716430664 0.6253884397907021 0.020615789625379778 0.023550622257185568
0 0.4158902830547757 0.659741955038942 0.010671907001071505 0.015823741018036266
0 0.5067385567559136 0.6326301715992115 0.02069854736328125 0.03263134426540799
0 0.41023833221859407 0.7471380586977356 0.00917416148715549 0.012300514880521798
0 0.534104691611396 0.7256743584150149 0.011026329464382596 0.018784369951413003
0 0.5067103703816731 0.6328432530532649 0.020606040954589844 0.031400704089506175
0 0.49797452820671934 0.7873143561092424 0.01258579889933268 0.019513495174455053
0 0.42103000481923414 0.7208858772560403 0.008809434043036567 0.012398189968532987
0 0.44123619132571756 0.7375270937695916 0.011250999238755967 0.026225290180724344
0 0.5113066567314996 0.7387077661208165 0.010074827406141493 0.01481491842387635
0 0.6140878730350071 0.8370836516957225 0.009824911753336588 0.018402193799430942
0 0.4186885621812608 0.7033092357494213 0.0106303956773546 0.01608502423321759
0 0.3730269405576918 0.7820882914978781 0.016935269037882488 0.022142951871141972
0 0.4232248332765367 0.7351671148229529 0.007306231392754449 0.013844384087456595
0 0.38183029194276535 0.7442984911964399 0.006182797534795412 0.012945709406188968
0 0.4086911123439323 0.7077818203242652 0.006320193035568593 0.008793312049486843
0 0.4020961283068172 0.720849659064475 0.009068103051033347 0.011480157397941185
0 0.39879863628825957 0.7342838858067463 0.01099164006185859 0.012457192070106515
0 0.3907609994930255 0.7342838858067463 0.007007170539434924 0.012945709406188968
0 0.3921349545007578 0.7225594697407641 0.008930707550260025 0.013434226742271705
0 0.38423471320629704 0.7318412991263336 0.010991640061858661 0.012945709406188968
0 0.49022714675889245 0.7471872655383417 0.011541222064951527 0.012701450738147742
0 0.5258812792095462 0.7551256722496842 0.006182797534795412 0.013922744078354157
0 0.4527868727981867 0.728989994769265 0.00755675254252786 0.013922744078354157
