0 0.3795664310455323 0.607073513078101 0.011970890892876517 0.02113624855324074
0 0.3832550711101955 0.657324614348235 0.008162736892700195 0.019660572946807484
0 0.49264468087090385 0.9122250874837241 0.014635615878634982 0.019178508240499614
0 0.45489843686421716 0.7278739081488714 0.013494862450493705 0.022596665370611498
0 0.45862012439303934 0.6961616704493393 0.012739181518554688 0.021329997498312114
0 0.4321875837114122 0.7491878697901596 0.01064708497789171 0.014336150369526427
0 0.43095436361100936 0.7159044477674696 0.012609720230102539 0.019172338791835455
0 0.39679361714257133 0.697807052989065 0.009693913989596896 0.016393261191285688
0 0.534719705581665 0.7217413113440996 0.011036713918050133 0.015430262059341242
0 0.614559014638265 0.8374497684431665 0.009932306077745225 0.019195085690345292
0 0.5512403117285835 0.7258138067928361 0.007266097598605687 0.012192855646580826
0 0.446213960647583 0.8487532815815491 0.009163909488254122 0.014468911253375771
0 0.5582640171051025 0.7364417653024933 0.010887093014187284 0.018969688886477622
0 0.4018319712744819 0.7211719089084201 0.010060416327582467 0.01331470630787037
0 0.44241556856367326 0.7197785789583936 0.00692439079284668 0.011921023145134067
0 0.38030478689405656 0.7076789714671947 0.006510416666666668 0.01792695787217882
0 0.41881042056613493 0.6865360118724682 0.013692802853054471 0.017726474338107638
0 0.5349992911020914 0.8684963179223331 0.013301902347140841 0.018290672773196372
0 0.4325659539964464 0.8367755089277102 0.009629514482286241 0.018139309353298612
0 0.4903915988074408 0.7745315174997587 0.009874396853976779 0.017641326527536652
0 0.4814843071831597 0.7151652206609278 0.0123035642835829 0.013878810552903164
0 0.48090982437133795 0.7154869503445096 0.010632197062174477 0.01304150805061246
0 0.3775313813779883 0.7549957260689886 0.00561266845824548 0.014562599243015341
0 0.38155126554402896 0.7574228259428244 0.008191462074196139 0.009708399495343656
0 0.5262110062297751 0.7555894833003657 0.006242849381012263 0.01192663762342633
0 0.5360411645834585 0.7516139374258902 0.0063360262374450825 0.011595342133886674
0 0.5322209134697049 0.7442426127836336 0.0070814410889094145 0.010435807920498093
0 0.530031257343529 0.7360430494175282 0.008479093935404549 0.010932751154807505
0 0.48870732151548524 0.7426689592083204 0.00838591707897173 0.008944978217569854
0 0.48129976142906034 0.7410124817606223 0.008851801361136608 0.00993886468618868
0 0.4605679108727137 0.7582398472166827 0.009504039356167908 0.016233478987441572
