0 0.4726111359066433 0.6673693244839893 0.023140536414252386 0.030147787965374227
0 0.5754932827419705 0.6693829901424455 0.018560409545898438 0.03296741438500675
0 0.5393843385908339 0.6737323101655935 0.013004355960422091 0.022155903003833913
0 0.4014185402128432 0.5978625262225116 0.016227112876044378 0.025604059666763115
0 0.37851766745249427 0.6740357434308086 0.015893856684366863 0.022180957558714312
0 0.38890673054589164 0.6975974094720533 0.022622240914238825 0.02739489520037616
0 0.43778955936431885 0.6915028183548538 0.013633701536390517 0.02202865223825714
0 0.2868114709854126 0.27668819898440516 0.01849431461758084 0.02718934895079813
0 0.3763336737950643 0.7419996143859109 0.012908379236857094 0.020711121735749422
0 0.5567439662085639 0.4508363229257089 0.01727183659871419 0.02366826563705633
0 0.5464638339148628 0.48233665654688707 0.01321681340535482 0.02441994937849633
0 0.43340561125013566 0.7301365887677227 0.01413726806640625 0.022288663887683257
0 0.40705839792887366 0.7626716943434727 0.02056497997707791 0.029922815016758295
0 0.4697851869795057 0.430598270745925 0.011559751298692491 0.023868796266155477
0 0.41249852710300017 0.8039055341555748 0.013392872280544706 0.02438184950086806
0 0.48947575357225204 0.79086153006848 0.014633549584282767 0.021632630148051696
0 0.3628735012478298 0.4580550959080826 0.015080293019612633 0.02284815281997492
0 0.3312302165561253 0.6423565899884259 0.010924604203965928 0.02153966456283758
0 0.3382817904154459 0.519838074107229 0.022966649797227644 0.030825767988040122
0 0.5347019301520454 0.29932724988019027 0.017063564724392362 0.02486808211715133
0 0.5015885300106472 0.6940644346637491 0.00869343015882704 0.016482600459346065
0 0.4163546164830526 0.6512247014928747 0.025090826882256403 0.035857165301287616
0 0.5024847984313965 0.8151285618911556 0.01636219024658203 0.024158430688175154
0 0.5410098234812418 0.730434935769917 0.008782969580756294 0.016278490608121143
0 0.2634434832466973 0.8734873547966098 0.014170567194620766 0.02513659441912616
0 0.506144126256307 0.7202537442431037 0.013010713789198134 0.01572493564935378
0 0.527486589219835 0.7576018674874011 0.010010189480251737 0.014243655734592013
0 0.478403091430664 0.7305908203125 0.009814580281575521 0.01473650520230517
0 0.5162143442365859 0.7417733227765119 0.01147953669230143 0.013764510920018326
0 0.6159097618526883 0.4699077370726032 0.016285843319363065 0.023237911271460264
0 0.3650628195868598 0.76493435141481 0.014578978220621742 0.024567498101128474
0 0.4539773994021946 0.7438398055088372 0.016463650597466364 0.025090017436463156
0 0.43759110238817 0.7613775229748385 0.011884954240587022 0.0187898329746576
0 0.3589654233720567 0.8729437839837721 0.01262315114339193 0.020564985863956404
0 0.5314240455627441 0.703137833395122 0.011467933654785156 0.013986234311704282
0 0.4460707505544026 0.8253307107054156 0.009664058685302734 0.01736308910228588
0 0.3088715738720364 0.6771113077799478 0.015734169218275283 0.025738468876591435
0 0.5302795304192437 0.8473356270495757 0.01094404856363932 0.015993659878954476
0 0.5059403578440349 0.7201225374951775 0.011419455210367836 0.014592206036603009
0 0.45385215017530656 0.745431947119442 0.01653665966457791 0.02473934785819348
0 0.5092624028523763 0.6843719953372155 0.009635819329155816 0.01726456630377122
0 0.41884806421067977 0.8316759651089892 0.012178421020507812 0.018191490644290122
0 0.48537137773301864 0.8288146124945748 0.008674303690592447 0.01346588134765625
0 0.3639496167500814 0.7671689633969908 0.016346348656548396 0.025330437554253474
0 0.5167640580071343 0.723971896701389 0.010675536261664498 0.014476258077739198
0 0.4457709391911825 0.8803619573145737 0.012313445409139 0.016160753038194444
0 0.2658638556798299 0.7702344729576582 0.016409635543823242 0.025368207766685958
0 0.49279912312825525 0.7204281371316793 0.010853343539767794 0.012504860206886575
0 0.46063476138644743 0.7275160094838082 0.0109455320570204 0.012044506308473186
0 0.5140328407287598 0.7613854349395376 0.016305711534288194 0.022596335705415704
0 0.4201615386539035 0.7138041743525753 0.009853680928548178 0.013210908866222993
0 0.5986449188656278 0.8357261846094955 0.009473323822021484 0.012367625295380016
0 0.4178519248962403 0.6555699477961034 0.026077429453531906 0.03638053234712577
0 0.5751255353291829 0.8242494559582368 0.008543120490180122 0.014648060739776234
0 0.4005560874938965 0.8095272205494068 0.01313871807522244 0.024082607693142362
0 0.5165988604227703 0.7229042995123216 0.01075066460503472 0.015580824863763503
0 0.45371950997246635 0.8571544223361546 0.012337896558973525 0.024781497908227236
0 0.5388516849941678 0.7490446773576148 0.00961250729031033 0.013166168589650848
0 0.45477872424655497 0.8246262161820023 0.010098457336425781 0.01756098240981867
0 0.35677995946672225 0.7733569204071422 0.014781077702840172 0.01971925335165895
0 0.4502171940273709 0.6628153530167944 0.007812394036187066 0.01401590417932581
