0 0.4268427424960666 0.7170263455237871 0.013326962788899742 0.019096139036578898
0 0.36972947915395105 0.7636019859784915 0.010057899687025283 0.01706761489679784
0 0.23617653052012122 0.2839028982468593 0.02333807945251465 0.0350765887601876
0 0.4396791325675117 0.7059322875223042 0.011304775873819985 0.019780382697964893
0 0.36571476194593644 0.7371161896505474 0.008916695912679037 0.01979201516987365
0 0.4717728826734755 0.7480011457278405 0.008192062377929688 0.015522427029079862
0 0.44400619135962593 0.5840410067711347 0.014056709077623155 0.022474077012803816
0 0.47022599644131124 0.6684781533700449 0.010828600989447702 0.02113846201955536
0 0.44332759910159636 0.7500940016758294 0.008826547198825412 0.015922452196662808
0 0.37267891565958666 0.6019644796112437 0.020505163404676653 0.027579648995105132
0 0.3554560210969713 0.7525939234980831 0.013790686925252281 0.01719368828667535
0 0.43777623441484237 0.623682822710202 0.027583466635810003 0.04015420984338831
0 0.3914699473297404 0.6016918839595451 0.010742291050250046 0.0179740294696996
0 0.4273220189842146 0.7765342419331138 0.023064330784360508 0.032016239992902346
0 0.4704491580536012 0.8652810124397553 0.00884659262961776 0.01741234104877151
0 0.4887742427863808 0.8801657555943501 0.009478492103161927 0.021344159995268085
0 0.48766841870767863 0.8400050334979903 0.013585838681198581 0.02190584841619625
0 0.6067814694707462 0.8821316650675988 0.01105824078702227 0.020782471574340065
0 0.39778071859602676 0.943636547159227 0.008214693156073665 0.030331174730117993
0 0.30931479229984926 0.7731641114075449 0.01769318525923545 0.0286461094673335
0 0.3356965953203165 0.7790618398272904 0.013585838681198724 0.022467536837124557
0 0.3486505345279711 0.7765342419331138 0.0110582407870222 0.020782471574339923
0 0.3492824340015152 0.8366349029724216 0.011690140260566296 0.026399355783621275
0 0.37755993544261485 0.852923867179337 0.012637989470882545 0.0308928631510463
0 0.20694707758570105 0.7040764356333873 0.010742291050250081 0.021905848416196392
0 0.05671297775058523 0.6347079156487656 0.01484963762828694 0.028084421046405624
0 0.2867243861206468 0.8473069829700557 0.016745336048919306 0.02190584841619625
0 0.3306413995319635 0.8661235450711474 0.01737723552246344 0.025837667362692968
0 0.39610790102305043 0.7500129758029399 0.007406332833714231 0.01955072370919865
0 0.4117060868395094 0.7326567210815084 0.008977373131774869 0.019949718070610915
0 0.47634317338828835 0.7127070030108976 0.009875110444952427 0.01835374062496214
0 0.4830762032371196 0.7123080086494855 0.007181898505419965 0.016757763179313087
