0 0.39199067896342904 0.5585853658575237 0.015988270289339964 0.024221843298246667
0 0.45156436434588315 0.568348251676715 0.013346729980666439 0.017548478307913413
0 0.42341110579291474 0.6004792682968381 0.008758791549812343 0.016559831642678872
0 0.43724443530412643 0.6129609324454243 0.016961469350430393 0.01285240664804931
0 0.4459337126352894 0.6349583207468931 0.012373530919576296 0.023233196633012057
0 0.5581108518932992 0.8143412225443766 0.008100740066885805 0.01620148013377147
0 0.5069395225887409 0.674183154851601 0.009415592792598702 0.014245814154286336
0 0.5039345461655713 0.7373989551612478 0.013822891546581305 0.021012575877570126
0 0.43692357192888515 0.7452341529461041 0.009215261031053927 0.021012575877572316
0 0.4570569139641226 0.6854017334981015 0.01462421859275949 0.021012575877572316
0 0.47228212784151613 0.6764980996516725 0.009415592792598631 0.018163413046715107
0 0.49862575448463786 0.6894974050674588 0.008013270461786135 0.011396651323428984
0 0.5203617506122327 0.7114003443296741 0.007011611654062833 0.011752796677286454
0 0.5171564424275182 0.7696301096853193 0.01021691983877723 0.013533523446571962
0 0.44593850119839445 0.7792460342394627 0.01201990569267906 0.01780726769285792
0 0.3803298492925211 0.7806706156548913 0.009014929269509295 0.015670395569714942
0 0.3724167447115073 0.7826294151011056 0.0076126069386968 0.01388966880042915
0 0.4692771514183464 0.7361524464227466 0.007412275177152097 0.013533523446572104
0 0.4611637150757879 0.7363305190996751 0.006410616369428865 0.009615924554143476
0 0.4549534304679038 0.7324129202072462 0.006410616369428865 0.01104050596957194
0 0.4172910592975093 0.6866482422366015 0.008413933984875327 0.010684360615714752
0 0.4127835946627546 0.7181671060529601 0.01021691983877723 0.018163413046714965
0 0.4071743053395043 0.6759638816208867 0.011819573931134428 0.023505593354572342
0 0.3933514137929234 0.6937711493137448 0.010617583361866493 0.015670395569714942
0 0.3948539020045082 0.7341936469765321 0.0060099528463396015 0.009615924554143333
0 0.3978588784276781 0.7477271704231043 0.007612606938696729 0.013177378092714917
0 0.3767427747816271 0.8666094083462755 0.008891339611895787 0.014944635468883548
