0 0.27051736790606656 0.11545988258317028 0.022566046966731933 0.0371819960861057
0 0.20804794520547948 0.1350293542074364 0.019814090019569477 0.039138943248532294
0 0.18658268101761252 0.17954990215264188 0.018713307240704503 0.02641878669275929
0 0.17419887475538162 0.22651663405088066 0.033573874755381594 0.040117416829745595
0 0.033023483365949124 0.23336594911937378 0.025318003913894334 0.0518590998043053
0 0.02036448140900196 0.06164383561643836 0.014310176125244621 0.027397260273972605
0 0.2121758806262231 0.2588062622309198 0.020364481409001947 0.022504892367906103
0 0.34261863992172215 0.27837573385518594 0.02146526418786692 0.03228962818003911
0 0.1868578767123288 0.3918786692759296 0.018162915851271996 0.030332681017612443
0 0.11338062622309199 0.5048923679060665 0.025318003913894334 0.0430528375733855
0 0.053938356164383576 0.3909001956947163 0.025318003913894323 0.026418786692759256
0 0.20362319889094505 0.6037802342355725 0.01565103193397114 0.03338886812580512
0 0.23492526275888728 0.620165512112125 0.012868626256820725 0.02411418253530364
0 0.17058213147478377 0.6248028549073757 0.01982464044969678 0.027205744398804157
0 0.12397683638251421 0.5979062666949216 0.022607046126847195 0.022877557789903448
0 0.14188857292917004 0.6668480962509821 0.022954846836490964 0.04328186608900651
0 0.17092993218442756 0.7042559947993375 0.010086220579670275 0.019167683553702942
0 0.2818924751663021 0.8429486573341762 0.01565103193397114 0.02720574439880423
0 0.1784217640472708 0.8420211887751259 0.010434021289314118 0.02164093304450333
0 0.2879789875850687 0.7307249616891092 0.014607629805039721 0.019167683553702942
0 0.2698933506835909 0.7668962354920645 0.010434021289314081 0.023495870162603582
0 0.35753912951382927 0.5690362762280347 0.027128455352216675 0.03338886812580512
0 0.45544502927855973 0.5464678746244812 0.029563060319723243 0.029060681516904482
0 0.4872687942109677 0.5705820571597848 0.022259245417203317 0.027824056771504218
0 0.6051732347802168 0.6645655378101991 0.01947683974005294 0.026587432026103953
0 0.5453515127214827 0.7672053916784144 0.018085636901477783 0.03524380524390551
0 0.5171796552403347 0.6936262193271034 0.018781238320765396 0.02906068151690434
0 0.5034415272094046 0.8098689453947212 0.017042234772546364 0.026587432026103953
0 0.49283360556526856 0.8500592496202273 0.020868042578628163 0.046373427952507026
0 0.5058761321769112 0.9152912049400872 0.021911444707559583 0.03462549287120538
0 0.41388284447612533 0.9103447059584863 0.021563643997915775 0.02720574439880423
0 0.3865804887690868 0.9415694807798412 0.01843343761112152 0.03029730626230446
0 0.42709927144258986 0.7532933632926625 0.017390035482190102 0.032152243380404996
0 0.449880217924259 0.7152671523716069 0.01912903903040913 0.026587432026104096
0 0.4486629154405056 0.6494168846790468 0.01739003548219017 0.03586211761660557
0 0.46361834595518914 0.6515809779834971 0.023650448255778615 0.025350807280703762
0 0.4418808016024514 0.6710578177235499 0.02399824896542242 0.03215224338040471
0 0.3909279976396343 0.6559091645923979 0.015303231224327333 0.02411418253530357
0 0.3716250582544032 0.6803325033140513 0.02121584328827197 0.02967899388960447
0 0.38484148522086775 0.7010459677995047 0.01565103193397107 0.02411418253530357
0 0.354582823481857 0.7239235255894081 0.020520241868984358 0.02658743202610381
0 0.36345174157777393 0.7876096999775177 0.014607629805039792 0.02411418253530357
0 0.38866729302694963 0.7959569170089691 0.009390619160382698 0.02844236914420435
0 0.37458136428637556 0.8052316025994705 0.015998832643614874 0.025969119653403965
0 0.4747479686637908 0.7774075458279661 0.015998832643614947 0.03338886812580512
0 0.481530082501845 0.7471102395656617 0.01008622057967024 0.022259245417203317
0 0.4957899115972409 0.7294883369437091 0.008695017741095086 0.017931058808302824
0 0.42083885866900134 0.8469676877567267 0.014607629805039792 0.031533931007704866
