0 0.40790531370374894 0.715185942473235 0.017054186926947698 0.02519056532118056
0 0.4352797004911635 0.6962421558521413 0.013043271170722116 0.01754186182846258
0 0.41580780347188306 0.5632304674313392 0.01890087127685547 0.021646711561414934
0 0.4000322686301337 0.7358501811086395 0.014171679814656578 0.021425270739896796
0 0.42093584272596574 0.5876326384367766 0.017264366149902344 0.022421471866560568
0 0.3823258744345771 0.6106839121123891 0.023189253277248807 0.034965044186439045
0 0.36947426531049943 0.7919535224820362 0.010505384869045682 0.021256529254677855
0 0.3572705056932237 0.7741810363016011 0.013987117343478732 0.021697903856819058
0 0.39837874306572807 0.7047822269392603 0.01676501168145074 0.021357783564814815
0 0.39957284927368164 0.7366793597186053 0.013814979129367404 0.0204315185546875
0 0.35801680882771814 0.5904471550458744 0.01815228992038303 0.0253952874077691
0 0.19112482998106217 0.6699325420238353 0.014588899082607694 0.02473190684377411
0 0.41589062743716776 0.7461230666549118 0.012873093287150063 0.0247849358452691
0 0.45099475648668075 0.7127119700113933 0.006971465216742622 0.015696914107711228
0 0.4080758492151896 0.6578756732705199 0.02118595441182454 0.03496617446711034
0 0.45047805044386124 0.6895110047893759 0.00935506820678711 0.017160297911844136
0 0.4770050048828125 0.7440909397454909 0.011789321899414062 0.021993754822530864
0 0.46399739053514266 0.7118491184564284 0.007959418826633029 0.016733051818094136
0 0.49097384346856016 0.9185154761797116 0.017766634623209637 0.03280215793185764
0 0.4845059447818333 0.7137020723319348 0.011854330698649086 0.018501375928337192
0 0.4909388224283854 0.7050463358561196 0.01022974650065104 0.016975967972366897
0 0.40823867585923934 0.656667568065502 0.023867024315728083 0.035691108232663
0 0.3773629665374756 0.776399117928964 0.010322146945529513 0.013410780164930556
0 0.42802157300299987 0.48672241223636314 0.014354616240192684 0.024243351872325434
0 0.48400457633975114 0.5393560051170695 0.019378731924260036 0.027433266592368354
0 0.2393632258052126 0.6134206006642329 0.009330500556125259 0.021053437152282653
0 0.27883842046574236 0.7005052725214016 0.010048231368134885 0.025519317760342518
0 0.31669872079925043 0.7745112940263946 0.01686667408222636 0.026795283648359605
0 0.3803973303651054 0.8577680682195122 0.014354616240192613 0.017225539488231193
0 0.36460725250089354 0.8462843752273579 0.01004823136813485 0.022329403040299525
0 0.36747817574893205 0.8682947867956535 0.010048231368134992 0.014035624768188483
0 0.4178182789228857 0.6332700673799342 0.01243516927366727 0.018223311127776823
0 0.39303196178956235 0.5791976196073507 0.017980582598410847 0.027783080899725192
0 0.39328402603159623 0.6420829801384491 0.010082569681351856 0.020314510765390495
0 0.44993467203032705 0.7541762121651194 0.00890626988519422 0.013443426241802427
0 0.428089104387398 0.7613460394940809 0.008906269885194077 0.017028339906283066
0 0.44943054354625944 0.6609684568886223 0.006889755948923763 0.0194182823492703
0 0.36507304387894884 0.7083191915403044 0.007898012917058992 0.020911996376137266
0 0.35977969479623906 0.7989876329711276 0.010082569681351856 0.022405710403004236
0 0.09918023256897662 0.10425024654404698 0.009964031858725715 0.018646141490012997
