0 0.40146283308664954 0.24968633533995827 0.01816338962978787 0.026623172524534625
0 0.40195535288916695 0.6204274730917847 0.015502161449856229 0.024099420618127892
0 0.12120316425959268 0.681128325285735 0.017333176400926378 0.027312196331259645
0 0.4411844412485759 0.7520363654619382 0.011119259728325736 0.01727780000663098
0 0.3775493568844265 0.7842164922643592 0.018116474151611328 0.026360829671223954
0 0.4301344421174791 0.7708462609185112 0.011227263344658744 0.020847226366584683
0 0.4975468052758111 0.6869322929853274 0.011774539947509766 0.018498126371407214
0 0.4757678773668077 0.7088675322356047 0.010169770982530382 0.014072842068142362
0 0.4762402110629612 0.7584438088499469 0.01287078857421875 0.01721605842496142
0 0.5039688481224908 0.7501737335581837 0.01211192872789171 0.015422208809558257
0 0.5040702290005155 0.7261004742280935 0.01173485649956597 0.0175566025722174
0 0.48705712954203284 0.7380457277651188 0.015996985965304904 0.0200473173165027
0 0.39047241210937506 0.7394160988890094 0.010234726799858939 0.020597764003423998
0 0.4314307504230075 0.7434413580246914 0.012081437640719943 0.015689143428096065
0 0.39539182186126703 0.6879814053759162 0.017583926518758137 0.021362022117332177
0 0.533033635881212 0.7507062370394482 0.014332241482204862 0.01734641746238426
0 0.6142826345231798 0.8377486334906683 0.009113364749484591 0.017567104763454862
0 0.5263659159342448 0.7260121710506485 0.016356256273057725 0.017953707848066165
0 0.42980498737759065 0.7988140200391227 0.022822327084011503 0.025494375346619406
0 0.3750035232967801 0.5883478470790533 0.01699807908799913 0.02333761144567419
0 0.5524200598398845 0.7520489162868924 0.011268774668375649 0.015668986756124614
0 0.4950808419121636 0.8604758933738426 0.014209535386827257 0.01945213035300926
0 0.47469634479946565 0.724662521739065 0.010310120052761503 0.011365866955415702
0 0.5705260170830622 0.8416739569769964 0.014322174919976127 0.01646498691888503
0 0.42865194214714897 0.6557671111307026 0.015019416809082031 0.023802250991632908
0 0.40947008132934565 0.7419107696156442 0.01553471883138021 0.022540151337046687
0 0.4092379278606839 0.7443842946747203 0.01393490367465549 0.01945985393759645
0 0.510729021496243 0.8610771555959442 0.01199568642510308 0.016077771598910107
0 0.42973931630452467 0.7999341517318915 0.021563053131103516 0.023816049834828313
