0 0.5163360375610124 0.5639063202251962 0.026389956183764555 0.024893926921646353
0 0.554439902867162 0.4195694170160354 0.01588783076369495 0.0215428213745016
0 0.2873273800824151 0.6003266223027779 0.013464263359063472 0.019149174555112437
0 0.283288101074696 0.6565773225584209 0.013464263359063543 0.012925692824700973
0 0.27736382519670805 0.6733328502941444 0.0107714106872508 0.011968234096945451
0 0.28221096000597096 0.726232445002643 0.01777282763396382 0.01627679837184573
0 0.43494934147568487 0.843476917930218 0.011451230058312162 0.016964785271573815
0 0.45556155558064687 0.8667752230365124 0.008652040488502521 0.015607602449847775
0 0.41179240957998675 0.8777457841787967 0.007125209814060938 0.014024222491167535
0 0.4372297577427784 0.6097577563100779 0.014795893801168702 0.02428044110961025
0 0.4828693993909987 0.6366685785398958 0.008649907145298669 0.019829026906181612
0 0.4105971489006748 0.6117811264025453 0.011153827634727236 0.016186960739740214
0 0.40046765237525916 0.6192675957446752 0.01821033083220762 0.023066419054129667
0 0.3861270168448957 0.6275634131237919 0.007739390603688321 0.017805656813714137
0 0.3574457457841687 0.6123881374302856 0.010470940228519297 0.01821033083220769
0 0.3616568847891168 0.5953918286535584 0.00887753628070115 0.01740098279522073
0 0.3638193615754415 0.5781931828675847 0.011836715040935033 0.017805656813714207
0 0.355283268997844 0.564029592220312 0.009332794551506325 0.015377612702753111
0 0.49361378012052753 0.7106075764745904 0.012974860717947862 0.013758916628779047
0 0.4950933695006444 0.7387324207598889 0.007284132332883076 0.013354242610285496
0 0.5167181373638909 0.7227477970293955 0.011836715040934961 0.019424352887688057
0 0.5432369316382933 0.7269968742235773 0.008422278009896119 0.01497293868425956
0 0.4233901918488269 0.6675097935050323 0.013202489853350556 0.021447722980155817
0 0.4018792385532817 0.6563812579964611 0.009788052822311499 0.014568264665766151
0 0.4091633708861648 0.6814710471430581 0.008422278009896048 0.01456826466576601
0 0.4072285232352427 0.696241648818071 0.007284132332883076 0.010926198499324613
0 0.3914554679269174 0.6633423697740539 0.009672352220275258 0.023245488463542047
0 0.3718898348774006 0.6868015971053307 0.006287028943178825 0.01573050863149277
0 0.38132037829216897 0.7097764189223795 0.008382705257571885 0.018628233905715347
0 0.45536760806738713 0.7491026905011117 0.006985587714643273 0.016144469384953196
0 0.4688730776490307 0.7317163388557774 0.007451293562286025 0.021111998426477357
0 0.42393246335149265 0.6880434793657116 0.015833998819857982 0.019870116166096352
0 0.3986723850068874 0.7300511131690618 0.009682080558876862 0.021638681629998047
