0 0.48300112618340385 0.6858022242416569 0.02427503797743056 0.03870128113546489
0 0.3660267061657376 0.6645415035294897 0.015088584687974717 0.027231287073206017
0 0.4399242268668281 0.6979185504677854 0.018581416871812608 0.027973127953800154
0 0.44183708561791313 0.7224148173391083 0.013461563322279189 0.021255728639202352
0 0.12857290108998617 0.8354211972083574 0.018552674187554255 0.029431095829716435
0 0.41197784741719556 0.7270218649028259 0.017593489752875432 0.017894226827739196
0 0.5323105653127034 0.9131545549557533 0.012307961781819664 0.021196247618875386
0 0.4274213843875462 0.7456973511495708 0.009032885233561197 0.015234111267843364
0 0.4683946238623725 0.729821570125627 0.007996294233534072 0.017597433961467977
0 0.5535360707177056 0.7213737111032745 0.009395652347140841 0.014369729124469521
0 0.5408334732055664 0.8506608185944734 0.0119529300265842 0.017176121841242283
0 0.5021831194559733 0.7250217155173974 0.007421069675021702 0.014666474895712772
0 0.39701832665337455 0.7479059902238256 0.008326530456542969 0.014048493938681522
0 0.4605239232381185 0.8609510351110388 0.012606196933322482 0.017992090295862267
0 0.5445204840766059 0.7237545531473042 0.008717113071017794 0.013488675341194058
0 0.5146109263102214 0.7234972023669585 0.01095930735270182 0.018988291422526043
0 0.4768892394171821 0.8242458296410833 0.009570333692762587 0.015488330228829091
0 0.5815449820624458 0.8239674038357204 0.008008956909179688 0.014796786838107638
0 0.5613560146755642 0.8607131581247589 0.008018599616156684 0.014722282503858024
0 0.4551098876529269 0.8242301940917969 0.009969340430365669 0.017582740312741128
0 0.5980464087592231 0.8362990485297308 0.01070531209309896 0.015273765281394675
0 0.5929108990563287 0.8531562899365838 0.01012192832099067 0.01461377555941358
0 0.5807696448432075 0.8212637724699797 0.007561471727159288 0.014518361032744984
