0 0.19469425413343644 0.661511809737594 0.023350556691487626 0.039366592595606674
0 0.35859383477105033 0.7153099907769096 0.0153861575656467 0.022165369104456017
0 0.4139470921622382 0.6521424893979674 0.02066116862826877 0.02828145910192419
0 0.5666073428259956 0.771389313686041 0.019652843475341797 0.027531800446686922
0 0.5437727769215902 0.6151161664797936 0.01841094758775499 0.027418065954137733
0 0.4392029311921861 0.7687081937436705 0.01567853821648492 0.023306528727213546
0 0.42203095224168563 0.35308767248083045 0.023431195153130427 0.025742519048996916
0 0.36859083175659185 0.6204344667034384 0.015823258293999568 0.022233656895013502
0 0.12149712774488662 0.6664118354703173 0.01775209108988444 0.0318205091688368
0 0.4072998762130737 0.7790759757713035 0.01379974683125814 0.023933175169391398
0 0.39311438136630583 0.807832129207658 0.015649742550320096 0.027380672501929014
0 0.5565001434750028 0.6388771386794102 0.01689979765150282 0.024283279607325424
0 0.37385196155971956 0.6685248480902777 0.014470153384738497 0.024074978298611112
0 0.4258736371994019 0.8058031812126254 0.013862530390421547 0.024494124047550154
0 0.3801678021748861 0.5888547779601297 0.017302883995903864 0.026666193832585842
0 0.39154607719845247 0.47284738517101893 0.02119819323221843 0.02758784352997203
0 0.5283435185750326 0.7192579905192056 0.012407514784071181 0.025261066578052663
0 0.37581329875522185 0.7522665188636308 0.014855967627631295 0.023858576645085842
0 0.35486511389414466 0.7456339612419223 0.016775422626071505 0.027436433015046297
0 0.0743210580613878 0.19665197089866354 0.020294586817423507 0.0332927586119852
0 0.46757049030727815 0.527465890955042 0.022907627953423396 0.02915139845859857
0 0.46112566524081755 0.41868949230806324 0.015711413489447698 0.028410546573591818
0 0.2476818561553955 0.6853069022849754 0.017673969268798828 0.021597355972101658
0 0.3698977629343668 0.731731132224754 0.013499418894449867 0.021083596311969523
0 0.40072811974419487 0.7500426916428553 0.017357720269097224 0.025829220995490933
0 0.265275690290663 0.2876861831288279 0.02300829357571072 0.025770517043125482
0 0.4274046023686726 0.3742837788146219 0.022975789176093206 0.024685800811390813
0 0.4580918947855632 0.7232944111765167 0.011168373955620658 0.01834610362111786
0 0.6144456333584256 0.34115648858341174 0.024861017862955734 0.034162427172248745
0 0.48436996671888566 0.7069411336639781 0.023182339138454862 0.030853506959514852
0 0.6134657859802246 0.6698986336036964 0.014669524298773873 0.022870711338372877
0 0.4963159031338161 0.6896027694513768 0.0301924811469184 0.03975512657636478
0 0.408403754234314 0.6981587115629221 0.013320366541544594 0.018035464816623263
0 0.44595445526970756 0.7266085353898413 0.010581705305311415 0.017493777804904513
0 0.26695115036434597 0.5862645278742283 0.016290479236178927 0.021463088047357252
0 0.5452864699893527 0.21635479397243926 0.014793872833251953 0.024666962800202547
0 0.45585544904073083 0.6970803296124493 0.011695914798312716 0.019887335506486303
0 0.5873895486195883 0.8692342970106337 0.011725160810682509 0.019338819715711806
0 0.31245149506462944 0.6068231088143807 0.012759367624918617 0.022977381576726467
0 0.43013293213314485 0.4239673849977093 0.011070066028171115 0.017892154646508486
0 0.393489917119344 0.7141602363115476 0.016051292419433594 0.024251537558473188
0 0.2646866374545627 0.8567396564248168 0.02028979195488824 0.025584468135127315
0 0.3096055057313707 0.7091391999044536 0.013303094440036349 0.021439964388623653
0 0.5811640951368544 0.6870783817620925 0.02079486846923828 0.030692441963855132
0 0.49949277771843803 0.7580430772569444 0.013877921634250216 0.016617386429398147
0 0.4994368288252089 0.7584314935001326 0.014150354597303603 0.017290138903959296
0 0.5149738788604736 0.7227056055893132 0.01007986068725586 0.015284973898051698
0 0.45002199543846977 0.8374042275511188 0.012846231460571289 0.020138399100597993
0 0.4901690748002794 0.8644095526801214 0.012659655676947702 0.015453950858410493
0 0.2032262020640903 0.8655024869942372 0.011612163649664987 0.02326390772690008
0 0.41944313049316406 0.7617483492250795 0.010328716701931424 0.014911463231216242
0 0.45205165280236137 0.7836288405053409 0.015421628952026367 0.019577450222439237
0 0.5270267592536079 0.7537692505636332 0.010582711961534288 0.01530870979214892
0 0.46351281801859534 0.9131652455271027 0.013052039676242404 0.023070347161940584
0 0.580820984310574 0.6869433132218725 0.021138403150770403 0.03056820528006848
0 0.39325849215189623 0.713539335462782 0.016343328687879775 0.02456255312319155
0 0.4499790800942315 0.8380792405870225 0.011621077855428062 0.01914215087890625
0 0.5796911981370714 0.843274669882692 0.012464841206868492 0.015215932587046682
0 0.43690870387890257 0.12204351939451275 0.025543992431409635 0.035950804162724684
0 0.3075922421948912 0.17123935666982024 0.024479659413434263 0.03405865657521288
0 0.32150945553690313 0.6355652465557097 0.010440749153256662 0.018561331828011802
0 0.3466328718881192 0.7837604842036632 0.01200686152624506 0.022273598193614248
0 0.33227684180239137 0.7445496707169884 0.01409501135689645 0.021809564897913844
0 0.2902528264605335 0.9104333261639758 0.017749273560536096 0.032482330699020706
0 0.2513610358646527 0.3473289218316697 0.020359460848850333 0.02830603103771786
0 0.34454472205746783 0.525053674084882 0.01252889898390798 0.03387443058612128
0 0.589108325449385 0.41911069063386946 0.019157994323557262 0.028382213812677363
0 0.6761175496688742 0.8396404919583728 0.023947492904446505 0.05392620624408707
0 0.7123048722800378 0.5950804162724692 0.02501182592242202 0.03405865657521289
