0 0.6107928355320653 0.11682770547833254 0.02349644352280734 0.03029227663669822
0 0.6177232938362486 0.47160291732291215 0.014348973143699198 0.0197696963313188
0 0.6108178505108434 0.5694948007699263 0.017756854265327603 0.026784749868238294
0 0.5113615304085785 0.5522760329974874 0.01183790284355169 0.02295835702991866
0 0.46643130825237056 0.5795390819705157 0.018115578593920104 0.029016812357258247
0 0.4979093680863606 0.6189190415982234 0.013272800157921765 0.02614701772851845
0 0.4623956595557051 0.6127011532359538 0.010761729857774398 0.021364026680618764
0 0.3914579235765426 0.5790607828657258 0.01847430292251268 0.02742248200795835
0 0.3711899990110675 0.6103096577120039 0.00843002172192314 0.0210451606107587
0 0.4171067130709048 0.6323114165323426 0.02026792456547504 0.0312488748462782
0 0.4428451836474151 0.6563858048067712 0.01578387045806906 0.016899901702579143
0 0.5730621149264848 0.6495301843047817 0.01865366508680886 0.021682892750478758
0 0.5565607958112309 0.6895478760722092 0.021882184044141228 0.02391495523949857
0 0.5141416439551703 0.6710536440203303 0.017756854265327745 0.027741348077818487
0 0.47387483807066444 0.7053317465302783 0.01650131911525399 0.021682892750478827
0 0.38921589652283956 0.6535160101780312 0.012555351500736762 0.019450830261458947
0 0.37603277744706587 0.6653140547628508 0.013093437993625444 0.014986705283419041
0 0.4035648696665386 0.6630819922738307 0.008968108214812033 0.011798044584819251
0 0.49333563289680654 0.7220722151979274 0.01847430292251268 0.014986705283419183
0 0.43271122136467755 0.7332325276430267 0.01129981635066308 0.02646588379837823
0 0.41620990224942356 0.7176080902198876 0.01596323262236524 0.022639490960058736
