0 0.2277160249185531 0.6910045636720247 0.0156387814148302 0.027107221119039054
0 0.025413019799099115 0.6856736829213341 0.017202659556313254 0.024326993311958204
0 0.23301784308097034 0.778116257506775 0.015638781414830268 0.039618246250903294
0 0.40583609432992845 0.5967263194519841 0.01769873433690364 0.024147110413139713
0 0.35212249360979087 0.5868479561011541 0.011524757242634891 0.01902499608307984
0 0.30108428296383644 0.6466669341700687 0.015229143499196063 0.028903359433909728
0 0.3710560233655482 0.6519719811547735 0.017698734336903568 0.027805763506039794
0 0.4398958679666441 0.6296541972880837 0.02119732135698918 0.029269224743199727
0 0.5401200961302725 0.6558135669023186 0.02942929081601406 0.03329374314538974
0 0.5406345942214615 0.6869121181919681 0.019756726701659844 0.020854322629529777
0 0.43608858209184503 0.6763020242225583 0.024695908377074857 0.027439898196749794
0 0.38998955312130545 0.7542313351013274 0.016875537391001033 0.023049514485269925
0 0.44864233551685806 0.7192911980641327 0.023049514485269783 0.028537494124619655
0 0.4368088794195097 0.7147178816980079 0.015023344262720499 0.018659130773789768
0 0.42003624164674647 0.7149008143526528 0.011524757242634891 0.018293265464499768
0 0.49505006334211105 0.7267914369045778 0.01173055647911049 0.015732208299469905
0 0.5197459717191858 0.7514873452816525 0.011318958006159363 0.015366342990180044
0 0.45728590344883413 0.7948423844325171 0.01193635571558609 0.021586053248109777
0 0.4911398778490742 0.8303313194336468 0.010907359533207952 0.017195669536629907
0 0.4618134866512979 0.8663690523987114 0.016875537391001033 0.024878841031719647
0 0.4701483557285606 0.8341729051811917 0.012965351897964154 0.02195191855739978
0 0.39729542601619017 0.8594176115222015 0.008437768695500551 0.0146346123715999
0 0.4065563916575931 0.8350875684544167 0.008437768695500622 0.017195669536629765
0 0.42003624164674647 0.8356363664183516 0.00905516640492742 0.019024996083079913
0 0.43567698361889384 0.7620974392510624 0.010289961823781155 0.019756726701659913
0 0.41561155806252054 0.7560606616477774 0.012553753425012956 0.01865913077378991
0 0.4029549050192698 0.7800248394062721 0.012759552661488626 0.017561534845919765
0 0.35562108062987646 0.7331940798171527 0.01522914349919617 0.022683649175979922
0 0.3439704824402302 0.6577887427858723 0.011899618716764024 0.02115487771869141
