0 0.5005046332705373 0.6121884680553484 0.012765715449011096 0.019256028690764353
0 0.43522540654263914 0.6427917993674561 0.0094775766212355 0.017880598069995486
0 0.443445753612078 0.6493250948161082 0.005802597931368681 0.022694605242686735
0 0.40988739557566234 0.6562022479199527 0.017214373863060642 0.017880598069995556
0 0.3984756196439705 0.5824447808812212 0.01876173331142553 0.025789324139416578
0 0.3723639289528113 0.5671431152251674 0.0187617333114256 0.020631459311533148
0 0.368271548710869 0.7035327625232847 0.008897316828098667 0.02407003586345553
0 0.45124869912944193 0.6988906841781898 0.015860434345741296 0.027164754760185445
0 0.4282317273350126 0.6841048050049241 0.013152555311102532 0.01891217103557224
0 0.5357732089963798 0.6957959652814597 0.009284156690190101 0.018224455725187595
0 0.4282317273350125 0.8142549274951798 0.017020953932015033 0.01925602869076428
0 0.41188774316165727 0.8164900022539294 0.009864416483326864 0.012722733242112127
0 0.3903641792758077 0.7930299557132539 0.011022822116026064 0.020995851649573467
0 0.388553287071032 0.7231837558923394 0.010865353228654371 0.014557123810370881
0 0.4261108092280936 0.7370943652443593 0.008818257692820878 0.011757676923761267
0 0.41138746825883016 0.7328951949144445 0.009605602129679838 0.011197787546439172
0 0.39611298618376545 0.7342949183577494 0.011810166552885021 0.009518119414473319
0 0.387845869596746 0.7387740333763253 0.011967635440256785 0.010078008791795412
0 0.548724957935967 0.7208522874986042 0.013324204759544003 0.011076876858453915
0 0.5284990068261554 0.7587692890525424 0.0056555977036914125 0.013292252230144613
0 0.4349899295388522 0.7619219386199484 0.010160904349004766 0.01550762760183531
0 0.5088482012455331 0.7398533916481058 0.007572749467654489 0.012269771289364257
0 0.4983038665437357 0.7434320749408372 0.009873331584410252 0.012610598269624518
0 0.496722216338466 0.749055720115129 0.010160904349004695 0.012951425249884494
0 0.033356871693097985 0.09632461180146752 0.016480751521047297 0.03662389226899397
