0 0.4793644746144613 0.7165455288357205 0.016776985592312284 0.024340217496141972
0 0.34861650731828475 0.5537137867491922 0.0240130689409044 0.040577688334900656
0 0.16994025972154403 0.6911642521987728 0.019734409120347764 0.02639181819962867
0 0.5094412167867025 0.682056638929579 0.01163429684109158 0.021850821412639852
0 0.5103479756249322 0.5496334970733266 0.02431344985961914 0.031429432056568285
0 0.11330213480525546 0.1614386181772491 0.016795880264706083 0.02732518278522256
0 0.4185708628760444 0.6412974699043933 0.027840084499782987 0.03445538179374036
0 0.44261531035105384 0.7472018724606362 0.02138664987352159 0.029038747151692704
0 0.4594644705454509 0.6545433468288846 0.024783823225233294 0.029824668978467403
0 0.12022773424784344 0.5983309569182219 0.023113250732421875 0.03191116709768036
0 0.36965964900122744 0.6111038349292897 0.019466956456502277 0.026092953152126737
0 0.496028741200765 0.7092909400845752 0.014913029140896268 0.01989242176950714
0 0.6265942255655925 0.9126435268072435 0.017078293694390193 0.026891826111593364
0 0.43863144185807973 0.5943343551070602 0.01593205663892958 0.02382292570891204
0 0.29417187637752956 0.7028866049684125 0.016278187433878582 0.027373419867621526
0 0.5263993740081787 0.6932460172676745 0.016017436981201172 0.025716616783613044
0 0.48920554584927034 0.9412434895833333 0.015055921342637803 0.02167162483121142
0 0.3632143338521321 0.7870668717372564 0.012793805864122178 0.02032644954728492
0 0.5376139216952853 0.6027742315221716 0.014165878295898438 0.024023409242983216
0 0.6273188591003418 0.7508126953501759 0.019340409172905818 0.026648015151789158
0 0.5390874014960395 0.5424139705705054 0.021132469177246094 0.024806175702883872
0 0.447573290930854 0.9438922552414882 0.016808403862847224 0.02271666350188079
0 0.3793863587909275 0.43660465287573547 0.014728943506876625 0.021637198365764852
0 0.48984498447842073 0.7975005161615065 0.013907379574245878 0.024320060824170528
0 0.4076305362913344 0.807229972180025 0.018678744633992512 0.03106463396990741
0 0.46054416232638895 0.7125843189380787 0.011287477281358507 0.019804212782118056
0 0.41275134351518417 0.6802241713912399 0.013026105033026803 0.02074173350393036
0 0.4542686409420438 0.5630416634642048 0.01673428217569987 0.022907822220413775
0 0.4462604257795546 0.6154579586452907 0.010440455542670358 0.016757305757499036
0 0.5011024740007188 0.746954647111304 0.01494508319430881 0.020327626922984187
0 0.4871511194441054 0.469018229731807 0.014559692806667753 0.025231867660710842
0 0.5579449070824517 0.4279577938126929 0.01724206076727973 0.02383592393663194
0 0.5285566912757025 0.7943008564136647 0.014254199133978952 0.024011352915822723
0 0.5240165657467313 0.6028180063506704 0.011032793256971572 0.020673681188512733
0 0.2774989737404717 0.6041093049225984 0.016591946283976238 0.024932861328125
0 0.3750901222229004 0.6989577493549866 0.020174503326416016 0.024105024926456404
0 0.4607510831620958 0.7377078209394291 0.00889889399210612 0.014256606867283951
0 0.2860240274005466 0.6741567305576655 0.015448490778605141 0.019529319103853204
0 0.4002368185255263 0.6971856105474779 0.013381375206841361 0.02552107822747878
0 0.4156776269276937 0.7550319624535833 0.021417034996880427 0.03172707263334298
0 0.48912292056613493 0.8602634477026669 0.013175222608778212 0.02182694423345872
0 0.3543931643168132 0.8019462397069107 0.011329385969373915 0.020102324309172453
0 0.6030381785498725 0.8181212154435523 0.014433066050211586 0.029053016945167823
0 0.40039021439022493 0.6974753627070673 0.014857106738620333 0.026857870596426504
0 0.3750682671864828 0.6989947660469715 0.020973417494032122 0.024926738974488813
0 0.4146281878153484 0.8690822742603443 0.01416921615600586 0.02148974383318866
0 0.4873918427361382 0.4692343723626784 0.013441297743055556 0.023910993411217208
0 0.3116106854544745 0.6027122544653623 0.014439874225192599 0.01536847338264371
0 0.2896792623731825 0.8304062831548997 0.0128734376695421 0.020700713734567902
0 0.5066967540317112 0.8372665687843605 0.014401223924424913 0.01760176670404128
0 0.44891133573320174 0.8359910470468026 0.012919452455308702 0.0187252656913098
0 0.3593473404688392 0.48323523682554026 0.012742152982969159 0.023433844566380202
0 0.3329842653316614 0.48069657033084906 0.013181537568588909 0.02148102418584841
0 0.14895137452505386 0.40052346004704753 0.014499691325447692 0.024605536794699106
0 0.19849198655366693 0.43508838078245904 0.020431383231312755 0.021871588261954785
0 0.31899320915984997 0.4108734080638654 0.012302768397349588 0.02109046010974211
0 0.2815356732357766 0.11013906946198673 0.017355691131975312 0.02812061347965619
0 0.2969141337324636 0.0646383545955986 0.010325537762061288 0.02226215233806114
0 0.26780490493516323 0.7881189887123128 0.012742152982969159 0.022262152338061298
0 0.2839522884566846 0.7873378605601001 0.009007384005202432 0.022262152338061156
0 0.2693427509848319 0.8185829866486068 0.01186338381172991 0.024605536794699248
0 0.6879664149339325 0.7694112299294819 0.01823446030321449 0.02812061347965624
0 0.21518860080721275 0.40696776730280204 0.01340122986139864 0.021090460109742182
0 0.29471721080436547 0.5463991424727641 0.014719383618257531 0.023433844566380133
