0 0.4120792035137741 0.6016404812044197 0.015313652098157889 0.025388926325035897
0 0.38231221685106276 0.6141819990276303 0.026669843541735717 0.029059614468414666
0 0.4821090507491704 0.6516536071579543 0.01462539807127449 0.01712987800243383
0 0.46756968443125635 0.6715365012679219 0.021680001846830235 0.0256948170036506
0 0.4264465063249672 0.6591479287840191 0.018238731712412814 0.01743576868104867
0 0.4176712674822025 0.6443122308711969 0.012388572483903033 0.020188784788582836
0 0.39470078933496566 0.6348296198341353 0.012560635990623936 0.014070971216284889
0 0.39495888459504697 0.6609832728557085 0.012732699497344768 0.014376861894899945
0 0.37061189839404307 0.6651127970170094 0.012560635990623936 0.018965222074123177
0 0.35075145845050487 0.5512150028640315 0.01152825495029866 0.025083035646420983
0 0.3657209835352208 0.7029367794570167 0.016346033138483235 0.026306598360880572
0 0.4141531984725123 0.7026456807073415 0.013689200346655639 0.022163467227918544
0 0.42937021135785725 0.7018851695769718 0.010144675256896605 0.01716582265691727
0 0.43768151156832674 0.6996036361858625 0.009411325238325717 0.01868684491765677
0 0.4210589111473878 0.6714647243621815 0.01136692528784799 0.02411906727744082
0 0.41293094844156103 0.6722252354925513 0.011978050303323684 0.028247556270876686
0 0.4053529982496623 0.6791784801130747 0.009778000247611232 0.019121422706439545
0 0.582463252249887 0.7218337071680945 0.0077001751949936905 0.012602755874698914
0 0.5476291263677722 0.7217250627208988 0.011122475281657671 0.014123778135438272
0 0.4305375734026286 0.7459527744455352 0.009166875232135467 0.01129902250835059
0 0.42192071068442133 0.719986751565768 0.008800200222849951 0.010647155825176639
0 0.15224187171198295 0.6596454709189336 0.018829342344265143 0.031192041863227188
