0 0.5268321304832786 0.4175888018723408 0.021712800619846463 0.04486008055992294
0 0.5689373587123052 0.5912912068311126 0.01672472480177369 0.02921121524832188
0 0.537248406456313 0.6431932767812557 0.020832551946068846 0.02347329796740155
0 0.3559171796581361 0.5555596310362899 0.011443232759108213 0.021386782592521313
0 0.3930343320690898 0.5944209798934323 0.01056298408533074 0.016692122999041104
0 0.419624783904834 0.6228779496093289 0.015492019142308848 0.020197002733676896
0 0.4323282396015273 0.6394027700277917 0.013632976845231895 0.023869185048890813
0 0.39204898983152403 0.6080056112327122 0.01817730246030912 0.019829784502155334
0 0.4001048397855247 0.6228779496093289 0.014872338376616483 0.015055947492377299
0 0.44369142823572744 0.6613600349700355 0.0132198563347702 0.019095348039112708
0 0.4272698879448801 0.6773340280412161 0.012600175569077905 0.019462566270634057
0 0.41260410982349427 0.6626452987803603 0.010121452506308515 0.01799369334454852
0 0.4204533995222641 0.6615436440857959 0.006816488422615805 0.014321511029334459
0 0.4297486110076494 0.7008359948585854 0.01425265761092426 0.020197002733676896
0 0.37036253762879867 0.6503434880243936 0.009088651230154525 0.015423165723898648
0 0.36757397418318305 0.6989999037009785 0.006816488422615876 0.012118201640205939
0 0.3654050915032597 0.7076295321417314 0.010328012761539327 0.01689203864998433
0 0.4603347929571936 0.6634381857181353 0.00857347924824964 0.02159246625485096
0 0.40719708303314606 0.6815377530199958 0.011967148117348572 0.018417103570314168
0 0.547503035217656 0.7187390832838654 0.008689822352470528 0.01631891521590731
0 0.5311637213577289 0.7537703546140128 0.009791349129544286 0.01457823092621041
0 0.5322040522027429 0.742673492267196 0.006241985070084439 0.01109686234681675
0 0.5500120684321016 0.7492010583535589 0.010280916586021505 0.013707888781362101
0 0.5245545606952865 0.7373426466299996 0.008322646760112774 0.01305513217272562
0 0.536426571514859 0.7212413169503046 0.010525700314260079 0.013925474317574356
0 0.4358816551408509 0.7208061458778804 0.005997201341845866 0.011314447883028862
0 0.4418788564826967 0.7193918398925018 0.00501806642889143 0.011967204491665343
0 0.4237648605930398 0.7206973531097742 0.01064809217837947 0.0119672044916652
0 0.39769539353562805 0.7129730665742449 0.010892875906617973 0.010879276810604637
0 0.36624068445696695 0.7342964491230302 0.012361578276049699 0.02480475112817885
