0 0.42527503437466097 0.7084600660536025 0.01167350345187717 0.014133312084056713
0 0.4915167755550808 0.9152903615692516 0.013687610626220703 0.023109906985435958
0 0.47444046868218315 0.7422163221571181 0.009437137179904513 0.018579553674768517
0 0.5265498161315918 0.7414943318308136 0.01058250003390842 0.01427878862545814
0 0.4697813193003336 0.7097562154134114 0.008614381154378256 0.013872876579378858
0 0.566607846154107 0.8413073221842449 0.013069470723470054 0.016263891149450233
0 0.49417426851060653 0.8625211362485533 0.011937883165147569 0.017040299780574846
0 0.5468753708733453 0.7586102426787953 0.010368029276529946 0.0140838623046875
0 0.5456601778666179 0.7306757091004171 0.01151222652859158 0.015573807704595872
0 0.5034294923146565 0.7519204175030744 0.011292722490098741 0.013326621349946952
0 0.5178801748487684 0.764410748893832 0.012240515814887155 0.016086060323832946
0 0.41405133406321215 0.6932811266110268 0.015935659408569336 0.02084053887261285
0 0.4211628039677937 0.680940298386562 0.01414095030890571 0.01614120860158661
0 0.5159454345703125 0.7243118286132812 0.009428024291992188 0.013870333447868442
0 0.38080100218455004 0.7071318214322314 0.008320093154907227 0.02113394089687018
0 0.4113395876354642 0.6963344385594498 0.013983435100979276 0.020838278311270254
0 0.5383138126797147 0.7396868482048129 0.012372440761990018 0.01693443015769676
0 0.4393803411059909 0.8703586437084057 0.011009295781453453 0.02117985854914159
0 0.4864198557449177 0.7394771253702603 0.00465724021177273 0.008933185903283203
0 0.4946925850684615 0.7400218318277777 0.008946803564721223 0.010894129150345577
