0 0.3132470581266615 0.6493237342363523 0.0185647275712755 0.02363303855613426
0 0.4363929298188951 0.6954495465313947 0.017629014121161565 0.02537903962311921
0 0.39598471588558626 0.7391944461398654 0.015601449542575412 0.01770900208273052
0 0.35910215642717147 0.762703153822157 0.011677821477254234 0.01713152284975405
0 0.47342896461486816 0.7409059265513478 0.013755321502685547 0.018241458468967013
0 0.45864558219909674 0.7961149804386092 0.024279753367106124 0.0328314510392554
0 0.42384386062622065 0.737254978697977 0.013923962910970054 0.019597041754075038
0 0.4242304828431871 0.7369991114110124 0.01377823617723253 0.01965883043077257
0 0.43903822771366025 0.8628395683306479 0.013023374400535416 0.02315266560095196
0 0.34453076753680134 0.8453186322001978 0.014079323676254632 0.016895188411505443
0 0.27325419142576257 0.6973292966697886 0.010207509665284569 0.023778413319896573
0 0.2613474457404755 0.9511365327958643 0.04118202175304465 0.05005981751557186
