0 0.40825352403852677 0.6701429861563224 0.026880608664618597 0.02933690577377508
0 0.38067682584126783 0.6313706150761358 0.021297242906358503 0.034291067241150656
0 0.5284266206953261 0.6264398833851755 0.019613636864556208 0.032462226019965276
0 0.4229524665408664 0.6124797161714529 0.016625245412190754 0.02539349779670621
0 0.4167334768507216 0.7242129055070288 0.021517647637261286 0.024571972128785688
0 0.5394951502482096 0.6840103761649426 0.014917479621039498 0.021836975474416473
0 0.46078411738077796 0.7794203346158252 0.014837053087022569 0.026435993335865163
0 0.27773308753967285 0.7043828140070408 0.01701672871907552 0.025811560360001932
0 0.4385185771518284 0.740205505747854 0.02181307474772136 0.02832097183039159
0 0.39579101403554273 0.8065222751947096 0.012303219901190866 0.017264943063994984
0 0.5234273539649116 0.7509281723587601 0.009710364871554904 0.013110926121841242
0 0.46603425343831384 0.5546803180082345 0.018555535210503474 0.02678421397268036
0 0.5301644537183974 0.7615465941252532 0.009664959377712674 0.01525243123372396
0 0.49327113893296987 0.7202684614393446 0.010626051161024306 0.018840695604865933
0 0.42082622316148544 0.8179821909209828 0.012663735283745658 0.01718714207778742
0 0.21262550354003903 0.6443990778040003 0.019050041834513348 0.02635395379714024
0 0.44902845223744714 0.691785317880136 0.014548381169637047 0.022593839668933257
0 0.5164007345835369 0.6877734808274257 0.02143473095364041 0.027414204161844136
0 0.5418276256985135 0.7308531160707826 0.009343041314019097 0.015311582588855132
0 0.4364366398917304 0.7641645596351152 0.013165659374660917 0.022530873616536454
0 0.3836972581015693 0.7528296105655623 0.01027719179789225 0.018429037965374227
0 0.5200335184733073 0.7306217852933908 0.01063304477267795 0.01501592000325521
0 0.46362747086419 0.5026777291003569 0.02270672056410048 0.03048084400318287
0 0.5162260002560085 0.6846935130931713 0.021467791663275823 0.031043723777488427
0 0.37017594443427193 0.77749134581766 0.011911975012885202 0.015549836335358795
0 0.2127608193291558 0.6441001656614703 0.0186767578125 0.02544049863462095
0 0.5008197625478109 0.7228390258035542 0.009181817372639975 0.017222651728877315
0 0.5992227395375569 0.8363580585997781 0.009054766760932075 0.012103422188464507
0 0.5490153100755479 0.7290191650390625 0.012580447726779513 0.019012733742042823
0 0.325997511545817 0.8376721511652441 0.013921419779459633 0.019016689724392362
0 0.5489365259806316 0.7279286796664014 0.010773128933376737 0.01950299298321759
0 0.41079466872745085 0.797210693359375 0.009125524097018771 0.015938087745949073
0 0.5006049209170871 0.8579807046019002 0.010121186574300133 0.016295821578414353
0 0.46816605991787374 0.7236493899498457 0.011535273657904733 0.014452616373697914
0 0.4858068360222711 0.8284185904043693 0.009173817104763456 0.01440636905623071
0 0.5993982950846355 0.836318169111087 0.01011244455973307 0.012942561396846065
0 0.5109998385111492 0.7288405100504556 0.011323822869194877 0.01827593202944155
0 0.5307891103956435 0.7250949482858917 0.008751551310221354 0.014284157458646798
0 0.3565379248725043 0.5685017432695554 0.010690265231662326 0.020512427812741128
0 0.4035057226816813 0.8532508567527488 0.01234849294026693 0.015793788580246913
0 0.50173110432095 0.7229013796205875 0.008847183651394315 0.01612156997492284
