0 0.4390090174145168 0.6854243808322482 0.01812397109137641 0.0228647302698206
0 0.4429802497227986 0.7176519794228636 0.012990713119506836 0.020800178433641972
0 0.4262336757447984 0.7116541214931159 0.013844357596503366 0.019823003698278358
0 0.43330368730756974 0.6641002937599464 0.015287266837226022 0.019756505518783756
0 0.5722534126705593 0.6794018922028718 0.024134476979573563 0.03211047325605228
0 0.5267163117726644 0.9254828088077498 0.01994148890177409 0.03266407530984761
0 0.44538470109303785 0.7936028139090833 0.014436960220336914 0.030102435453438464
0 0.29312777519226074 0.6809254163577232 0.019821219974093966 0.04276167316201293
0 0.48359931839836967 0.739182272075135 0.011109617021348741 0.02096209113980517
0 0.5499580171373156 0.6347581368905527 0.023070971171061203 0.036822472089602626
0 0.3652729060914781 0.7897815704345704 0.015611092249552407 0.02628274611484857
0 0.4639160633087158 0.6853362660349153 0.009699768490261503 0.015282148196373458
0 0.4576306078169081 0.7339395358238692 0.01487059063381619 0.01959525214301215
0 0.3480203681521946 0.610404473763925 0.01665353775024414 0.022431314727406438
0 0.4915600617726644 0.7136868841854143 0.010433355967203774 0.012269714732228973
0 0.42515522903866243 0.7593341874487605 0.010560803943210177 0.015603618857301311
0 0.4425870577494304 0.5519669615192178 0.01235283745659722 0.024933238088348766
0 0.4074878427717421 0.7630973392062718 0.01109849082099067 0.01750592832212095
0 0.42243457237566884 0.6546617648153518 0.025002510098571237 0.027137227335057475
0 0.5030980019843463 0.7387062555664449 0.0065700300410582455 0.012177076955530879
0 0.46179068544960844 0.7066482366427002 0.008107696646412279 0.011680053406325613
0 0.4446652246937436 0.7461566032445225 0.007268969407128196 0.011680053406325613
0 0.4418694672294635 0.7369616675842238 0.006989393660700216 0.010686006307914796
0 0.5021180405846988 0.6655145323859556 0.006150666421416134 0.018389871320597707
0 0.49722546502220877 0.6932235952541536 0.006430242167844185 0.012674100504736288
0 0.4998814346132747 0.7281394995858289 0.012301332842832267 0.012425588730133654
0 0.4782842082017113 0.7500085357508641 0.006290454294630123 0.014413682926954862
0 0.4613698755428169 0.8291595359618151 0.013000272208902217 0.017147312447584398
0 0.39329318128759744 0.8312718860459378 0.014118575194614352 0.01739582422218703
0 0.38483601495815023 0.8188462973158042 0.008387272392840189 0.024851177460267167
0 0.35205575868946654 0.8347510508903753 0.011322817730334193 0.016401777123776357
0 0.3101193967252657 0.8774950761220347 0.007408757280342115 0.020874989066624466
0 0.3284316081163001 0.8451885454236874 0.007129181533914206 0.01093451808251757
0 0.14600047536498148 0.6716689956891208 0.008660548179360817 0.025404274659458537
0 0.17458028435687217 0.6262492319040284 0.015588986722849505 0.017706009611137715
0 0.18783415116202817 0.7487032190580526 0.008447594205752758 0.019398179287284024
0 0.47869700499265533 0.4624275643000944 0.010559492757190867 0.02502990875778579
0 0.37327806896669924 0.93173835350858 0.010207509665284603 0.02252691788200707
0 0.600131171700351 0.8381890695263553 0.011967425124816345 0.016895188411505585
