0 0.16508271959092885 0.22925575868583017 0.028045495351155594 0.042591118518217105
0 0.5652236143747965 0.723772472805447 0.02658923467000325 0.03562536357361593
0 0.3452198240492079 0.7014011571436752 0.018954859839545354 0.033181225811993634
0 0.42148420545789933 0.7492080735571591 0.021343708038330078 0.02537880414797936
0 0.48931752310858834 0.6716058283676337 0.013622072007921007 0.022515803207585842
0 0.5291202863057455 0.7852121517982011 0.012324545118543837 0.02398540355541088
0 0.4256043434143067 0.3470213501541703 0.01296583811442057 0.028427948186426986
0 0.5288063155280219 0.17554411476041065 0.017955462137858074 0.03149180942111545
0 0.4677802986568875 0.6393029248272931 0.013891273074679904 0.019489853470413772
0 0.4942774242824979 0.6459237793345511 0.012429661220974393 0.022327517285759067
0 0.3639052444034152 0.4762187533908421 0.01687643263075087 0.030897540810667437
0 0.49758807818094886 0.6990182193709009 0.01697916454739041 0.024662253297405477
0 0.4742006460825602 0.7461411275981384 0.010548538631863065 0.021230815369405864
0 0.486101335949368 0.7032652489932967 0.010553624894883897 0.019794228636188273
0 0.48302769660949707 0.7622080437931014 0.00842375225490994 0.014067991280261382
0 0.40041702323489714 0.7800939348008897 0.011952850553724501 0.01704967169114101
0 0.33695859379238546 0.7653081211042994 0.01200781928168403 0.021241694320867092
0 0.523963451385498 0.751651222323194 0.01127391391330295 0.01742435973367573
0 0.48180535104539657 0.7276624514732832 0.011480384402804904 0.013514671796633874
0 0.4462440146340264 0.7235667852707851 0.008688211441040039 0.015376526632426698
0 0.36343113581339515 0.78353069446705 0.011417018042670358 0.014654512758608218
0 0.36644242869483096 0.7974767802674093 0.01692350705464681 0.023751529646508486
0 0.10867350300153095 0.6401179749288677 0.01286205318239 0.02624342176649306
0 0.5982155534956191 0.8369917692961516 0.009477986229790581 0.012713962131076388
0 0.3616154061423408 0.6568991343180339 0.008620182673136393 0.019463668634862076
0 0.47115095456441247 0.35475607271547666 0.018627537621392146 0.028454133021978686
0 0.49712883101569283 0.7665576228389033 0.01377460691663954 0.018759833441840276
0 0.3140436013539632 0.6750354060420284 0.012564288245307077 0.022343576690297063
0 0.4555022716522216 0.8248260403856819 0.01112137900458442 0.01900274959611304
0 0.5287929111056858 0.8384022653838734 0.009241739908854166 0.01921006190923997
0 0.3678548203574286 0.7996128694510755 0.017206271489461262 0.021998558515383872
0 0.38912252585093177 0.7968877156575522 0.010070509380764432 0.021449336299189815
0 0.5818954838646784 0.8248153027193047 0.008273495568169488 0.014014632613570601
0 0.6070216496785482 0.8530623824508102 0.009489059448242188 0.017057630750868056
0 0.3295192355155537 0.4886759353955374 0.015993302949705353 0.024296896602380828
0 0.6584879005383244 0.6118165346578206 0.035185266489351934 0.048076837957902255
0 0.846045726039415 0.8917478008320577 0.02064590017143786 0.03308513579898644
