0 0.48475715849134654 0.8003832734661337 0.011904292636447482 0.026249685405213156
0 0.4408855305777656 0.9239159101321373 0.016453451580471463 0.024741090374228395
0 0.4966071446736654 0.717850649798358 0.012952698601616752 0.017211490207248263
0 0.40996856159634065 0.6808403156421804 0.015535407596164279 0.026226514651451583
0 0.39788267347547746 0.6721325156129437 0.01347764333089193 0.021741137092496143
0 0.5260226991441515 0.7291597672450689 0.00725057390001085 0.012593069194275656
0 0.5396894348992242 0.735255323810342 0.011255052354600694 0.013953644552348573
0 0.3677593204710219 0.6812518555441021 0.018586821026272245 0.021975764521846065
0 0.4301323575525127 0.5661928999458529 0.03500351413799976 0.03368759255386429
0 0.45495899658028804 0.7110381196879052 0.007436322687259888 0.0140823115623472
0 0.4263453201532228 0.7077330873824562 0.010992824842036342 0.017818435038071952
0 0.4105027196455822 0.6969558081255579 0.006789685931845995 0.011783158654209131
0 0.4847042873293276 0.7255515224205282 0.012609416730571112 0.01609407035696819
0 0.5115397126790046 0.7242582489097004 0.012932735108277953 0.01695625269752
0 0.547943820618856 0.8197917088080702 0.016004259696494074 0.02097977028676212
0 0.48004696130039626 0.859595793530215 0.015680941318787233 0.015519282129933459
0 0.40527958645566364 0.8282698351568303 0.011962779975157219 0.014944493902899012
0 0.4099677029324145 0.783867444618409 0.013579371863691918 0.022129346740831154
0 0.3979240933628306 0.8345925056542106 0.010184528897769028 0.01666885858400278
0 0.38838620122047546 0.8403403879245565 0.009537892142355063 0.01954279971917572
0 0.3810307081276423 0.8384723261866941 0.010346188086622448 0.015806676243450824
0 0.30984085470778067 0.6344263735339406 0.016435565966817407 0.024348986617507364
