0 0.5967088805304633 0.5712542121793017 0.0179443359375 0.02604731807002315
0 0.4272104501724243 0.7057536560812114 0.01686459117465549 0.021208774896315584
0 0.35878107282850474 0.6598725260039906 0.016857677035861544 0.02508964067623939
0 0.5035448869069418 0.7412137396541643 0.017290274302164715 0.02107657915280189
0 0.43890885512034095 0.9265461674442997 0.017194191614786785 0.03186487268518518
0 0.3915421697828505 0.20906494281910082 0.02123117446899414 0.03107826798050492
0 0.5094255076514349 0.6038736178551192 0.020085175832112626 0.03234161565333237
0 0.46411519580417204 0.727784686618381 0.011480437384711373 0.020004413746021413
0 0.4324939913219876 0.6737651824951172 0.016807370715671115 0.026788358335141784
0 0.45223854647742384 0.5623920346483772 0.020284785164727107 0.02761355741524402
0 0.3532749811808269 0.7047529573793766 0.023688316345214844 0.03139283921983507
0 0.5979252126481798 0.6435125139024522 0.01687214109632704 0.027823130289713546
0 0.3756002055274116 0.6517526367564259 0.018308851453993056 0.02839778382101177
0 0.5397124820285374 0.7589415326530551 0.017403072781032987 0.023187284116391784
0 0.3946293062633939 0.7940622494544511 0.01401437653435601 0.01886749267578125
0 0.37661283546023905 0.6205395357108411 0.013282431496514212 0.02258894178602431
0 0.4786381721496582 0.7090559358950014 0.022373199462890625 0.0228377448187934
0 0.458740684721205 0.6704370239634574 0.014289273156060111 0.021845640959563078
0 0.6205157703823513 0.3924895157048732 0.018955972459581163 0.032852502516758295
0 0.1658306121826172 0.06499236159854466 0.01957053608364529 0.03280688215185095
0 0.45672127935621476 0.689427458209756 0.014648808373345267 0.021992907112027393
0 0.522954781850179 0.7403249387387877 0.01019414265950521 0.017541673448350694
0 0.4119373162587483 0.6504357184892819 0.018071757422553167 0.034918749773943866
0 0.21029916074540878 0.2662292645301348 0.01840345064798991 0.026352423208731192
0 0.41773504681057405 0.8274877100815007 0.01245170169406467 0.02130541389371142
0 0.4956553222302679 0.8985437283771822 0.015206372194062255 0.03347011022608413
0 0.26938019100055777 0.6578898680206012 0.02364661200354078 0.022475987646929665
0 0.47187867814986545 0.8309872099462112 0.009599119724209616 0.014567769771158225
0 0.45537287472165133 0.6226681022186487 0.01311099279404239 0.02580576359462313
0 0.40082177970358207 0.6401494259440387 0.01638874099255304 0.021643543660006516
0 0.537901891862722 0.6984205050286715 0.009599119724209473 0.028303095555393013
0 0.5265468356035958 0.6969637280515556 0.010301494338176056 0.028719317548854803
0 0.5175330280576916 0.6930096191136699 0.00866262023892098 0.029967983529239888
