0 0.40309368239508736 0.6399518236701871 0.012609428829616971 0.023276340814284334
0 0.4317992660734389 0.681336885617103 0.015448808670043945 0.025607591793860917
0 0.1451801856358846 0.6246495894443842 0.015558004379272461 0.024845782621407214
0 0.39203190803527826 0.7263014993549863 0.012667973836263023 0.023297062626591435
0 0.4044771989186604 0.7389604780409071 0.010878827836778428 0.02292750794210552
0 0.34472760889265275 0.6525806615382065 0.012888987859090172 0.020521422963083527
0 0.4897203180525038 0.725716202347367 0.013214058346218534 0.015918119454089507
0 0.4808661937713623 0.7626958305453077 0.011129432254367404 0.021852563928674767
0 0.4181894328859117 0.6319220272111303 0.013398673799302842 0.022410922580295138
0 0.41500680976443816 0.7753549740638261 0.01400393909878201 0.02018568250868056
0 0.357610477341546 0.7305971781412761 0.020460791058010526 0.026190769525221834
0 0.5029266675313314 0.7247559582745586 0.008662541707356771 0.015299055311414931
0 0.3725942240820991 0.7114237797113112 0.022458818223741316 0.029348444055627892
0 0.41056826379564076 0.9106849858790268 0.017013284895155165 0.02453547348210841
0 0.42939066886901855 0.7984758306432654 0.024116092258029513 0.03287313013900945
0 0.5233993000454373 0.7272600009117598 0.008540789286295572 0.014147205117308064
0 0.38714896308051217 0.6217180887858073 0.012036429511176217 0.02426684344256366
0 0.3488992187711928 0.45365397135416674 0.013825972874959312 0.029146641860773533
0 0.5804129971398247 0.6348822793842833 0.024258560604519315 0.029674106174045138
0 0.4348923232820299 0.6107570506908275 0.012409183714124892 0.023244975525655864
0 0.2943857113520304 0.7254444640359761 0.01498776011996799 0.023389934021749614
0 0.5134771664937336 0.7238616707884235 0.01139958699544271 0.017689504741150656
0 0.28218981954786515 0.7111137295946662 0.014939732021755643 0.023843459141107252
0 0.5815146764119467 0.8245482739107107 0.0076007843017578125 0.015042999644338348
0 0.5775139596727159 0.8631938416280864 0.010883543226453993 0.018591233241705248
0 0.4941521220737034 0.8389520056453751 0.012641588846842446 0.017660541298948687
0 0.4638244046105279 0.7333950937530141 0.01293855243259006 0.019013958212770063
0 0.4483588404125637 0.7272541140332635 0.00923593839009603 0.015292556197554976
0 0.37700229220920145 0.7942456139458551 0.018356800079345703 0.020787886631341627
0 0.5385757287343343 0.7313339327588494 0.010977480146620009 0.01423993522738233
0 0.5691737333933512 0.845696578791112 0.01097249984741211 0.013406164852189428
0 0.4639275603824191 0.694531852816358 0.01769696341620551 0.020126248583381558
0 0.4666567378573947 0.8299417377989969 0.011266072591145836 0.01580622166763117
0 0.3415328264236451 0.7694499168866947 0.012498988045586478 0.026028574248890813
0 0.3456302748786078 0.6966570630485629 0.014093240102132164 0.021584781599633486
0 0.443716393576728 0.8564155955373505 0.01379039552476671 0.01919414378978588
0 0.434693866305881 0.6110790393970631 0.0118965572781033 0.02217450553988233
0 0.41426687770419646 0.7403678423092689 0.009761863284640841 0.019499225380979937
0 0.5809244314829508 0.6350614053231698 0.023458109961615667 0.02962752919138214
0 0.4296177625656128 0.7250794069266614 0.011231713824801974 0.017971792338806906
0 0.3464749786588881 0.6806577282187379 0.015129327774047852 0.01679648882077064
0 0.4554156992170546 0.8227397306465809 0.011074648963080514 0.018329667456356096
