0 0.44415406386057543 0.5946099316632306 0.0231168270111084 0.026963928599416473
0 0.36892660458882653 0.5858783250973549 0.023402161068386503 0.02915657891167535
0 0.4455113675859239 0.4230377762405961 0.01215590371025933 0.022605707615981865
0 0.10384923550817701 0.8599331702715085 0.020070188575320773 0.034237520194347996
0 0.3529863092634413 0.7072734832763672 0.013833416832817923 0.02457357335973669
0 0.45106592443254256 0.7283218525074147 0.01447251107957628 0.019950442843967013
0 0.41627109050750727 0.6773658564061295 0.01764686902364095 0.0218658447265625
0 0.4566272364722358 0.7493077972788871 0.011773374345567491 0.01581761866440008
0 0.3588360415564643 0.7342795148307896 0.010302808549669053 0.020916079297477817
0 0.45539018842909074 0.7067623844853155 0.010600090026855469 0.01353256790726273
0 0.44152563148074675 0.7464634930645978 0.010351472430759005 0.015682455934124227
0 0.5043168862660726 0.7505042229169682 0.012690597110324435 0.014890458848741319
0 0.505522886912028 0.7246780395507812 0.009235699971516928 0.016510292335792823
0 0.49147868156433105 0.9138818434727044 0.013417932722303603 0.019341551227334105
0 0.444063146909078 0.81229113355095 0.014153136147393119 0.023422147020881558
0 0.5333374871148003 0.7497436617627556 0.015364223056369357 0.019385349603346837
0 0.46933256255255806 0.7248848102710866 0.009391731686062284 0.014649520685643326
0 0.4620727433098687 0.8091636940285012 0.014596197340223525 0.019441392686631944
0 0.4159700605604384 0.6974369567117574 0.014850616455078125 0.02281330249927662
0 0.4873321586185032 0.7383239887378835 0.015490055084228516 0.021699269612630204
0 0.09612755311859977 0.8204754958918066 0.0163434280289544 0.024375538767119984
0 0.19933043585883248 0.2974121305677626 0.0162764655219184 0.025359424543969424
0 0.40239644050598145 0.7283721264497732 0.01149696773952908 0.016365993170090663
0 0.4870757526821561 0.7398439336706092 0.014047516716851127 0.01898744371202257
0 0.435640984111362 0.6913381270420405 0.014490895801120333 0.02031232103889371
0 0.6145979563395183 0.8376165319372108 0.0096382564968533 0.017873128255208332
0 0.5708275371127659 0.8422621738763503 0.014559957716200087 0.01664865752797068
0 0.517135116789076 0.7217623863691166 0.011951287587483726 0.0174533231758777
0 0.5148519145117866 0.7230064015329621 0.011090119679768883 0.017014020754967208
0 0.47790047857496476 0.7212496392520857 0.01017851299709744 0.012244565987292632
0 0.4106388754314847 0.7472901285430531 0.010827726787990995 0.013199088014202354
0 0.4641184012095133 0.727815369029104 0.009599526723225912 0.016519334581163194
0 0.4379483858744304 0.7258968824221763 0.009153366088867188 0.014230751696928048
