0 0.5963474644554987 0.6946906807981891 0.018836392296685114 0.03110621887960552
0 0.5768576992882622 0.6601536126784336 0.014869954850938585 0.024836693281008872
0 0.4894782702128093 0.7147702346613377 0.013487074110243056 0.02348158094618056
0 0.44969177246093744 0.6206157825611256 0.01950391133626302 0.022705454885223766
0 0.3909855816099379 0.7267401895405334 0.011319292916191947 0.02017560417269483
0 0.5831139882405598 0.584634827978817 0.018573337131076388 0.02754555219485436
0 0.4698459837171767 0.6400747416931907 0.01451343960232205 0.022156609429253474
0 0.3777757618162367 0.6834510049702207 0.0169423156314426 0.030342007860725308
0 0.3788366980022855 0.747539308336046 0.012025488747490775 0.02248585076979649
0 0.3840026590559218 0.6129780286624108 0.018101109398735896 0.02415951387381848
0 0.3492881721920438 0.6972448325451509 0.016770044962565105 0.026330877233434608
0 0.5368113782670763 0.6589153666555148 0.01615052753024631 0.024529586603612076
0 0.5083372592926025 0.6375199070683233 0.015411959754096139 0.022966691005377123
0 0.4132480621337891 0.6923967761757932 0.011463324228922524 0.02095083542812018
0 0.427088737487793 0.7055457786277488 0.020201841990153 0.02730051676432292
0 0.5642825762430826 0.6190867953830295 0.016636424594455294 0.022127316321855706
0 0.46803273095024955 0.7349001566569011 0.013680669996473525 0.024637952262972607
0 0.417442003885905 0.5910919095263069 0.01903247833251953 0.021884211787471065
0 0.3527179294162326 0.6683962080213759 0.013417349921332467 0.02391414877809124
0 0.5029332372877333 0.7959411526903694 0.01125748952229818 0.020726050859616128
0 0.42039125495486784 0.6783934463689357 0.010907729466756187 0.018037442807798034
0 0.45436835289001465 0.7894551547957056 0.011014885372585721 0.02438754799925251
0 0.4533135361141629 0.7421880180453077 0.01015202204386393 0.015108650113329476
0 0.3924556175867717 0.5529331395655502 0.019500017166137695 0.023488221345124422
0 0.48053272565205896 0.7710815947732809 0.009623368581136068 0.020594797016661844
0 0.4709561400943332 0.8032608032226564 0.01170884238349067 0.019502427842881944
0 0.5633704662322998 0.6034707905333718 0.014887862735324435 0.01809899600935571
0 0.42840356296963167 0.7618631433557581 0.013286060757107206 0.020915561252170138
0 0.45060955153571236 0.6497089480176383 0.011240270402696397 0.015662157977068866
0 0.20341109567218355 0.8165193722571855 0.01693239476945665 0.019519570433063273
0 0.40668888886769616 0.7427828988911194 0.015108717812432181 0.019025308114510996
0 0.38860679997338193 0.5655939549575618 0.021971411175198026 0.023339824911988813
0 0.48405909538269043 0.7393294911325714 0.010236263275146484 0.01199133602189429
0 0.5059908760918512 0.7401049814106506 0.01151360405815972 0.015266936502338927
0 0.20521712303161624 0.8426621519489053 0.020689805348714188 0.028700934516059026
0 0.43799262576633025 0.7867907064932363 0.011847072177463107 0.020766882248866705
0 0.44854913817511666 0.761783128903236 0.011154439714219835 0.019627229667004243
0 0.495083146625095 0.7483587147277078 0.009091642167833116 0.014713193163459683
0 0.42097828650087066 0.49164863818699106 0.014080970980121421 0.023244777490994226
0 0.4055143630137729 0.5144464007262353 0.016343984173355395 0.025926867201493523
0 0.3419664380886641 0.6647112332520829 0.013075187338684274 0.02592686720149345
0 0.3223536570806378 0.6948847424952004 0.014080970980121385 0.025479852249743543
