0 0.5451974338955349 0.6788259906533324 0.018488036261664495 0.02672718189380787
0 0.3841519620683458 0.6198303552321446 0.020321528116861984 0.027907995530116705
0 0.5036337640550402 0.7509544749318817 0.01422066158718533 0.019805908203125
0 0.4637125862969293 0.7270836771270375 0.01665443844265408 0.019885357515311536
0 0.5145920382605658 0.7267349384449147 0.011074648963080514 0.015029294991198882
0 0.4076476626925998 0.7069632212320962 0.014568381839328341 0.018181176833164545
0 0.4374863704045613 0.7039008434907889 0.013975487815009225 0.019775108054832177
0 0.548339049021403 0.7290401929690514 0.009557512071397569 0.014181396107614777
0 0.4927146169874403 0.7270904117160373 0.0082450442843967 0.01231454919885706
0 0.17577753464380902 0.8178255528579524 0.0162683990266588 0.022330295892409334
0 0.5705722173055012 0.841819339328342 0.01437293158637153 0.016324361165364582
0 0.614729987250434 0.8373298174069252 0.009389347500271268 0.017366197374131944
0 0.5371317863464355 0.7507577825475622 0.008457819620768229 0.015078650580512155
0 0.4105176430650588 0.7517423176324166 0.01976263392569777 0.028583244547901784
