0 0.4341203504138522 0.6917408601737317 0.020231538348727755 0.028143706145109953
0 0.4175288942125108 0.7054190459074797 0.011235025193956163 0.020462507083092208
0 0.42357885837554937 0.6635236151424455 0.01610080401102702 0.02447985425407504
0 0.35184298621283644 0.759317233238691 0.014194382561577689 0.01940428180459105
0 0.4264316823747423 0.7456718727394387 0.006934854719373915 0.012006123860677086
0 0.5210514333513048 0.8146979249553916 0.017300128936767578 0.02322557237413194
0 0.44071144527859163 0.7281113141848716 0.010384029812282987 0.013986187216676311
0 0.15712831963305562 0.6752384872681896 0.014496679602621576 0.03997270384759162
0 0.4612310918466752 0.4404886772678674 0.017751036248107966 0.021564221812516424
0 0.470965296907511 0.8760825180694596 0.014498263331516412 0.025237717651158106
0 0.4868227724263569 0.910717258250304 0.01419621617877631 0.01933101777535498
0 0.482292065135258 0.8551405821461583 0.008155273123977765 0.014498263331516341
0 0.4463484539592072 0.8621212274539255 0.01902897062261502 0.01879404505937302
0 0.43109507274584113 0.8669539818977643 0.012685980415076728 0.023089826787229553
0 0.39545350872253027 0.8656115501078091 0.007853225971238019 0.016109181479462366
0 0.3877513063276622 0.8299028644950002 0.013592121873296463 0.016646154195444608
0 0.40829051271397704 0.7917778016602723 0.012988027567816758 0.023089826787229695
0 0.48787993746094654 0.7555321433314817 0.013290074720556717 0.022552854071247453
0 0.4579772693396943 0.7474775525917504 0.01208188610959688 0.022552854071247453
0 0.47126734406025095 0.7563376024054547 0.009061414582197714 0.020941935923301288
0 0.47730828711504925 0.7246562121625117 0.009061414582197714 0.017720099627408815
0 0.4907493854119758 0.7190179986446998 0.011175744651377216 0.020404963207319327
0 0.37574665800846374 0.8594248319293264 0.009665508887677633 0.026311663083122314
0 0.3852611433197714 0.8481484048937027 0.010571650345897226 0.018794045059372877
0 0.38752649696532077 0.8907260522976457 0.016310546247955814 0.034903226538835666
0 0.20765741750869687 0.8862734677284309 0.012988027567816687 0.02845955394705058
