0 0.2946808603074816 0.22745593977563178 0.018590768178304035 0.026979658338758684
0 0.5441567897796631 0.6779936095814647 0.022379716237386063 0.03207242047345197
0 0.24345020453135174 0.15144836755446447 0.018940528233846027 0.03090481699248891
0 0.40107904540167916 0.20714117568216203 0.017275439368353948 0.02620634620572314
0 0.4971794817182753 0.6390789644217786 0.020050631629096136 0.030295854733314042
0 0.5710531870524089 0.6232404826599874 0.014821476406521268 0.02181413438585069
0 0.37555444240570074 0.6046621534559463 0.0202020804087321 0.028988119996624227
0 0.050357550382614136 0.07666813297036253 0.01910181177986993 0.03172520060598114
0 0.35418852170308424 0.6602322142801167 0.019768502977159288 0.027200957875192902
0 0.4465974834230211 0.5725532814308449 0.017900334464179143 0.025521643367814432
0 0.4925923347473145 0.5917675583450882 0.024304072062174484 0.03638302838360822
0 0.2712916003333198 0.6478636470841773 0.015488094753689237 0.019339949996383103
0 0.24615712960561115 0.671287371788496 0.014946752124362521 0.02619053405008198
0 0.29878513018290204 0.687185052000446 0.021036730872260198 0.029281380735797648
0 0.4285637802547879 0.5414987022494092 0.018770164913601346 0.028098918773509837
0 0.413951383696662 0.6045433091528623 0.014907174640231662 0.02369760583948206
0 0.3549915419684516 0.7751065713387949 0.0166980955335829 0.02656277315116223
0 0.37054622173309326 0.5520251003312475 0.014841265148586698 0.025221129994333527
0 0.3985790411631266 0.5691454145643446 0.01846610175238715 0.022214583408685377
0 0.13354048464033338 0.8193892019766348 0.01920395427280002 0.024697480378327547
0 0.478081570731269 0.5629842310775944 0.015658643510606553 0.020593902211130402
0 0.40944510036044646 0.7182592462610314 0.0235756238301595 0.03076468573676215
0 0.4631269772847494 0.6526391300154322 0.01239246792263455 0.023000458140432098
0 0.3458344671461317 0.1259735307575744 0.0169120364718967 0.020931467597867237
0 0.22458605633841622 0.5860024440435716 0.013255768352084689 0.02059993037471065
0 0.40201098389095735 0.6186889130392192 0.013361480500962999 0.02380093233084973
0 0.3694624635908339 0.656598526754497 0.014168156517876517 0.019781183313440392
0 0.426916691992018 0.815540455005787 0.010534630881415475 0.01950205108265818
0 0.3546698358323839 0.2657460577693986 0.01739199956258138 0.02202328340506848
0 0.44192700915866423 0.7340575324164498 0.01323350270589193 0.022565959412374614
0 0.48138581381903756 0.9380705562638648 0.015207926432291664 0.022672205795476467
0 0.1898879143926832 0.5882380685688537 0.01716617743174235 0.022664435115861307
0 0.1790810161166721 0.836403222731602 0.01489032639397515 0.02377912733289931
0 0.41329688496059847 0.6584267086452908 0.01121468014187283 0.018845876057942707
0 0.42884874343872065 0.7357618308361665 0.012989838918050133 0.019396134364752123
0 0.48321403397454155 0.6912127836250964 0.015297624799940322 0.022797949520158182
0 0.5388927989535862 0.7967736044047793 0.01652230156792535 0.023252039779851467
0 0.3588001330693563 0.40865429536795916 0.013578600353664823 0.023654042938609187
0 0.1420907974243164 0.04425459879416007 0.0223591857486301 0.03004628346290118
0 0.46963336732652455 0.7122304233503931 0.012606832716200087 0.018388300766179592
0 0.4470010201136271 0.7833638603304639 0.01656227641635471 0.021231663079909334
0 0.46770217683580184 0.6940374256652078 0.012862099541558158 0.021350389645423417
0 0.3999086221059164 0.17349466865445362 0.011761082543267142 0.025030607058678146
0 0.5256979200575087 0.6832164717309268 0.0112102296617296 0.01771413544077932
0 0.4927478631337483 0.41837485042619116 0.015728473663330078 0.03136717242959105
0 0.5582334730360242 0.7725257402584876 0.011675198872884117 0.019639568564332563
0 0.25447588496738016 0.05844523141413559 0.020755238003200956 0.02809194576593093
0 0.4412093030081855 0.9447702949429737 0.012971904542711046 0.020346464934172453
0 0.5082952711317275 0.168236149681939 0.014549679226345487 0.022339585386676554
0 0.47108581331041127 0.7565334461353443 0.012887212965223525 0.015253891179591049
0 0.36222239335378015 0.7206851582468292 0.015671703550550673 0.020577748616536454
0 0.4886594083574083 0.7278691986460746 0.009928544362386068 0.015019734700520836
0 0.24650662475162086 0.8358113795150947 0.015080160564846463 0.022551171573591818
0 0.5308920542399088 0.7385725798430266 0.009466913011338975 0.016050739052854937
0 0.20003357860777116 0.14774158265855575 0.01764614052242703 0.02651919847653236
0 0.26985685030619305 0.10030757350686155 0.016229947408040363 0.024462540944417313
0 0.4190052350362141 0.9049421239782263 0.018667803870307073 0.028828467851803628
0 0.35683320628272164 0.5355204358512973 0.018002377616034612 0.029862768856095682
0 0.4221972889370389 0.6778713744363667 0.016132778591579862 0.022951385121286652
0 0.3940074311362372 0.5056034370704934 0.017150004704793293 0.028939376642674576
0 0.5187891589270698 0.7680225843264732 0.014309088389078774 0.023795186737437312
0 0.4549832608964708 0.29805296438711665 0.015990734100341797 0.027113784978419174
0 0.514825873904758 0.7263200077009789 0.01370504167344835 0.02251368393132716
0 0.24064571327633327 0.5877276997507355 0.015700684653388128 0.016343717221860534
0 0.3494737413194444 0.6118408956645447 0.01733700434366862 0.02290061668113426
0 0.0041535405649079215 0.1760227768509476 0.008307081129815843 0.029148148901668596
0 0.42204790645175516 0.6771608282018591 0.017026106516520183 0.024116374828197337
0 0.5053646829393175 0.7759825388590496 0.010025978088378906 0.017913488694179205
0 0.34461511505974657 0.7196125925323109 0.018298731909857854 0.030524171428915895
0 0.31086214383443195 0.590118431750639 0.0161590576171875 0.024156782362196184
0 0.5441798633999294 0.6779477625717351 0.022497495015462235 0.03114912245008681
0 0.0699005921681722 0.7209223994502315 0.013315863079494901 0.029754827051986885
0 0.47811290952894425 0.7440538524109641 0.01125685373942057 0.016318945237147955
0 0.36504866017235643 0.45903097553017697 0.015276776419745553 0.02111312489450714
0 0.45648929807874894 0.8076516610604745 0.011584281921386719 0.020291552131558643
0 0.5225795374976264 0.7018556006160783 0.00971894794040256 0.014365113811728397
0 0.5180806318918864 0.7651421111307026 0.012711577945285372 0.022573164951654127
0 0.15596401029162935 0.7044784404613352 0.010619070794847276 0.018319165265118634
0 0.545193115870158 0.17874903149074978 0.011884848276774086 0.018780425742820458
0 0.41398191452026367 0.8287035624186196 0.010946326785617404 0.02194976806640625
0 0.44496006435818136 0.9624251377435378 0.01550706227620443 0.023573510440779318
0 0.5200214650895861 0.8691411901403356 0.009878317515055338 0.017069121937692902
0 0.3958399958080716 0.4325572826244213 0.012181573443942599 0.02099750660083912
0 0.36213036378224683 0.7200008439429013 0.015952348709106445 0.020713617772231865
0 0.39718027909596754 0.6928214791380328 0.015495803621080186 0.02859294561692226
0 0.3998847670025296 0.17310091889934776 0.013231092029147677 0.02628604276680652
0 0.4144312408235338 0.7385868967315297 0.014663828743828666 0.025150534547405477
0 0.46869020991855204 0.8018680619604794 0.013142956627739798 0.02706654866536458
0 0.23909603224860299 0.837108235300323 0.019218391842312284 0.028411582664207177
0 0.40892603662278915 0.6807402151602285 0.014616118537055123 0.019524750886140047
0 0.354631225268046 0.48796043866946376 0.01302917798360189 0.027382744683159724
0 0.4564842647976346 0.8079542937102141 0.009280098809136285 0.016708750783661266
0 0.4605724281734891 0.9579530409824701 0.014938513437906899 0.01823491226007909
0 0.49734950065612793 0.7552372496805073 0.012500286102294922 0.015916706603250386
0 0.5117397043440077 0.9875477449393566 0.013491153717041016 0.024904510121286652
0 0.5009056462181939 0.7244749657901717 0.009035163455539279 0.013688640829957561
0 0.19944757223129275 0.14763951007230783 0.01781626542409261 0.025969469988787616
0 0.46322782834370935 0.9579628838433161 0.01858875486585829 0.019389588155864196
0 0.3018012105530744 0.09609446499369614 0.018754922232575487 0.022330019538886976
0 0.37372375636240035 0.1153655777464342 0.017034287165366705 0.013765080537670027
0 0.36081717359367604 0.3403033799590649 0.018238731712412814 0.021718238181657128
0 0.34189018785437975 0.38435163767960917 0.01479746157799525 0.024165363610576307
0 0.34799844234297084 0.441400249241286 0.018410795219133646 0.02508303564642091
0 0.3680438408759528 0.4299293487932277 0.012732699497344839 0.0217182381816572
0 0.28880859603098963 0.7581500469470045 0.012560635990623901 0.026000707682265728
0 0.3965265866198346 0.7439486462736421 0.009489525149876386 0.018979050299752772
0 0.3718707668107808 0.7948607018396455 0.01304809708108003 0.02861920283296044
0 0.3881385242105689 0.7820573742564789 0.010675715793611006 0.02289536226636841
