0 0.4226900868945652 0.6170270472397039 0.021872440973917648 0.0252462316442419
0 0.5263487762875027 0.6746121394781417 0.011787679460313585 0.019638202808521413
0 0.4459101623959011 0.7070821126302085 0.01319657431708442 0.017905623824508103
0 0.4948972066243489 0.6783082985583647 0.012771394517686632 0.020302054322796102
0 0.416997406217787 0.5520489775104287 0.016023635864257812 0.02183330206223476
0 0.45653870370652944 0.6723267826033227 0.010135597652859159 0.018804008578076774
0 0.513090557522244 0.6903588330304181 0.012235641479492188 0.021208068470896027
0 0.40646968947516543 0.5957897798514661 0.018341117435031466 0.022625770097897378
0 0.49203221003214526 0.9136831966447242 0.012903107537163627 0.020787180205922063
0 0.5198455651601156 0.7062228402973694 0.00845956802368164 0.012225539595992476
0 0.42822947767045766 0.6749484215253666 0.009026500913831923 0.014937035831404322
0 0.46967066658867723 0.704146538251712 0.012875662909613717 0.020566775475019294
0 0.43616767724355054 0.7273852972336757 0.011241674423217773 0.014598705150462963
0 0.46383235189649796 0.7242932731722608 0.006682025061713325 0.011734762309510031
0 0.5646055274539523 0.7258771967004847 0.010591559939914279 0.014098697238498263
0 0.4079080555174086 0.7295927353847175 0.007741212844848633 0.013808450581114969
0 0.4709620210859511 0.726035906944746 0.0077712270948621966 0.01366551717122396
0 0.6142110824584961 0.8374497213481387 0.009419759114583334 0.017878779658564815
0 0.48451052771674263 0.7203123775529272 0.01111602783203125 0.013686662838782792
0 0.47545244958665633 0.7366748856909482 0.012688901689317491 0.016913990915557484
0 0.4090745051701863 0.7028291725818022 0.011249303817749023 0.0146906817400897
0 0.42897835042741567 0.7071978722089604 0.007748100492689345 0.011625690224729939
0 0.40983382860819506 0.7525315461335359 0.011381149291992188 0.017788357204861112
0 0.5580444600847032 0.736469480726454 0.010131782955593534 0.017824667471426504
0 0.5038092666202121 0.7589691774344739 0.012060960133870445 0.02014447435920621
0 0.40660760137769913 0.5962192865065586 0.018148422241210938 0.02308306281949267
0 0.5200540224711101 0.7248113184799384 0.009167353312174479 0.01711960780767747
0 0.4005257818433974 0.7419502352490838 0.010462284088134766 0.014670195402922455
0 0.4786586231655545 0.7708231137122636 0.009747399224175347 0.019591437445746526
0 0.5035825570424398 0.7215559217664931 0.011463324228922524 0.017079577033902393
0 0.43484175205230713 0.6817801204728491 0.012617879443698458 0.01639330828631366
0 0.5668416023254395 0.8414599571698977 0.012904696994357638 0.015384815357349537
0 0.34309321180568014 0.6785439336109156 0.013510830536500578 0.02001604523925991
0 0.3987167087895925 0.6973968908290931 0.00893495639886595 0.017933962664390464
