0 0.18316660987006295 0.6831092128047237 0.01736132303873698 0.024089719042365933
0 0.3586500353283353 0.6180051403281128 0.022510819964938693 0.027997947033540704
0 0.42231218020121264 0.6793571519262998 0.014409065246582031 0.023282416072892557
0 0.45624375343322754 0.5990870440447772 0.019518375396728516 0.02699854344497492
0 0.471012830734253 0.6725083339361498 0.012143505944146048 0.023426291383342977
0 0.3857271273930867 0.4516369384012105 0.019127395417955186 0.026291835455246916
0 0.3763458066516452 0.6964867438799069 0.014561149809095595 0.023655502884476275
0 0.4314349757300483 0.7237297340675636 0.015493339962429471 0.022444831000434026
0 0.4732989470163981 0.5973547476309317 0.011438634660508897 0.02078529640480324
0 0.3509188360638089 0.6389168162404755 0.015496068530612521 0.022295163001543206
0 0.3530525101555719 0.6763682895236545 0.014661259121365018 0.022550135482976467
0 0.41473277409871423 0.740594275203752 0.009383572472466363 0.017357343508873458
0 0.2834111319647895 0.6305329122661072 0.012239933013916016 0.02094617302035108
0 0.4714721838633219 0.7282258257453823 0.015440040164523654 0.02072958298671393
0 0.4165390729904174 0.8291418758439428 0.015596946080525718 0.026633933738425927
0 0.4125922123591106 0.7847695762728467 0.012666940689086914 0.023039123158396027
0 0.3975460794236925 0.6582850468011548 0.01398966047498915 0.022112104627821184
0 0.4234426948759291 0.7645541297064888 0.017113818062676325 0.020708013463903358
0 0.4640807840559218 0.7069641866801697 0.01423374811808268 0.014978102695794753
0 0.6091641320122613 0.3907780588409047 0.01271735297309028 0.024291803807388115
0 0.44148980246649855 0.6789558316454475 0.010835541619194877 0.019036940586419752
0 0.35684470335642493 0.7977215566752869 0.013754553265041776 0.02385349038206501
0 0.37870735592312277 0.7435961829291451 0.010773870680067275 0.02306295324254919
0 0.3683545192082722 0.6581490599078896 0.014193879233466256 0.02094805682146991
0 0.2567928897009955 0.293387978165238 0.02200629976060655 0.02978485013231819
0 0.5819294982486302 0.8256716787079234 0.007757557762993706 0.012337107717255016
0 0.36789278189341224 0.6585625778009861 0.011739916271633573 0.020144945309485917
0 0.5291571087307401 0.7570620642768013 0.00986088646782769 0.01745468893168885
0 0.5018208821614584 0.7249524387312525 0.008854230244954428 0.014318442639009452
0 0.6048166751861572 0.8580253506884162 0.010222170088026259 0.017267674575617283
0 0.4511150519053141 0.7260673664234303 0.008375008900960287 0.013595157199435763
0 0.5012803607516819 0.960444603437259 0.016925599839952257 0.02709546501253858
0 0.5191176732381184 0.8274189984356916 0.014009581671820748 0.024840460883246526
0 0.3938119014104208 0.6449564239125194 0.013222826851738822 0.019185949254918983
0 0.07515514228079054 0.7520067897843725 0.014863471190134682 0.024190502402223188
0 0.5602787600623237 0.8678656213077498 0.012880166371663414 0.01680058608820409
0 0.1684739589691162 0.7523490764476635 0.01566158400641547 0.0218001471625434
0 0.5534538427988688 0.7216746954270351 0.012688901689317491 0.015128147454909336
0 0.26756445566813153 0.8523805406358507 0.013554096221923828 0.02559068467881944
0 0.16864652103847927 0.7515025668674045 0.01666500833299425 0.02357002540870949
0 0.6394280216447941 0.4838482945835794 0.014010997328219333 0.021659512777923596
0 0.3493611725101659 0.9252746809161633 0.02071190909388946 0.04331902555584733
