0 0.38031562169392896 0.6823067841706453 0.015821721818712022 0.025304535288869598
0 0.4055660963058472 0.6767950175720969 0.0168914000193278 0.023346794976128474
0 0.4827905760871039 0.6543455477114078 0.01717429690890842 0.02504932733229649
0 0.43762730227576363 0.7248766157362196 0.02039138476053874 0.023843223665967403
0 0.4916813638475206 0.686263237470462 0.017542415195041232 0.019648704999758872
0 0.48400137159559464 0.7103770220721211 0.015518612331814237 0.019586351182725694
0 0.4899035824669732 0.5590576595730252 0.013990667131212022 0.020192605477792246
0 0.3818767865498861 0.5489110828917704 0.0137378904554579 0.021294534942250188
0 0.35726724730597603 0.6800484598418812 0.0102184083726671 0.01960476533866223
0 0.3456948863135444 0.628360041865596 0.019908216264512803 0.0303579259801794
0 0.4847467210557726 0.7377655123486931 0.012691921657986112 0.019830585997781636
0 0.29181906912061906 0.6530627026970004 0.01744222640991211 0.02449525432822145
0 0.3349147107866075 0.7533232606487509 0.01661825180053711 0.032263861762152776
0 0.45856176482306593 0.7889256653962312 0.013920201195610892 0.02490512235665027
0 0.4765352143181695 0.5379167015169874 0.01630295647515191 0.021155039469401046
0 0.5050063398149278 0.722039422871154 0.011192374759250216 0.017583069977936922
0 0.45417915450202095 0.6146443213945554 0.015898015764024522 0.020980929150993442
0 0.5179987748463949 0.7209450521586853 0.010065237681070961 0.014777383686583719
0 0.43663137488895 0.7688039614830489 0.010684887568155922 0.022033314646026234
0 0.45547636349995935 0.7434113584918741 0.009947935740152994 0.015568956916714892
0 0.46741485595703125 0.724583778852298 0.011714935302734375 0.016107582751615546
0 0.3627553913328383 0.5866446553924938 0.014360136455959745 0.023262353590977045
0 0.4215967655181885 0.7632854132004726 0.009599738650851779 0.019614890769675927
0 0.463601271311442 0.8734178425353251 0.011126836140950523 0.01825940167462384
0 0.4356589052412245 0.81131433557581 0.01150655746459961 0.018513432255497685
0 0.5467052989535861 0.7263323230507934 0.008360968695746528 0.012572724142192323
0 0.4277857144673666 0.6876761118570964 0.019666565789116755 0.027821058108482833
0 0.5239640871683756 0.760401596257716 0.0175884034898546 0.027116469395013502
0 0.16022231843736434 0.6655816207697361 0.011755095587836373 0.021183579056351275
0 0.40113235844506157 0.7390819125705295 0.010071410073174369 0.01713957609953704
0 0.42748785018920904 0.6887137566083744 0.01903692881266276 0.026555803087022566
0 0.5180448426140679 0.7206664615207248 0.011715571085611977 0.015366118631245177
0 0.5372249550289578 0.7493974191171151 0.010950035519070096 0.0164822236991223
0 0.5173952579498291 0.8253498312867719 0.013662497202555336 0.01714607521339699
0 0.43969964981079096 0.8612478750723379 0.008740743001302084 0.014883724259741514
0 0.4530911975436741 0.8528269544059848 0.009033097161187066 0.015022466212143133
0 0.4213960170745849 0.8279614860628858 0.011922200520833336 0.019116060233410493
0 0.541093217002021 0.726400304723669 0.009117603302001953 0.013158821765287423
0 0.5368686781989204 0.7488320668538411 0.00947941674126519 0.014142683994622878
0 0.41840660572051996 0.8677229704680266 0.013557513554890953 0.01731684178481867
0 0.345352728995192 0.702203583460454 0.02773663728340509 0.02346181504976201
0 0.46671365880503884 0.688743451969286 0.011407810495594077 0.018292262581170463
0 0.41235879703191425 0.7360647399510094 0.009618350025696998 0.01670163105237293
