0 0.2763444052802192 0.2064843707614475 0.02133772108289931 0.031075395183798708
0 0.37609427505069315 0.6681867293369622 0.0158435238732232 0.02422817842459973
0 0.08314932717217338 0.1518898186860261 0.017057259877522785 0.025906727637773675
0 0.16155842940012616 0.8347094029556087 0.017533964580959745 0.029990208001784334
0 0.44745046562618673 0.6353895634780694 0.012234078513251413 0.020771685941719714
0 0.3094647725423177 0.6804444112895449 0.020261552598741316 0.0240243982385706
0 0.45050175984700525 0.7037470311294366 0.010676595899793837 0.016435505431375386
0 0.45262588395012743 0.7397953551492574 0.014662371741400827 0.01941266471956983
0 0.39622285630967885 0.6136567622055242 0.014510366651746962 0.021033251727068866
0 0.5492224428388808 0.5369152963897328 0.021986908382839628 0.026433214729214893
0 0.38439909617106116 0.708248844853154 0.010267999437120225 0.021679348415798612
0 0.4419889582528009 0.6914179295669368 0.020610041088528104 0.03103044297960069
0 0.44095488389333093 0.7213395201129679 0.011096556981404625 0.01752547275872878
0 0.2424186070760091 0.6057133615752797 0.012737909952799477 0.0187225341796875
0 0.4693227608998616 0.7565442544442635 0.009780406951904297 0.019609851601683062
0 0.4166297515233358 0.7427525932406202 0.012810362709893119 0.017266261724778163
0 0.14758418665991888 0.2380847930908203 0.013878901799519859 0.022467577898943866
0 0.3778786659240722 0.7295440391257957 0.010602315266927086 0.01650049656997492
0 0.4447711308797201 0.8642106232819734 0.013870451185438368 0.017644811559606483
0 0.5379851659138997 0.760857805793668 0.012081676059299044 0.023598659185715666
0 0.3863889111412896 0.7587976808901186 0.011200957828097872 0.017317218545042437
0 0.53574095831977 0.7355434511914666 0.011972215440538194 0.012193985927252122
0 0.5380262268914117 0.761212737471969 0.013672828674316406 0.026040395100911454
0 0.5329070885976156 0.6933021074459876 0.008690569135877822 0.014968589500144675
0 0.5264119307200114 0.7214597066243491 0.010510073767768014 0.014414375210985726
0 0.3995508882734511 0.7651568989694855 0.01117478476630317 0.015955560001326197
0 0.3463603655497234 0.7551416703212409 0.013643741607666016 0.022863741274233216
0 0.375056333012051 0.7617225882447797 0.00870203971862793 0.013157738579644095
0 0.547327544954088 0.7245074849069855 0.008804374270968966 0.01223882039388021
0 0.4242382579379611 0.8314318715790172 0.01581414540608724 0.026144804777922453
0 0.3995791938569811 0.764637205335829 0.009090873930189345 0.013909563606168017
0 0.4336403608322144 0.7310149345868899 0.009729782740275065 0.014298097586926118
0 0.516211748123169 0.7231856923044464 0.011589527130126953 0.018215791678722993
0 0.4899176491631402 0.7341916826036242 0.012471516927083336 0.01621938634801794
0 0.30532481935289174 0.7835041328712745 0.014686425526936851 0.024732660364221642
0 0.4245539638731215 0.7255124457088518 0.008576737509833442 0.012983298596040702
0 0.26202287938859725 0.7293643951416016 0.01665382915072971 0.02431134824399595
0 0.43465562661488844 0.7393598674256124 0.014976369010077584 0.020248318895881558
0 0.42121591832902694 0.7675898281144506 0.00958953963385688 0.015742784664954667
0 0.2929397159152561 0.6681956302972487 0.01002645492553711 0.02081595526801215
0 0.3558152516682942 0.4322003965024595 0.012630568610297311 0.01979752528814622
0 0.4672478834788004 0.7246575296661 0.011970467037624784 0.01738828494225019
0 0.613653368420071 0.8345816812397522 0.008538299136691622 0.013031288429542825
0 0.5166311528947618 0.8246422755865404 0.01277250713772244 0.01799906036000193
0 0.4507916238572862 0.7574792555820795 0.008418824937608507 0.012690979757426698
0 0.5191674762301975 0.754322099096981 0.008320702446831597 0.015987443335262346
0 0.2641224331325955 0.8797377127188223 0.013587315877278648 0.024797698597849152
0 0.3461402124828762 0.7562308370331188 0.013439416885375977 0.0222977532280816
0 0.44011946519215905 0.7844274544421538 0.016207827462090388 0.022085778507185568
0 0.3870130777359008 0.7593364244625893 0.011756022771199547 0.017341849244671102
0 0.5153039826287164 0.8463845900547358 0.012475967407226562 0.014680650499131944
0 0.5396899382273357 0.7256818936194902 0.009371174706353081 0.012240327434775272
0 0.43308329582214355 0.7445523532820337 0.01155180401272244 0.016023000081380207
0 0.6028392050001357 0.8614367732295283 0.008665614657931857 0.01415874339916088
0 0.43761814965142143 0.7351092821286049 0.012210369110107422 0.018884023030598957
0 0.4547317028045654 0.8243018256293402 0.010214434729682077 0.01399023738908179
0 0.4432527489132351 0.6629204455717109 0.009761651357014975 0.01396593635464892
0 0.4845127264658611 0.691383903409228 0.008774174584282769 0.013639614905840085
0 0.3722886030546026 0.11597347868569666 0.01505264556307779 0.012785456972095731
0 0.316510188662531 0.11998751750251739 0.013881884241505063 0.01605615526728297
