0 0.5581538412306044 0.6459706624348958 0.018392033047146268 0.026304362732687114
0 0.477448993259006 0.6176513153829692 0.015275531344943576 0.023847368028428816
0 0.5256862375471326 0.6709825727674696 0.020188914404975042 0.026853255283685377
0 0.38621616363525385 0.657375947928723 0.021000703175862626 0.024885483729986498
0 0.42746016714308 0.18071301189469705 0.016726970672607422 0.025702829714174622
0 0.4776097933451334 0.7082972114468798 0.015703307257758245 0.024861747835889278
0 0.4303809139463637 0.6650930804970824 0.019936694039238825 0.02461383960865162
0 0.3968784676657782 0.7486278628125602 0.0214283996158176 0.027748249195240163
0 0.49371234575907397 0.586334346253195 0.019487751854790583 0.02487950266143422
0 0.38132588068644213 0.12632580156679507 0.02251434326171875 0.032695028516981334
0 0.4177515771653917 0.9239888603304639 0.02030351426866319 0.027882799690152393
0 0.4436413579516941 0.5867632171254099 0.017420318391588 0.027033958906008872
0 0.26335712273915607 0.6927812835316598 0.01466822624206543 0.023262212305893135
0 0.2639169692993164 0.6423609933735412 0.014660358428955078 0.020372414294584296
0 0.29472604062822133 0.6707251513445819 0.013736327489217125 0.026572192156756366
0 0.5160360071394179 0.7373297420548803 0.012868934207492404 0.022023047929928628
0 0.4184205399619208 0.7685555587580174 0.014004045062594943 0.02209769354926215
0 0.1213927467664083 0.769280539618598 0.01656655470530192 0.024896268491391784
0 0.4119920995500353 0.6548042532838422 0.014350626203748915 0.02437031121901524
0 0.4410689539379544 0.775072874846282 0.014061742358737521 0.02202351888020833
0 0.5453387896219889 0.5907730055444035 0.011912557813856337 0.021979955979335455
0 0.4988778962029351 0.7288236735779562 0.010783937242296007 0.022465270242573304
0 0.545673820707533 0.5136597951253254 0.017876466115315754 0.023779174427927277
0 0.3683181206385294 0.7608003027645158 0.01477450794643826 0.021291285385320217
0 0.3677748574150933 0.48269862893186977 0.013422701093885634 0.02352024596414448
0 0.30615707238515216 0.2871909318146882 0.021103514565361872 0.023918928923430265
0 0.13549213276969063 0.6970650001808448 0.01570615503523085 0.02260222258391204
0 0.3567551506890191 0.695553532353154 0.01864745881822374 0.02956220838758681
0 0.4874473942650689 0.34077548980712885 0.009988201989067925 0.023367587430977527
0 0.4700717131296793 0.666092648918246 0.012703736623128258 0.019637731858241705
0 0.4420226944817437 0.8268469351309317 0.01268895467122396 0.01782207724488812
0 0.3682152165306939 0.7600798194791064 0.01576354768541124 0.02274374314296393
0 0.432292726304796 0.36919615003797746 0.01089562310112847 0.020221239254798417
0 0.4369803534613715 0.6369212586202739 0.014240317874484591 0.020576382860725308
0 0.4361983140309652 0.7950113791006582 0.010855568779839408 0.018867728150921102
0 0.39680839909447563 0.8221188768928434 0.016243590248955622 0.021093109507619598
0 0.5415381060706244 0.7315616607666016 0.0098215209113227 0.015490920455367476
0 0.37909293174743647 0.7770719410460672 0.01045142279730903 0.01659595819167149
0 0.4958545631832546 0.6639202965630426 0.011989222632514108 0.016129623224705826
0 0.5269097222222222 0.752115155443733 0.012413342793782554 0.017296167067539545
0 0.3567254278394911 0.6961827925693842 0.017079777187771268 0.028485474763093172
0 0.5850528611077203 0.3192613860707224 0.013860384623209633 0.024786772551359953
0 0.4476699034372965 0.7264801543435934 0.02121369043986003 0.019000065179518712
0 0.3906476232740614 0.7820265263686944 0.01169496112399631 0.020377217987437312
0 0.4105916950437758 0.6230670787669994 0.011484967337714303 0.017333513424720292
0 0.1803194151984321 0.8634255491657022 0.01368628607855903 0.02173680434992284
0 0.43677006827460396 0.636739613097391 0.014843410915798612 0.020942217038001542
0 0.5905678272247314 0.827571068281009 0.011185699039035372 0.015095651885609568
0 0.2359179390801324 0.8665107915430893 0.018015596601698134 0.041193738395785114
0 0.44861045148637557 0.7260356008270641 0.021569384468926325 0.01852906780478395
0 0.4196739461686876 0.8312049206392266 0.011951340569390189 0.01812612274546682
0 0.457648515701294 0.8240915463294511 0.014141453637017142 0.01799755331910687
0 0.3925043741861979 0.4875257515612943 0.012056403689914279 0.01962901927806713
0 0.3089641623540045 0.7763302527154775 0.012069403697246983 0.021009702732244763
0 0.25848639584937255 0.8651974391119075 0.011566511876528338 0.019221642925245277
