0 0.36909572283426917 0.7012150140456211 0.019002013736300997 0.031886442207995754
0 0.43963746229807543 0.4595231421199846 0.017095327377319336 0.022549852912808643
0 0.4050398402743869 0.586136594230746 0.017311520046657987 0.02560476609218268
0 0.46518052948845756 0.7280607105773171 0.014434337615966797 0.02266405835563754
0 0.3921323219935099 0.7684986208692008 0.013402753406100802 0.024275179262514466
0 0.4537644386291504 0.6877307420895423 0.012970924377441406 0.02167148354612751
0 0.38078325324588347 0.5821038940806448 0.015227662192450631 0.024382179166063847
0 0.5315100087059869 0.9164094336238908 0.012969281938340928 0.024005089277102622
0 0.42040861977471244 0.7902971197057654 0.011458873748779297 0.02155996251989294
0 0.4413059684965346 0.7799939756040218 0.019881010055541992 0.020298710575810185
0 0.42594208982255727 0.7205000747869044 0.011645767423841689 0.020824338182990933
0 0.4264674319161309 0.8236417417173033 0.014969110488891602 0.023584624867380402
0 0.48421904775831437 0.7298238542344835 0.010553307003445096 0.014961101390697338
0 0.47177974383036303 0.6371811760796441 0.011886013878716361 0.021477875886140047
0 0.5512963665856255 0.7267511626820506 0.010604593488905165 0.014385647243923612
0 0.4867574903700087 0.8254361564730419 0.01117028130425347 0.019019609616126542
0 0.07475335068172878 0.19078291787041557 0.013758156034681533 0.021658449997136623
0 0.5615537961324056 0.7727946057731723 0.012354109022352431 0.019068494255160107
0 0.5819520685407851 0.825198279486762 0.008332411448160807 0.01397563793041088
0 0.4555994934505887 0.8239450336974344 0.01094463136461046 0.018875687210648147
0 0.5984836154513888 0.835535873601466 0.010291099548339844 0.01656897274064429
0 0.48717313342624236 0.8249716111171392 0.012461874220106337 0.01979046103395062
0 0.40587637159559464 0.7182315779320989 0.011812686920166016 0.01854131251205633
0 0.3931659724977281 0.6545292889630352 0.016634225845336914 0.02371809217664931
0 0.47593537966410315 0.7301695552873023 0.008493264516194662 0.014021320107542439
0 0.5276298258039687 0.7415687184274931 0.014170593685574003 0.017534515004099152
0 0.07458135816786024 0.1910113346429519 0.015345480706956651 0.02371418328932774
0 0.6038999027676053 0.8576192973572532 0.010280503167046439 0.018974775149498458
0 0.5648485554589165 0.8567903306749132 0.009934584299723307 0.017453417365933643
0 0.46429104275173605 0.8498931696385513 0.010470708211263023 0.016174693166473766
0 0.5355584356519911 0.8307432009850018 0.011977725558810763 0.017456619827835647
0 0.576921780904134 0.8491255677776571 0.008814387851291232 0.016599584508825233
0 0.6290988922119141 0.8606443051938658 0.017749892340766057 0.01670441804108796
0 0.5012036694420708 0.7216363836217811 0.010433885786268447 0.016669614815417632
0 0.5406096511416965 0.8345232834050685 0.008137967851426866 0.015148115746768904
0 0.605709261364407 0.761005778371552 0.020487626393636063 0.03463048110773534
0 0.3395222327341533 0.695364238410596 0.007450331125827816 0.024597918637653607
0 0.2275011825922422 0.7809839167455062 0.019690160832544948 0.025543992431409635
