0 0.49490412076314283 0.6929150334110966 0.02114725112915039 0.028276137363763502
0 0.4710240099165175 0.5549915455005787 0.026451269785563156 0.03239996639298804
0 0.5094159973992242 0.7259731292724609 0.010757552252875436 0.019900145354094328
0 0.4714517593383789 0.7419799051167053 0.012083583407931857 0.02060011875482253
0 0.3770875798331367 0.7818207917390047 0.010854694578382704 0.022391048478491514
0 0.36314688236883336 0.6500509394979492 0.01568503879809768 0.026275791490830328
0 0.4307132033452543 0.70206628183694 0.011462143737071386 0.02091338506413038
0 0.4292271194171741 0.8351060023789727 0.037402784826233104 0.04129052948559064
0 0.3933325113984505 0.8337654007722977 0.013271955906082624 0.027884513418840413
0 0.3707098592858095 0.8538744248724229 0.011462143737071457 0.026275791490830328
0 0.2888158586380493 0.7632497562611917 0.01719321560560715 0.03163819791753042
0 0.16710599027204107 0.6786125332988943 0.019907933859124025 0.034855641773550446
