0 0.4272687832514446 0.43721048331555035 0.01732182502746582 0.024954666326075424
0 0.4428701665666368 0.6527680762020158 0.021381643083360456 0.025392602991174767
0 0.4709270000457764 0.6987554762098525 0.019719494713677302 0.02656140739535108
0 0.42236962583329946 0.6956203366503304 0.015217754575941298 0.0199244463885272
0 0.5026476118299696 0.6925093332926433 0.012768745422363281 0.018266983974127123
0 0.40944653087192107 0.7205952067434052 0.015965885586208768 0.02363949057496624
0 0.44992502530415845 0.7135200735963422 0.010972605811225045 0.01710806952582465
0 0.5480375289916992 0.7289635222635152 0.009693887498643663 0.013204080087167246
0 0.4591063923305936 0.7271809283597971 0.009913126627604166 0.017414093017578125
0 0.5094844235314263 0.7581473927438995 0.009464210934109159 0.019086201985677082
0 0.38818625609079993 0.7008262445897232 0.02227107683817546 0.023128933376736112
0 0.361869282192654 0.7754428533860195 0.014305591583251953 0.017502396195023147
0 0.41136160161760116 0.7514786190456815 0.009555578231811523 0.018724370885778358
0 0.4926038848029242 0.7703199975284529 0.011546452840169273 0.021384156780478395
0 0.5406708717346191 0.7457471070466218 0.01395765940348307 0.0194045172797309
0 0.39831230375501847 0.6795327928331163 0.012691338857014976 0.018439398871527776
0 0.48864663971794975 0.7444130932843244 0.01668458514743381 0.019188162721233602
0 0.5525329113006592 0.7582467868004317 0.009343412187364366 0.01388130658938561
0 0.42081468635135233 0.5767752800458743 0.018258968989054363 0.027959234920548807
0 0.4949331548478868 0.8605895336763357 0.012641217973497178 0.019132355113088348
0 0.45971221394009054 0.668431482197326 0.012117968665228952 0.01453526814778646
0 0.4312902688980103 0.7350618338879243 0.010055939356486 0.016424485194830248
0 0.45034356911977125 0.8577020433213977 0.015054570304022897 0.024140252007378474
0 0.6145779556698269 0.8374249964584538 0.009847270117865669 0.01667229923201196
0 0.5408898194630941 0.7433671362606096 0.012050045861138236 0.01744974395375193
0 0.515049934387207 0.7231678903838734 0.010967996385362413 0.01660919189453125
0 0.5169309245215522 0.722026777856144 0.011515670352511935 0.017151726616753474
0 0.5264083014594184 0.745590845743815 0.008864190843370225 0.0137059247052228
0 0.38976922300126815 0.7563581348937235 0.018353965547349717 0.02508069262092496
0 0.4877663983239068 0.7425867245521074 0.014496114518907335 0.017147488064236112
0 0.5585980415344238 0.7393462805100428 0.0097603268093533 0.017773428080994406
0 0.420644932323032 0.5773068180790655 0.01796094576517741 0.026055324224778166
0 0.3843473311732745 0.2090772588842934 0.010815620569098456 0.02703905142274632
0 0.3450858937828001 0.7485310735530274 0.011829584997451476 0.023133410661682917
0 0.4407365381907652 0.7643038535496296 0.023321181852118684 0.03184599389790137
0 0.39781204405715537 0.7896905184965414 0.008787691712392558 0.02133080723349977
0 0.37136447188428157 0.7851840099260835 0.013688519782765383 0.01712473256773947
0 0.37846222288275255 0.7929952914482103 0.025856092923001128 0.024335146280471634
0 0.48544943109242344 0.7637132233705028 0.007195786343952619 0.014760587372210381
0 0.5201446482624801 0.7705026608293843 0.013173824229697715 0.011021238571250506
0 0.4305847843815933 0.8731379450241539 0.009188465639200984 0.01200527772939779
0 0.39637712314649576 0.8791405838888529 0.01405945947203044 0.011414854234509306
0 0.38442104737500526 0.8739251763506718 0.008967056828617856 0.010824430739621107
0 0.5691313476040035 0.8427311350374004 0.013284528634989386 0.013382932550804156
0 0.5078564592751149 0.8408614606369205 0.011845371366198947 0.010824430739620965
0 0.5226908495841864 0.8537523736086509 0.01140255374503262 0.011021238571250364
0 0.5127828053105903 0.8563108754198341 0.00974198766565891 0.012989316887545215
0 0.49087137514864976 0.9134201554119223 0.014986731435388166 0.01749694681677184
