0 0.4835188356164384 0.4295499021526419 0.03137230919765173 0.04500978473581213
0 0.1675941780821918 0.18101761252446188 0.01706213307240702 0.023483365949119383
0 0.7309197651663405 0.9001956947162428 0.04293052837573399 0.05088062622309195
0 0.40068493150684936 0.9789628180039139 0.0220156555772995 0.042074363992172154
0 0.1691029516802297 0.6402132680617413 0.011338116525751936 0.02293687940841764
0 0.24827428259280773 0.8779227455671608 0.011729086061122693 0.02432699331195806
0 0.4523462111818614 0.5801493737277796 0.03721467593188685 0.04575511557980704
0 0.553382317333386 0.641980610997789 0.018781238320765396 0.02844236914420449
0 0.5399919900120996 0.6589842012470416 0.02121584328827197 0.026587432026104238
0 0.5319925736902923 0.6898998198820463 0.022607046126847122 0.03153393100770472
0 0.5401658903669215 0.7421472153752042 0.01669443406290256 0.027205744398804087
0 0.5121679332405955 0.8011960469680632 0.024693850384710104 0.029060681516904482
0 0.47095354914780485 0.8206728867081162 0.014607629805039721 0.02225924541720346
0 0.4473031008920263 0.8083066392541142 0.010434021289314118 0.018549371181002954
0 0.4361734781834245 0.8265468542487671 0.01669443406290256 0.025350807280703835
0 0.4003500050901128 0.8172721686582656 0.01460762980503965 0.01793105880830268
0 0.4085067725125867 0.8287633280845137 0.011389362265665639 0.011307187934744717
0 0.3929329981654663 0.760342649146836 0.02440577628356934 0.030240153778968163
0 0.35662016133142826 0.6726462031878288 0.010649793287375715 0.016829302972643064
0 0.34182878176562864 0.6483226012351806 0.013312241609219627 0.022351418010541694
0 0.3362080575306248 0.6863200118531012 0.015383034748431541 0.026821701612649917
0 0.38280090316289356 0.609536317040417 0.034316000592655056 0.03839184740634195
0 0.41031286915528087 0.6493744326709706 0.012720586426587702 0.021299586574751502
0 0.4542432664657056 0.6406968233257015 0.017749655478959524 0.023929165164226874
0 0.44403721456530393 0.6514780955425511 0.015678862339747537 0.025506912317912266
0 0.4952153878629704 0.6843478279109945 0.02129958657475136 0.029714238061072963
0 0.4480308870480698 0.6793516285909911 0.017158000296327528 0.019721839421066107
0 0.4208147486469986 0.6926310004678423 0.010945620878691713 0.017881134408433183
0 0.42939374879516223 0.6972327629994246 0.012424758835271704 0.01393676652422002
0 0.4586067234376165 0.7738849788826349 0.019080879639881587 0.024718038741069533
0 0.438268576534642 0.7553464498268327 0.014495551974483689 0.024980996600017135
0 0.4451465680327389 0.7357560893352403 0.015235120952773542 0.024718038741069533
0 0.4715491805576912 0.7448281354689308 0.007987344965531662 0.016566345113695462
0 0.46918255982716317 0.7038067094731133 0.011241448470007711 0.02235141801054155
0 0.36929241103414356 0.7157098980776988 0.01222679808670641 0.023138886701724034
0 0.35055780106257717 0.7102757655947181 0.015776513660266504 0.02909890297338009
0 0.40755045666028944 0.7325381793153163 0.01025473387917316 0.01963299477722046
0 0.37123899217221135 0.6619373776908024 0.01706213307240702 0.032289628180039075
