0 0.4047407839033339 0.8074896541642553 0.012985600365532767 0.01834332501446759
0 0.41435461574130583 0.7287908483434606 0.01213783688015408 0.020072089301215276
0 0.12618023157119754 0.8059453846495828 0.022396895620558 0.040806946931061926
0 0.48338585429721403 0.7434220255157095 0.010285960303412545 0.014620415958357447
0 0.3803577423095703 0.8056693842381607 0.012698703342013888 0.023450780797887733
0 0.4982659022013346 0.7415524470953294 0.007764604356553819 0.013400937304084683
0 0.44298080603281653 0.736396954383379 0.016347805658976238 0.018806881374782987
0 0.4839529196421305 0.7442181905110676 0.010049661000569664 0.014804981372974537
0 0.4726144472757975 0.7141961462703752 0.009995884365505643 0.013738844129774306
0 0.4789126449161105 0.6675604832025221 0.019581741756863065 0.0298794404959973
0 0.1445558694431517 0.6241142299767818 0.01745740985911407 0.029521473582891956
0 0.036192191171334 0.5813459413246433 0.015328457437270866 0.024222747555193463
0 0.370650616642897 0.48521191196496927 0.018308990827851302 0.025736669277393032
0 0.5332224001778895 0.6986572588813457 0.010834811009872708 0.024429709377273953
0 0.4191222015038572 0.830375217775612 0.009513492594034481 0.02020149044659191
0 0.5138607319194519 0.8519861145324313 0.010834811009872708 0.02020149044659192
0 0.5338126399986078 0.836247744068226 0.010570547326705083 0.01691287572272813
0 0.41925433334544115 0.8496371040153857 0.014005975207884235 0.01644307361931908
0 0.3979811068504472 0.8294356135687937 0.011099074693040336 0.02020149044659192
0 0.40471983077122176 0.8646707713244774 0.00819217417819651 0.01644307361931908
0 0.36693012407825093 0.8402410619472033 0.018762721504901592 0.01644307361931894
0 0.357680895167384 0.8611472555489093 0.01347744784154898 0.019731688343182868
0 0.4549299305730709 0.7232603381983337 0.00977775627720213 0.021141094653410165
