0 0.47914814949035645 0.5864947754659771 0.028131749894883894 0.0325105455186632
0 0.4163081116146512 0.6258369963846089 0.02072196536593967 0.03637944916148245
0 0.4333102968004015 0.6635789518003111 0.013855669233534072 0.021260909092279127
0 0.5065828429328071 0.6156817306706935 0.019393179151746962 0.026973488890094523
0 0.35870163970523417 0.6019207283302589 0.011306789186265733 0.02418174272702064
0 0.39533234967125785 0.6674074714566456 0.011173009872436523 0.02005230938946759
0 0.4494336711035835 0.6937555148277752 0.010551823510064017 0.01937013790931231
0 0.4741827381981744 0.6991332254292054 0.011051124996609159 0.019183406123408565
0 0.4539823002285428 0.7288933742193529 0.011537445916069877 0.01909712803216628
0 0.4273317654927571 0.7208887971477744 0.015341758728027344 0.01679780748155382
0 0.5389376216464573 0.7353698353708527 0.01448906792534722 0.018278333875868056
0 0.4643516805436876 0.7256569332546657 0.010360558827718101 0.01971506189416956
0 0.438519795735677 0.7311692649935498 0.009386062622070312 0.0147974932635272
0 0.47202862633599174 0.7564706684630594 0.012221548292371962 0.016742188253520446
0 0.4514991177452935 0.7610138787163627 0.013094213273790147 0.02151903694058642
0 0.3943661583794488 0.7478651352870612 0.009804566701253256 0.01702485261140046
0 0.558824274275038 0.7361602076777706 0.011602295769585502 0.018899281819661457
0 0.39171950022379565 0.7262433840904707 0.009665966033935547 0.01593780517578125
0 0.3644767483332111 0.47146988390334926 0.013085429686122722 0.022229075614944024
0 0.3817267612397557 0.7320656544293036 0.008433525213563595 0.014123778135438586
0 0.37634886110357013 0.7266334320695198 0.010144675256896676 0.013254622557873005
0 0.5082726753711371 0.7300906851549661 0.009166875232135467 0.012602755874698772
0 0.47374411199676025 0.7409551298745337 0.006844600173327819 0.011733600297133363
0 0.47307187447973703 0.7282437295526395 0.0074557251888034415 0.010212578036393865
