0 0.42447804080115425 0.642370977519471 0.013831324047512479 0.021741937707971642
0 0.40470806757609046 0.6301046300817419 0.014924950069851346 0.022235163935908565
0 0.2842341926362779 0.6450690281243971 0.016654253005981445 0.026642975983796297
0 0.39869043562147355 0.6744974159900053 0.012187957763671875 0.020283498881775656
0 0.414419068230523 0.6977005475833092 0.011347770690917969 0.019192636748890816
0 0.17041877905527753 0.6452093006652079 0.01955445607503255 0.026754920865282597
0 0.4605161878797743 0.6772445631615909 0.0117393069797092 0.018942515055338543
0 0.44877798027462423 0.6988730724946951 0.013057099448310006 0.02072284839771412
0 0.47166358100043404 0.6710029884620948 0.010536829630533852 0.019103909716194058
0 0.5218645996517606 0.8130583115565924 0.02082967758178711 0.03181561128592786
0 0.461572700076633 0.7405570701316552 0.01002417670355903 0.014310389389226469
0 0.5154812865787082 0.7234019055778598 0.011540889739990234 0.017815201370804397
0 0.534084611468845 0.7005445221324025 0.010391394297281899 0.019816080729166668
0 0.3912727170520358 0.7229023921636888 0.013717465930514865 0.018002686677155672
0 0.5038447644975451 0.720558519716616 0.01213163799709744 0.018571877185209296
0 0.4738924238416884 0.7742862465940877 0.013951407538519967 0.023734104486159334
0 0.5417051845126682 0.7457013777744623 0.0110065672132704 0.019050268479335455
0 0.4915839831034342 0.9134261048870321 0.013124783833821617 0.019299259892216435
0 0.38368705908457446 0.7031768045307676 0.014557970894707572 0.017166043505256558
0 0.47620648807949495 0.7380029890272353 0.012196911705864798 0.01670719664773823
0 0.5325964291890463 0.7484871428689839 0.01164118448893229 0.017918386577088156
0 0.2882776525285509 0.5866916797779225 0.019889937506781682 0.028806992519048998
0 0.4090961085425483 0.721662144602081 0.00836128658718533 0.011544733871648344
0 0.5343466069963243 0.7002656724717881 0.01149129867553711 0.021195776668595682
0 0.5216572549608018 0.7728917628158759 0.014263153076171875 0.020315288025655864
0 0.4936345418294271 0.7390342994972512 0.012285126580132377 0.016461690266927082
0 0.4941059483422173 0.8601086463457273 0.015122148725721572 0.01945269549334491
0 0.45208374659220374 0.8603725197874471 0.016619364420572918 0.02234254059968171
0 0.4104387362798054 0.7478561872317467 0.011005163192749023 0.015010033124758874
0 0.40464750925699877 0.8465486691321855 0.010798931121826172 0.015966721522955248
0 0.38009173839834104 0.47158896230940706 0.014120917120766734 0.02407920561182891
