0 0.2703908019595676 0.19276650157975564 0.024567445119222 0.03696793685724706
0 0.3781531916724311 0.31229813893636066 0.02039904064602322 0.02974124013641734
0 0.047524382670720414 0.2533395673021858 0.024501529004838728 0.03672618630491657
0 0.6225304073757596 0.6305030069233458 0.020261764526367188 0.030711232880015437
0 0.5399035347832574 0.6566849696783372 0.0199634763929579 0.025583997184847607
0 0.4393740097681682 0.6398305068781347 0.016425371170043945 0.020670384536554783
0 0.5401469336615669 0.7124653333499108 0.023196962144639753 0.025938293080271027
0 0.47470479541354715 0.6279696711787471 0.0185497072007921 0.026229387448157792
0 0.3675892088148329 0.6156883239746094 0.019755840301513672 0.028488253369743442
0 0.1979857352044847 0.142880098319348 0.016357276174757216 0.025849000907238618
0 0.5271265241834853 0.6913915328037592 0.015820291307237413 0.020058761408299576
0 0.5200649367438422 0.5532660543182749 0.019685109456380207 0.028907352023654513
0 0.20665609836578372 0.702344564743984 0.016059239705403645 0.0254328692400897
0 0.39209640026092524 0.6964803154085889 0.013532029257880319 0.022807556905864196
0 0.06455746789773306 0.64110040075985 0.02223153577910529 0.03296157460153839
0 0.3832974831263224 0.5908362070719401 0.01671878496805827 0.024311065673828125
0 0.46811736954583055 0.5769216042977793 0.01559983359442817 0.023411550639588156
0 0.5087614324357775 0.6834357226336445 0.021917078230116106 0.029222417760778358
0 0.4463496208190918 0.716541572853371 0.017341189914279513 0.02372572157118056
0 0.039388896690474615 0.11004164778156046 0.012424624628490873 0.01967800988091363
0 0.5039794709947374 0.3909701830075111 0.015876664055718318 0.022003974443600503
0 0.3712352381812202 0.6861313478446301 0.011535591549343534 0.021424234649281438
0 0.37847269905938047 0.656829810436861 0.01644579569498698 0.02183113569094811
0 0.35944353209601504 0.6978639437828533 0.019036134084065754 0.026547985312379438
0 0.593378119998508 0.350006068194354 0.021834903293185763 0.036836200290256076
0 0.5118860668606229 0.8031222496503665 0.012532234191894531 0.0243377685546875
0 0.4445409377415974 0.5832868505407263 0.015533314810858834 0.02172663182388117
0 0.4214913845062256 0.7614566897168571 0.01494651370578342 0.02488779138635706
0 0.5753108130560981 0.6611888320357713 0.019841829935709637 0.028713320508415317
0 0.37420521842108834 0.7512713302800685 0.017386595408121746 0.023748703944830248
0 0.4971284601423475 0.7046117900330344 0.016469054751925997 0.024752393180941357
0 0.4049841695361668 0.7176552760748217 0.0166930357615153 0.022563227900752315
0 0.4298416641023424 0.6856360729829764 0.010530922147962783 0.018165494188850308
0 0.25121259689331055 0.6052754249101803 0.01737833023071289 0.02536632396556713
0 0.21846520900726318 0.6229049305856964 0.013865974214341905 0.023033989800347224
0 0.422017256418864 0.738085311136128 0.013859748840332031 0.0181309735333478
0 0.3971550332175361 0.7486002415786556 0.014785952038235135 0.02693430582682292
0 0.4424412647883098 0.6672496795654297 0.015580786599053275 0.025822816071686922
0 0.3428454796473185 0.640339109632704 0.015168852276272245 0.025109138017819253
0 0.26376933521694607 0.6917046205497083 0.017557515038384333 0.025996031584563078
0 0.40721348921457934 0.688038178432135 0.017785522672865126 0.02606196462372203
0 0.4488241672515869 0.46399067066333916 0.011515564388699003 0.021664183816792054
0 0.39204936557345915 0.7709736765166859 0.013601885901557077 0.02236448688271605
0 0.4100061522589789 0.7362006858543113 0.011219554477267794 0.021243625217013888
0 0.542506217956543 0.6363438971248673 0.016316201951768663 0.02045435964325328
0 0.42632203631930876 0.5569847719168958 0.018313460879855685 0.023198869493272566
0 0.4153637488683064 0.8064223866403839 0.013707399368286133 0.024528032467689042
0 0.2613528437084622 0.6865038695158782 0.01564213964674208 0.01888986281406732
0 0.455560048421224 0.6115929874373072 0.020484500461154513 0.027703650203751932
0 0.47337728076510965 0.7779378302303361 0.011665238274468314 0.02000064614378376
0 0.14429040087593925 0.2846605512830946 0.019919408692253962 0.028836709481698496
0 0.341027471754286 0.5829172723087264 0.014833715226915147 0.025602882291063847
0 0.3622122075822618 0.7827829431604455 0.01333491007486979 0.02168047869646991
0 0.4955401950412326 0.8570456328215422 0.010877715216742623 0.0161770479178723
0 0.4199716912375556 0.6423545178071953 0.01593083805508084 0.021382743929639278
0 0.3638829125298394 0.5124483932683498 0.015887313418918185 0.01991827693986304
0 0.4172397719489203 0.5589541682490596 0.018953853183322482 0.02332136366102431
0 0.42186141014099116 0.6206515747823833 0.01286729176839193 0.01912830494068287
0 0.47037225299411356 0.7538715409643857 0.01772096421983507 0.019999186197916668
0 0.6032537089453803 0.8575527049877025 0.013497193654378258 0.018229731807002315
0 0.3626972436904908 0.8682961640534578 0.014143599404229056 0.018835468056761187
0 0.3889927599165175 0.876585171546465 0.013949818081325956 0.019438661175009645
0 0.1733120679855347 0.19636385529129594 0.012550301021999784 0.019837167527940538
0 0.33635629547966844 0.683386390591845 0.014320479498969186 0.025161648974006558
0 0.21349891689088607 0.7577654049720295 0.012582103411356606 0.01910588770736883
0 0.21873000595304698 0.6233642719410084 0.013036767641703285 0.022777086422767167
0 0.23095454110039604 0.29992241329616964 0.015392091539171007 0.017877955495575328
0 0.3185247315300836 0.6984362661102671 0.011762460072835289 0.024844699435763888
0 0.4498075644175211 0.8760078806936004 0.011621634165445961 0.02202436659071181
0 0.4413964483473036 0.7373481326633029 0.01054255167643229 0.013216136414327739
0 0.49219669236077196 0.8250512959044657 0.010635958777533639 0.016531673478491514
0 0.26660195986429847 0.6650165275291161 0.011769930521647133 0.01650723115897473
0 0.1158571756902525 0.47975842831760657 0.01760121372515183 0.030947188967299935
0 0.21759605942025095 0.39293437038157064 0.018761733311425565 0.03472962317441436
0 0.2807490299127239 0.8106444221156616 0.01760121372515183 0.0230384628978787
0 0.3250547762092664 0.6671585540381733 0.015017264153079494 0.022054339625778425
0 0.34039850262654325 0.6561313842252839 0.01479962264361454 0.02476276729911973
0 0.586326226498495 0.48093937113759255 0.011752641511105609 0.019345911952437334
