0 0.46712827682495117 0.670930415023992 0.013632562425401475 0.01868372787663966
0 0.49161685837639707 0.9128985463837046 0.013943619198269315 0.020134348928192516
0 0.4403191010157267 0.7067885222258391 0.011291318469577365 0.018496007095148533
0 0.40461692545149064 0.6849774019217785 0.011783361434936523 0.020596256962528935
0 0.4893733130560981 0.7016274252055603 0.008531358506944444 0.014100062994309414
0 0.4196263286802504 0.6605293839066116 0.008965730667114258 0.013533792377989969
0 0.4253201749589708 0.6336044264428409 0.021788862016465925 0.02954812697422357
0 0.3836194276809693 0.7265309698787735 0.010095251931084525 0.016290499840253665
0 0.5579325358072917 0.7355997062023775 0.010551876491970487 0.018269103250385804
0 0.5346705118815105 0.7215984721242645 0.011884159511990018 0.014745688732759452
0 0.5047686894734701 0.757663279403875 0.009211540222167969 0.01793552916726948
0 0.5179282559288874 0.7087642528392653 0.008724583519829644 0.018202228310667437
0 0.44451302952236593 0.7972023104443963 0.015503618452284072 0.018758891541280864
0 0.6146541701422796 0.8371632893880208 0.010452376471625436 0.018173782913773147
0 0.3661573463016087 0.7034547829333647 0.008746782938639322 0.020302902033299576
0 0.37249109480116105 0.7645826221984109 0.009560479058159722 0.01570181199062018
0 0.5303916842005534 0.736533478606781 0.010411668538098858 0.009103036526106797
0 0.40214665730794263 0.6617187688380112 0.010195732116699219 0.012664794921875
0 0.3924831019507515 0.7685426547203535 0.011699093712700736 0.01372184282467689
0 0.48311805725097656 0.7169336389612267 0.0079803466796875 0.01212226019965278
0 0.4822833273145888 0.7392154269748263 0.009831534491644965 0.01471568919994213
0 0.3966327243381076 0.7036723384150751 0.009597513410780165 0.01331122127580054
0 0.4119318326314291 0.7717603518639082 0.00805558098687066 0.01626031192732446
0 0.48816702110003213 0.6892711594260011 0.015470454760278897 0.01620041533496476
0 0.5264536254727009 0.7550699779227225 0.007563804676217955 0.014130497624874323
0 0.4739439019519402 0.7389871794516739 0.008350333295837018 0.013041434347807695
0 0.49790233486616414 0.7421781687069887 0.00913073827675639 0.01082161573541498
0 0.5314597490456964 0.7450916806357545 0.009130738276756319 0.009434229102669462
