0 0.27689721849229604 0.2193575847296067 0.026195844014485672 0.039760848622263215
0 0.3532614310582478 0.7169902471848475 0.02020886209275987 0.028589319299768517
0 0.4342580901251899 0.6344067373393494 0.02097490098741319 0.02478371137454186
0 0.45405681927998864 0.7157835077356408 0.017657226986355253 0.0232649909125434
0 0.4451462427775066 0.5850158738501279 0.01864041222466363 0.025682378698278358
0 0.490428712632921 0.7088986855966074 0.018416934543185763 0.021208256851007908
0 0.42005920410156244 0.7129417937478902 0.015173753102620445 0.02277661547248746
0 0.47267664803398973 0.7738637570981627 0.011235343085394967 0.02178700764973958
0 0.4046598805321588 0.7278553527078511 0.01741186777750651 0.03061751377435378
0 0.2489667468600803 0.2639033117412049 0.01842059029473199 0.02825416753321518
0 0.3767981926600139 0.7330800751109181 0.01170039176940918 0.02201673719618056
0 0.456370406680637 0.6390291614296996 0.014053238762749564 0.024718908616054205
0 0.4322696924209595 0.6937130822075739 0.012797647052341037 0.021943975377965858
0 0.5484445359971788 0.3575947608476804 0.01906617482503255 0.028092325469593938
0 0.5509289105733236 0.6631280404550058 0.012063026428222656 0.020309919192467208
0 0.49371017350090873 0.7801268777729553 0.017910692426893447 0.026094978238329472
0 0.5384376578860813 0.7524174584282768 0.013093895382351346 0.019245901225525656
0 0.2834224965837267 0.7062201794282891 0.013527340359157987 0.022276513370466818
0 0.4347454839282565 0.6140305789900415 0.010309033923678927 0.014477199978298612
0 0.4553131262461344 0.8241881853268471 0.011320273081461586 0.019043062940055942
0 0.4969714747534858 0.6662463199945143 0.013414647844102647 0.023974901364173417
0 0.4419029686186049 0.7293958546202859 0.011533180872599282 0.018060613561559608
0 0.49127589331732857 0.7426464175000602 0.009945657518174913 0.015160784309293017
0 0.10017855962117511 0.6358698856683425 0.015961289405822754 0.024346669514973954
0 0.38347207175360787 0.915753917929567 0.014098167419433594 0.023594703203366128
0 0.4557515780131022 0.7646526760525173 0.01897589365641276 0.029453795633198304
0 0.5554375383589003 0.7213114514762974 0.009135193294949003 0.015140015401957948
0 0.4424677557415433 0.8604728792920525 0.00985354847378201 0.016164332260320217
0 0.5372445318433973 0.72402165259844 0.01195176442464193 0.016222400429808062
0 0.5570952627393935 0.8618155114444686 0.012265629238552518 0.022454250006028166
0 0.5019553237491183 0.7235863532549069 0.007835123274061415 0.015168319513768326
0 0.4558760325113933 0.7657253830521195 0.01897430419921875 0.030763838026258684
0 0.09977801309691536 0.6356026213846089 0.01665766371621026 0.025775344283492475
0 0.48564391665988493 0.8479193228262442 0.013317320081922743 0.017692283347800927
0 0.5142528480953641 0.7240080185878424 0.015406131744384766 0.018667998137297453
0 0.3278583685557048 0.6977345737410181 0.011614693535698783 0.021996627619237076
0 0.4877981344858805 0.8261438063633295 0.010044256846110024 0.016325774016203703
0 0.6287824047936333 0.8601610631118587 0.015843868255615234 0.016624827443817516
0 0.3776620482538084 0.4748437762299125 0.013957791665197377 0.019644299380648177
0 0.4276774683874326 0.5030178371837369 0.013957791665197448 0.022229075614944093
0 0.4455608889584668 0.5278316890329767 0.010759131075256364 0.024296896602380685
0 0.3374586922387836 0.6358549536367716 0.0090144071171067 0.019644299380648107
0 0.3371679049124253 0.5880365933022991 0.010177556422539737 0.022229075614944024
0 0.32742652947942297 0.7183093155108082 0.01628409027606363 0.019127344133789137
