0 0.4573791556888157 0.7507685437614535 0.018745899200439453 0.023698500645013502
0 0.4635197056664361 0.72429445054796 0.008578353457980685 0.01779523307894483
0 0.3927772177590264 0.7916847982524353 0.011097722583346896 0.020458174340518904
0 0.401740140385098 0.8216867329161844 0.01223391956753201 0.01950977466724537
0 0.37756048308478457 0.6165206814989631 0.009884198506673178 0.01946738914207176
0 0.5430847212165097 0.3701021803845843 0.02461984069514841 0.039906669884946455
0 0.5850832729905865 0.40099766674712356 0.015930485155684265 0.037332046021401555
0 0.24797293506200233 0.6554358930330295 0.011538205107042216 0.022897523313200167
0 0.46850479341618184 0.8302737359713523 0.01931978529551266 0.024328618520275284
0 0.4549541106741903 0.8209716171253646 0.016368151430920436 0.018127205956283633
0 0.5244516716677705 0.8574645449057775 0.014221508620307901 0.018604237691975244
0 0.4290602317711769 0.8641429892054608 0.009123231945103285 0.019558301163358324
0 0.4744080611453662 0.7372525475114766 0.00697658913449061 0.013833920335058281
0 0.5193533949925658 0.7272348810619517 0.009391562296429895 0.011925793392291694
0 0.38263908099168115 0.7367755157757849 0.016636481782247046 0.02146642810612519
0 0.017645668647859932 0.6225753861398785 0.019003027774618386 0.024667069562820387
0 0.3437134944313913 0.8405572073852364 0.011763779098573367 0.016623459922770395
0 0.3863948980839072 0.9201889428217325 0.01870139241311641 0.036464363701560386
0 0.6610338947313682 0.8325135977451862 0.01779648632861097 0.027348272776170433
