0 0.4271766477160983 0.6383663695535542 0.02053719096713596 0.02773284912109375
0 0.40080919530656606 0.2709803051418728 0.019140693876478408 0.027337557003821854
0 0.5081145498487684 0.5909872172791281 0.014116393195258248 0.024818232030044365
0 0.553286181555854 0.6899389102135176 0.020606676737467453 0.027020301347897378
0 0.5096252759297689 0.7171650403811607 0.01611540052625868 0.022842171751422648
0 0.3859291341569689 0.654036510137864 0.019194814893934462 0.022833129506052277
0 0.34658610820770264 0.5846754945354697 0.017599291271633573 0.03014204237196181
0 0.2856455114152696 0.6363423194414304 0.015894942813449435 0.022155290768470292
0 0.3703639507293701 0.7470980750189888 0.013139724731445312 0.02368573789243345
0 0.40388996071285677 0.731064737578969 0.014874961641099717 0.018696066773967977
0 0.3829480542076959 0.7188604142930773 0.013185660044352211 0.02372671056676794
0 0.5277851157718234 0.7143201710265359 0.010536246829562716 0.016450528745298034
0 0.3908452192942301 0.5357597492359303 0.017406092749701604 0.026873223575544943
0 0.589064704047309 0.42097791035970056 0.015299479166666664 0.022036187442732443
0 0.3473098278045654 0.6851827833387587 0.011673291524251304 0.021221773124035493
0 0.501639207204183 0.7412759992811415 0.013862291971842446 0.020733633159119406
0 0.4165956974029541 0.6856312692901234 0.012564235263400607 0.018324581193335264
0 0.5287356111738417 0.7601895037992502 0.010653230879041884 0.01448186238606771
0 0.4893707699245877 0.7577821237069589 0.0152030520968967 0.02813654770085841
0 0.36278204123179125 0.6841075096601321 0.015196296903822158 0.026508755154079862
0 0.40976337591807055 0.17337852054172093 0.01829361915588379 0.0233835290979456
0 0.3865105575985378 0.5027965734034409 0.015624735090467665 0.022052199752242475
0 0.4597519503699409 0.7189250993139951 0.02233722474839952 0.027324723608699846
0 0.4958458741505941 0.6884266417703511 0.015135606129964195 0.02399981463396991
0 0.5202342139350042 0.7350726657443576 0.01142798529730903 0.019353324984326774
0 0.49541754192776144 0.6891869909969377 0.014522658454047311 0.023103878821855706
0 0.35129764344957143 0.473402988763503 0.017263624403211806 0.02166748046875
0 0.5031426747639973 0.7619996247468172 0.012762811448838975 0.019855923122829862
0 0.37994772858089865 0.8305992314844955 0.011763811111450195 0.023842988190827547
0 0.5488959418402778 0.7283492618136935 0.012199295891655814 0.020023251757209683
0 0.4557494587368436 0.8016269825122975 0.010693338182237413 0.02000144675925926
0 0.36523236168755424 0.703399564013069 0.012154367234971788 0.01952644630714699
0 0.33225198586781823 0.6766007270342037 0.01300851504007975 0.02457479783046393
0 0.34975657198164195 0.5982076621349947 0.01764347818162706 0.027425459873529127
0 0.49602248933580184 0.8607426867072965 0.011345227559407554 0.018759174111448687
0 0.46355064709981286 0.5008388801857276 0.016365210215250652 0.025041132797429592
0 0.5316512849595811 0.7399752817036194 0.010623931884765625 0.014778278492115162
0 0.5202420817481147 0.7322540754153405 0.010823514726426866 0.017904964494116514
0 0.36307856771681046 0.7786849928490909 0.00930627187093099 0.016460230321059994
0 0.48594795333014595 0.8290334630895544 0.009023189544677734 0.01394446102189429
0 0.460032304128011 0.8250829437632619 0.011603355407714844 0.017672691816165122
0 0.6459445423550076 0.7833856888759284 0.02466275956895616 0.02888013109748746
0 0.5868758625454372 0.8496186998155382 0.010458310445149742 0.015758749879436727
0 0.5706863403320312 0.8435262515221114 0.012534141540527344 0.01621528908058449
0 0.4318641689088609 0.7364484998914931 0.012219667434692383 0.016196262689284337
0 0.27299573686387807 0.8661561659824701 0.013495286305745445 0.0237192224573206
0 0.21575063357528054 0.41450918995922365 0.020131430286342466 0.028233709636154316
0 0.3552167089478862 0.4248482948964069 0.014539366317913931 0.02346181504976201
0 0.025499811696033752 0.5245107466209515 0.012526223289279735 0.020678209874366617
