0 0.47193638483683265 0.6276875248661749 0.01719930436876085 0.027422021936487267
0 0.4269930654101901 0.6858869481969763 0.01568823390536838 0.023475552782600308
0 0.4280151923497517 0.6419956772415726 0.015883684158325195 0.02566118593569155
0 0.40174428621927905 0.6822834014892578 0.019216537475585938 0.02406014336480035
0 0.27672361003028023 0.5957465230682749 0.0169321960873074 0.025637073281370562
0 0.3606438239415487 0.6173231807755836 0.014820655186971031 0.022787965374228395
0 0.4341700739330716 0.7363384152636115 0.011660390430026583 0.01954448370285976
0 0.3861859374576144 0.7308978563473548 0.014958116743299697 0.017684512668185763
0 0.48598366313510466 0.7460855319176192 0.010977374182807077 0.017957946400583527
0 0.4590339660644531 0.7207928174807702 0.012537956237792969 0.024476745982228973
0 0.3793328470653957 0.7549233613190828 0.014567719565497506 0.02290937635633681
0 0.5039586491054959 0.7506169684139299 0.012672318352593314 0.015864854977454667
0 0.3965958224402533 0.715163383954837 0.011125617557101779 0.014367185992959103
0 0.3996159368091159 0.6226112224437572 0.013514969083997939 0.020402460922429592
0 0.5109599696265327 0.7063552244209949 0.013993952009412978 0.015069608335141782
0 0.4438323842154609 0.7244450604474102 0.00941247410244412 0.014498392740885414
0 0.51400801870558 0.7263561766824606 0.010197692447238497 0.01683948658130787
0 0.16857210132810801 0.702710540206344 0.016821742057800293 0.025161319308810763
0 0.5363156265682644 0.7515689473093292 0.007810433705647785 0.01268641153971354
0 0.5225847827063667 0.7176194132110219 0.010390122731526695 0.014860977361231674
0 0.4743911955091688 0.7232459268452209 0.01142650180392795 0.016727965555073304
0 0.6145888699425591 0.8382448267053675 0.009011321597629122 0.016699614348234953
0 0.524724112616645 0.7467130496178145 0.008364359537760416 0.015746693552276234
0 0.4858291149139405 0.7233320871988933 0.010741392771402992 0.016387609787929205
0 0.16834532552295262 0.7023537718219522 0.017432014147440594 0.025838121955777393
0 0.5246682167053223 0.7468636124222369 0.007735358344184028 0.014676223566502701
0 0.4256356027391222 0.7381826330114294 0.009388658735487197 0.01348114013671875
0 0.4914389451344807 0.7214077608084973 0.01256206300523546 0.018804008578076774
0 0.4103630118899876 0.74726316663954 0.011209646860758461 0.014122574417679399
0 0.4858575132158067 0.7224559077510128 0.012261443667941622 0.018177644706066743
0 0.5492947631412082 0.7302700089819638 0.010756757524278428 0.012943503297405479
0 0.30561759736802846 0.7812262641059029 0.013534969753689237 0.023326355733989196
0 0.5521169503529867 0.7524486117892795 0.011939207712809242 0.015415332935474537
0 0.38842336336771643 0.7911459604899089 0.014866034189860024 0.021274001510054975
0 0.4272732867134942 0.8369304044747059 0.008106470108032227 0.016117143042293596
