0 0.47190864880879724 0.7164356561354649 0.014757209353976779 0.023804652838059416
0 0.3921485874387953 0.7164821624755859 0.014073080486721463 0.02299089784975405
0 0.44115869204203284 0.6755202493549866 0.02526288562350803 0.03380085509500386
0 0.420238733291626 0.7917783760730132 0.014942116207546659 0.025945781189718364
0 0.37840631273057723 0.7902784229796609 0.00950765609741211 0.021252808747468172
0 0.4081646733813815 0.6910813884970582 0.009794526629977755 0.022772706585165895
0 0.41284227371215826 0.7299589698697314 0.010381857554117836 0.018038102138189623
0 0.38165789180331755 0.6615690066490645 0.012451118893093534 0.02053258448471258
0 0.3710398112787407 0.879592518899835 0.011778007938840176 0.025924080965912852
0 0.38683729811734396 0.8282428969865845 0.011964960445805915 0.01960924073062628
0 0.49523719095218566 0.7110842464944934 0.008599815320422905 0.01827980068109241
0 0.5106607727768574 0.7074282863582749 0.008412862813457309 0.01894452070585956
0 0.5280473559246691 0.7130784065687945 0.010656292897045816 0.022268120829694312
0 0.5173910630276232 0.6951309659000856 0.0076650527855943555 0.01827980068109241
0 0.44083401142516193 0.757116108209608 0.007478100278628616 0.015288560569641022
0 0.4481251591968249 0.7574484682219914 0.005608575208971587 0.013959120520106864
0 0.4350384837092246 0.7351803473922971 0.008973720334354453 0.016618000619174893
0 0.44148834519954194 0.7250433670146004 0.00841286281345738 0.013626760507723362
0 0.45092944680131064 0.725209547020792 0.009347625348285789 0.011964960445805986
0 0.4218583319681416 0.7119151465254522 0.014021438022428754 0.01528856056964088
0 0.6221605802212881 0.18309641256914058 0.02131792966299244 0.029944526714546102
