0 0.04595768101761253 0.21281800391389433 0.020364481409001954 0.03424657534246574
0 0.17474926614481412 0.187866927592955 0.029170743639921712 0.046966731898238766
0 0.46145963583109956 0.49731425541658636 0.024625859521373316 0.032963242025995286
0 0.4485548220554864 0.7326656497878612 0.012347954188537428 0.015732208299469905
0 0.46666515486534116 0.7332144477517963 0.00905516640492749 0.014634612371599758
0 0.4879653758405682 0.7328485824425063 0.01214215495206183 0.013902881753019757
0 0.48137980027334826 0.7436416090665611 0.008437768695500551 0.009878363350830028
0 0.5125583845994052 0.663151241022762 0.019345128228708576 0.02597643695958979
0 0.4641955640276337 0.651626483780127 0.02057992364756231 0.023415379794559855
0 0.4930074571342209 0.5940026975669527 0.02057992364756224 0.017195669536629835
0 0.4888914724047085 0.6079055793199725 0.02057992364756224 0.017195669536629765
0 0.48601028309404976 0.5683921259166529 0.0172871358639523 0.019390861392369844
0 0.35069728511132764 0.5687579912259428 0.016258139681574236 0.02451297572242986
0 0.29924747599242196 0.5961978894226925 0.02078572288403791 0.020122592010949916
0 0.2720819767776397 0.6461385041407772 0.014611745789769266 0.022683649175979852
0 0.2529426477854067 0.5952832261494677 0.014200147316817997 0.024147110413139786
0 0.2346265157390763 0.5991248118970125 0.014200147316817962 0.020854322629529777
0 0.30964033743444086 0.7798622746862708 0.02140312059346478 0.04061104933118969
0 0.35594516564145606 0.7132747883954914 0.021814719066415977 0.02597643695958965
0 0.327030372916631 0.6929692637298968 0.013376950370915495 0.024147110413139928
0 0.34627260152710176 0.6841884963069367 0.01440594655329363 0.02195191855739978
0 0.3530639763307973 0.6280281713309224 0.02140312059346478 0.024512975722429716
0 0.3708656102859387 0.6563827328008969 0.017492935100428042 0.02195191855739978
0 0.3851686572209945 0.6527240797079971 0.013582749607391023 0.027805763506039794
0 0.40708627590564833 0.6631512410227619 0.014611745789769301 0.022317783866689922
0 0.41933133047594795 0.6988231086785365 0.016875537391001103 0.023415379794559925
0 0.3700424133400362 0.763947133732156 0.008026170222549282 0.02268364917597978
0 0.4246821106243141 0.7310192558960563 0.007820370986073683 0.012439420515859894
0 0.3885643446228423 0.757544490819581 0.01214215495206183 0.017195669536629907
0 0.4124370560540146 0.744190407030496 0.012142154952061758 0.02122018793881992
0 0.17447407045009786 0.648238747553816 0.014310176125244638 0.026418786692759325
0 0.45800620282251286 0.8750479831355515 0.011858912275372476 0.015548351649932783
0 0.49958651398803766 0.8472454221344006 0.013193039906351985 0.015284820266035837
0 0.4872087743006176 0.8443465769115316 0.014230694730446984 0.017393071337212972
