0 0.5385325749715169 0.44641374658655236 0.01658736334906684 0.028737244782624422
0 0.39226614104376895 0.6070645414752724 0.01953013737996419 0.02578457490897473
0 0.3730230066511366 0.2965197504302602 0.02497010760837131 0.029217967280635127
0 0.2776718537012736 0.2308583907139154 0.021351416905721024 0.031922469904393326
0 0.25845400492350257 0.14964275006894712 0.018567138248019747 0.025588836198971596
0 0.1846354736222161 0.6293471065568335 0.02029120922088623 0.026816379876784334
0 0.23472889264424646 0.2706035684656214 0.017306751675075956 0.02686684219925492
0 0.34440573056538903 0.5827565369782625 0.029493066999647356 0.041545208589530286
0 0.5120503372616239 0.6148464532546055 0.01663562986585829 0.02216706452546296
0 0.48423971070183647 0.6779737590271749 0.019280804528130427 0.022897979359567902
0 0.43766183323330343 0.9332735038097995 0.014767487843831383 0.023592536832079472
0 0.24228155612945554 0.15574821425072938 0.02019100719028049 0.03011825938283661
0 0.4922046131557889 0.5949734110891083 0.018034405178493924 0.025422696714048034
0 0.5194987456003826 0.6837034578676576 0.015453497568766274 0.024236090389298807
0 0.5673052469889324 0.5820128358440635 0.01640499962700738 0.024488378454137733
0 0.4477672841813829 0.5738923108136212 0.019041644202338323 0.021239339569468562
0 0.1256146166059706 0.7055213363082321 0.019271824094984267 0.03066253662109375
0 0.5922636455959744 0.584585072081766 0.015275955200195312 0.023904211727189432
0 0.4561603334214952 0.7291819725507571 0.014847437540690102 0.01927966836058063
0 0.22291991445753312 0.6249569080494068 0.019109461042616103 0.02555988453052662
0 0.4026925298902724 0.7167171666651596 0.01546621322631836 0.02484333367995274
0 0.5927732785542805 0.6440644205352406 0.01819928487141927 0.027784041416497877
0 0.3589037789238824 0.7686391524326655 0.011996693081325956 0.01946969679844232
0 0.3975083298153348 0.7533393200532891 0.009976281060112847 0.015589490348910108
0 0.24403495258755153 0.678163363609785 0.016948805914984807 0.024001227484809026
0 0.5026876396603055 0.7365656487735701 0.017931143442789715 0.02931613686644001
0 0.4826220936245388 0.6511668452510126 0.012176513671875 0.02215086383584105
0 0.47857771979437935 0.7090688399326653 0.011680814954969618 0.021063109974802277
0 0.5130649672614204 0.6532422524911387 0.017521646287706163 0.024116374828197337
0 0.49028611183166504 0.7144860397150488 0.018249034881591797 0.023056454128689237
0 0.3985642857021756 0.6945000636724779 0.014569706386990018 0.022445396140769677
0 0.3769098652733697 0.645668571377978 0.017605940500895183 0.0239527667010272
0 0.26707967122395837 0.5966189584614319 0.017953342861599393 0.022299731219256366
0 0.48536491394042974 0.1453048034950539 0.017390145195855036 0.024422386546193817
0 0.23960555924309626 0.6294520813741802 0.011836157904730905 0.022957884235146605
0 0.3783823516633775 0.7368738621841243 0.02049485842386882 0.026927524142795138
0 0.37692199812995064 0.7165224758195288 0.013894663916693795 0.020400765501422648
0 0.4493474165598552 0.42275676020869496 0.012115955352783203 0.025989014425395446
0 0.38647650347815615 0.7073968251546223 0.014988501866658531 0.02711199536735629
0 0.44997688134511316 0.8131284360532408 0.012703551186455619 0.021923300660686727
0 0.4470299879709879 0.5920968703281733 0.017413404252794053 0.018419901529947918
0 0.29947376251220703 0.5848463317494335 0.016883691151936848 0.023026124930676118
0 0.4587427245246039 0.644502215915256 0.027665456136067704 0.024901448944468562
0 0.26296823554568816 0.6695790702914013 0.01483374171786838 0.020394878622926313
0 0.3848393360773723 0.6323230178267867 0.014275312423706055 0.01939528665424865
0 0.4368299245834351 0.743695694723247 0.010192314783732094 0.014207957703390239
0 0.41023412015702987 0.8189851737316743 0.01747727394104004 0.020467875916280864
0 0.46877945793999565 0.7105372864523052 0.009983274671766493 0.018805515618971837
0 0.33069070180257154 0.6795373139558015 0.01409769058227539 0.02968785792221258
0 0.40895087189144563 0.7447987544683763 0.008835130267673068 0.012841825132016782
0 0.3501028484768337 0.753922568427192 0.014112472534179688 0.023161287660951966
0 0.029813896450731493 0.3066311353518639 0.018568500876426697 0.02888851401246624
0 0.2992497285207113 0.6729694178074965 0.01444334454006619 0.018366260293089312
0 0.45862486627366805 0.6466331010983315 0.02672179539998372 0.026585425859616128
0 0.49470890892876523 0.7137716552357616 0.014302889506022133 0.021439493438343938
0 0.46689279874165857 0.7423075452262973 0.01552491717868381 0.018663100254388502
0 0.30860523382822674 0.6894605424669054 0.014447397655910917 0.022087426833164545
0 0.49518093661305584 0.26584673604541154 0.02607615894039732 0.0359508041627247
0 0.5619678334910123 0.206717123935667 0.015964995269631004 0.027436140018921477
0 0.22474853826667418 0.7353577823170974 0.016444179916379083 0.030626197516219377
0 0.44310290145660475 0.6099318563579738 0.011463522860451292 0.01704475318240817
0 0.41902950344965717 0.7431403078596213 0.009170818288360963 0.020379596196357853
0 0.3336684011352885 0.1513718070009461 0.022350993377483447 0.030274361400189225
0 0.4938505203405866 0.21333964049195836 0.01809366130558189 0.029328287606433287
0 0.38715113528855255 0.1357615894039735 0.02181882686849569 0.02365184484389783
