0 0.48361897468566895 0.6615641558611834 0.017482280731201172 0.026988182538821372
0 0.44752426942189527 0.7130830552842882 0.016011476516723633 0.019033738124517748
0 0.4007642931408353 0.7629691700876495 0.011937909656100802 0.016483730740017362
0 0.5127483473883735 0.6269797336908034 0.01567056443956163 0.026569319360050154
0 0.42736568715837264 0.6693424413233627 0.023201968934800886 0.02722285706319927
0 0.49488462342156303 0.7461578698805821 0.016544818878173828 0.01798130553445698
0 0.4070993661880493 0.7336062207634066 0.014634794659084745 0.019883803379388502
0 0.3755504422717625 0.7388736348093292 0.013399521509806313 0.024361268973644868
0 0.42773502402835417 0.7301428524064428 0.014083570904201932 0.023227079415027007
0 0.42812161975436747 0.7754281361897788 0.015039602915445961 0.02590871740270544
0 0.46904420852661133 0.6816988815495998 0.01810932159423828 0.02801259358723958
0 0.4760060045454237 0.7155952689088422 0.013730102115207247 0.016714731852213543
0 0.2147323356734382 0.8355048379780332 0.016092658042907715 0.0245998994803723
0 0.4522372351752387 0.7352193667564861 0.013365003797743056 0.015574325749903549
0 0.5049084292517768 0.7065546012219087 0.00928799311319987 0.014549820511429399
0 0.4689009984334309 0.6823602841224199 0.017620192633734807 0.027730776939863044
0 0.5243697961171468 0.6569778772048009 0.02106332778930664 0.03173126409083237
0 0.5241845978630914 0.6563003681324147 0.019535276624891493 0.02613119431483893
0 0.39259465911346025 0.5251535893211334 0.04421454413316646 0.054209402768633126
0 0.5515383220749291 0.6010467531972198 0.023631911519451095 0.031170406591964052
0 0.5793629920897666 0.700317722017279 0.016771033981545926 0.03320325919578792
0 0.2637626253461306 0.6122274425182503 0.0190579931608476 0.03726896440343523
0 0.1484617667230027 0.6660980365195794 0.015627554391895036 0.02845993645353232
0 0.06231963763597161 0.0741991200395666 0.019439153024064543 0.03184802412657196
0 0.5906072080546667 0.35879848457489044 0.0133405952125932 0.02778231891892446
0 0.4047917747364027 0.7160782529992841 0.01600871425511201 0.024394231245884867
0 0.4501497984592199 0.8397434530652282 0.008385516990772928 0.015585203295982097
0 0.4364280433834097 0.8394046442979243 0.012197115622942576 0.020328526038237697
0 0.4044106148731858 0.8350001303229729 0.012197115622942433 0.018295673434413687
0 0.3895453802077246 0.8387270267633165 0.0099101564436409 0.013552350692158228
0 0.4004084363094077 0.8516017599208667 0.008004357127556077 0.014907585761374093
0 0.4112714924110909 0.8526181862227784 0.008385516990772857 0.01422996822676609
0 0.4030765553519265 0.8756571823994477 0.014102914939027045 0.022361378642061
