0 0.5698632929060194 0.46061598224404415 0.027369552188449435 0.04413501127266589
0 0.3523209757275052 0.641910082028236 0.019495990541246202 0.027983017909673998
0 0.18796965148713857 0.1941145967554163 0.019442439079284668 0.03057384490966797
0 0.5611669222513835 0.6490240450258608 0.02049509684244792 0.028850084469642167
0 0.44659063551161027 0.6683118137312524 0.022407213846842453 0.0269423590766059
0 0.17007431719038224 0.2547314844013732 0.024548901451958552 0.031581101594147856
0 0.39470922946929926 0.6904307000431014 0.020561297734578446 0.026140142370153358
0 0.3673698239856297 0.7159373436445071 0.017909076478746202 0.02985212537977431
0 0.17103091875712073 0.28010581452169536 0.017307890786064997 0.019278891292619116
0 0.4947049352857802 0.584432484191141 0.01963753170437283 0.026331677848910107
0 0.47119376394483775 0.7187095689184873 0.015997197892930772 0.028432634141710066
0 0.22896626260545516 0.6863729688856337 0.013251039716932509 0.022024084020543983
0 0.3907780249913534 0.7273261223310306 0.013760063383314345 0.023207346598307296
0 0.4971607261233859 0.7398595692198954 0.018277963002522785 0.023292682788990163
0 0.43226268556382924 0.7675120506757571 0.01449320051405165 0.02459528416763117
0 0.18562784459855824 0.6204456046775535 0.020625061459011503 0.028190377317828898
0 0.3657706975936889 0.7803466467209804 0.0171204408009847 0.025817070478274497
0 0.4348167445924547 0.7387206230634524 0.015197515487670898 0.02106734852731964
0 0.3666212293836806 0.68091771632065 0.014706134796142578 0.02415946677879051
0 0.3017228576872084 0.62941391085401 0.014853239059448242 0.02313877623758198
0 0.16898397604624432 0.73748129385489 0.013896968629625108 0.023490058051215276
0 0.4494157367282444 0.570153318805459 0.015583780076768663 0.025525599350163967
0 0.46995038456386984 0.778987013263467 0.01916180716620551 0.030074272626711997
0 0.19271276394526166 0.69175308133349 0.013533631960550942 0.018600699342327352
0 0.38177972369723856 0.5619646943645712 0.020938767327202693 0.02741952590000482
0 0.2727410528394911 0.6132821212580175 0.019778834448920354 0.026139765609929592
0 0.5022870434655083 0.7683227209397304 0.013908757103814017 0.017432177508318866
0 0.34814529948764383 0.7170457486753111 0.013079908159044053 0.020643870035807296
0 0.5389939414130317 0.5856912871937693 0.013291994730631508 0.022065433455102236
0 0.15474667814042833 0.6888868543836807 0.01681693394978841 0.027649396731529708
0 0.4626724984910753 0.7983283996582031 0.013620376586914062 0.021735203118971834
0 0.46414499812655974 0.6112292960838035 0.026152451833089188 0.03150775108808353
0 0.5355834431118436 0.7214337337164232 0.012855423821343314 0.01687758645893615
0 0.38197998205820727 0.5623336839087215 0.020110262764824763 0.02779129405080536
0 0.4741467105017768 0.6428205937515069 0.016825622982449003 0.027493653474030672
0 0.39780098862118196 0.8606159539870274 0.011930386225382485 0.019443464867862654
0 0.4904719988505045 0.8641318803952065 0.01410261789957682 0.016658830054012346
0 0.5082910060882568 0.8374095963843073 0.011227448781331383 0.017178947542920524
0 0.38411221239301896 0.868726235848886 0.014594157536824547 0.020672550907841435
0 0.5191538598802354 0.8231036339277102 0.014183468288845487 0.018928433641975308
0 0.27690895398457843 0.7126836188045549 0.01575258043077257 0.020163029800226658
0 0.5834292835659451 0.8575466297290945 0.009014341566297743 0.012626082808883101
0 0.170043150583903 0.255693989035524 0.025839593675401472 0.03105208314495322
0 0.34032048249763475 0.44654683065279094 0.01223982970671706 0.01892147587511829
0 0.33514582198225457 0.5489399247004964 0.012610771949511844 0.025511446702460673
0 0.33840722852092137 0.5943580305723014 0.011741063539200666 0.02357876134621371
0 0.3324279832000322 0.4733719272712376 0.014132761667556438 0.018940316491220913
0 0.2636123052341615 0.44959989738939926 0.01826387661653438 0.022419150132465548
0 0.21210013856463447 0.3318420756676142 0.017611595308801034 0.028990280343705415
0 0.15230768535574216 0.4899357378086211 0.012828199052089637 0.018940316491220913
0 0.28972161418490566 0.3962004980306402 0.01630703269333427 0.027830669129957214
0 0.3483182183296201 0.7943622780953166 0.012610771949511844 0.025511446702460746
0 0.3192940134508775 0.9196149410638808 0.010020975252509423 0.02520180226105353
