0 0.31451830599043107 0.6567087291199484 0.015773640738593206 0.025791074022834683
0 0.4032528930240207 0.6242586065221716 0.020928806728786893 0.026447201952522183
0 0.37122670809427905 0.49527615676691505 0.015551779005262587 0.02413106847692419
0 0.4458950493070814 0.7454103775966314 0.012655761506822374 0.022015183060257525
0 0.37178577317131883 0.5994003908133801 0.014443980322943795 0.024111571135344328
0 0.49036457803514266 0.6788325604097344 0.017868094974093966 0.027664420045452352
0 0.48042726516723633 0.7396758750632958 0.0106250974867079 0.017689363456066743
0 0.5194772614373101 0.5856280621187187 0.014870431688096788 0.025201538462697723
0 0.5164376894632976 0.7313053225293571 0.018377939860026043 0.02251504968713831
0 0.48063651720682776 0.7394863175757136 0.011639224158393014 0.018598768446180556
0 0.40226029025183785 0.7490324561978564 0.009357319937811958 0.014047928798345872
0 0.49361213048299146 0.73034029831121 0.00831233130560981 0.015546680968484761
0 0.4448373979992337 0.7035629131175853 0.01085262828403049 0.02083111986701871
0 0.36320553885565865 0.5245654259198977 0.013671133253309462 0.026153658643180942
0 0.4506743881437514 0.6663686493296681 0.01279902458190918 0.021201616452064042
0 0.45806760258144796 0.7125754179777921 0.010126696692572702 0.015700257854697145
0 0.44393210940890837 0.6157143675250771 0.01864677005343967 0.02482190544222608
0 0.5257393519083658 0.6502460432641302 0.01250871022542318 0.022897602599344136
0 0.5093792279561361 0.5005456429940682 0.017564773559570312 0.025087615590036652
0 0.37179638279808896 0.5988976513897931 0.01250237888760037 0.022195462827329284
0 0.5222722159491644 0.5273960254810475 0.016399489508734807 0.028513496304735722
0 0.4515566428502401 0.6657412022720147 0.014847834904988609 0.02371027440200617
0 0.42763050397237135 0.7794822174825786 0.01462554931640625 0.023830508008415317
0 0.4525706010137581 0.6327138144661677 0.0753077480086894 0.07852602783812046
0 0.42348603099156223 0.8305445349782553 0.013687300169604767 0.01792956279527175
0 0.4514009194953614 0.8230205220195254 0.011526147511246023 0.013127001332252348
0 0.4636474512260602 0.8241411196942298 0.01224653173069889 0.018569904323674252
0 0.4086281064653467 0.7882819941036863 0.018189701541185245 0.018569904323674252
0 0.26588912477210846 0.8981303652320992 0.016606794314362076 0.01858867511731077
0 0.4202708052500671 0.8631399179524554 0.010456129753487246 0.0174952236398218
