0 0.3755817810694376 0.6980314843448592 0.02106552653842502 0.03161404456621335
0 0.45930989583333337 0.720397996313778 0.01132551829020182 0.016762627495659724
0 0.5048356321122911 0.7165739271375868 0.007697158389621312 0.014849627459490741
0 0.3610724608103434 0.7517080660219545 0.014653152889675565 0.020988040500217013
0 0.4792375034756131 0.8085668116440009 0.011699146694607206 0.018139686113522378
0 0.4344113402896457 0.7713324464397666 0.01283211178249783 0.024078369140625
0 0.4684929264527227 0.8307448233786404 0.010205426925095722 0.02110510057978985
0 0.47307495486807194 0.7080020015856519 0.009372330849577679 0.014810596898098254
0 0.4927568496521852 0.723553128328655 0.009580604868457243 0.016291656587907967
0 0.44985240176300706 0.725959850324596 0.011246797019493328 0.02110510057978985
0 0.40884189906046925 0.8351325325915103 0.012079893095011372 0.01221874244093101
0 0.4099874061643065 0.8469810101099888 0.013121263189408837 0.014440331975645506
0 0.39561649886162065 0.8406865064282971 0.016453647491481007 0.018883511045075067
0 0.3799959474456578 0.8264313069138777 0.013121263189408837 0.023696955036957092
0 0.36604158818073096 0.8412419038119756 0.008955782811818693 0.01777271627771782
