0 0.05834148727984346 0.14090019569471626 0.024217221135029367 0.039138943248532294
0 0.17640044031311156 0.15508806262230923 0.03137230919765166 0.030332681017612533
0 0.19291218199608615 0.20107632093933464 0.018162915851272034 0.030332681017612516
0 0.05393835616438356 0.26320939334637966 0.020914872798434434 0.029354207436399236
0 0.6186399217221136 0.33072407045009783 0.031922700587084095 0.0430528375733855
0 0.5071856653620352 0.45254403131115467 0.020364481409001982 0.032289628180039144
0 0.3894019080234834 0.46037181996086113 0.020364481409001912 0.024461839530332697
0 0.3621575342465754 0.4863013698630138 0.017612524461839526 0.029354207436399306
0 0.225660469667319 0.8346379647749512 0.019814090019569477 0.025440313111545976
0 0.41729011950233824 0.8285281631765825 0.017683880873763158 0.019879918367890353
0 0.4501873390689711 0.8467899486540634 0.013262910655322386 0.01571900522112287
0 0.42652214554672924 0.8754540169984637 0.01274279651197638 0.019417594684916252
0 0.48737550031820814 0.855342936789086 0.011702568225284437 0.01895527100194215
0 0.6011219211721093 0.5762864708273391 0.014303138942014258 0.019879918367890426
0 0.4983993778612794 0.6373131969799333 0.025225535952279755 0.023578507831684234
0 0.4508089337451229 0.5698139392657002 0.017423823802090014 0.0217292130997874
0 0.4536695615335258 0.592467799731436 0.010662339938592495 0.019879918367890638
0 0.37604252563913904 0.6292225325278848 0.022885022307222797 0.026814773612503517
0 0.38969552190197093 0.6428610811756238 0.015343367228706271 0.018030623635993805
0 0.3839742663251651 0.6627409995435142 0.018464052088782025 0.017105976270045318
0 0.4500287625301038 0.6999580560229373 0.020024394518819974 0.0314380104422456
0 0.42389302682696867 0.7385620835512828 0.008321826293535537 0.02265386046573582
0 0.44040665087820335 0.7619094295414799 0.0153433672287062 0.03143801044224546
0 0.3955468060146131 0.6930232007783244 0.0187241091604551 0.023116184148710063
0 0.40854965959826245 0.6969529520836051 0.02028445159049298 0.020804565733838983
0 0.35315750333191626 0.7214561072812375 0.015603424300379204 0.02172921309978747
0 0.36446998594969116 0.7422606730150764 0.013783024798668251 0.020804565733838983
0 0.3670705566664211 0.7552057361383541 0.02054450866216591 0.015256681538148485
0 0.38891535068695193 0.7894176886784448 0.013262910655322315 0.019879918367890638
0 0.34353539168001573 0.7669949900541961 0.013522967726995247 0.02311618414870992
