0 0.6246942270058709 0.607632093933464 0.020914872798434417 0.03522504892367905
0 0.44003791585127205 0.6120352250489237 0.023666829745596873 0.028375733855185884
0 0.3457226214261948 0.6315939863889313 0.019587683933495442 0.026987475641704818
0 0.3424171997624174 0.4881686118092256 0.011997456409265866 0.01784655647274029
0 0.4174625138326219 0.6548815661765315 0.02497429701520666 0.03525783108029188
0 0.4473337318312025 0.6842630920767746 0.015180455048459081 0.0191524020683066
0 0.4800206793952229 0.6975391889650325 0.022770682572688442 0.024811066315760827
0 0.4906714825340612 0.7090741583925354 0.011262918261759935 0.022634656989816905
0 0.45957603428963706 0.7079859537295634 0.011752610360097364 0.022199375124628204
0 0.557024761858777 0.6350762413104415 0.015180455048459081 0.020893529529061823
0 0.5194408933113827 0.7051566216058365 0.011507764310928507 0.01654071087717412
0 0.3588218850567199 0.6659812537388454 0.017384069490977153 0.025246348180949667
0 0.326379783541868 0.6446524423445947 0.01028353406508522 0.021764093259439364
0 0.35233346475374944 0.7140798998422064 0.018608299736820655 0.02916388496764853
0 0.4175849368572062 0.7169092319659336 0.02326037467102587 0.02524634818094981
0 0.41782978290637485 0.7456378350683938 0.011018072212591292 0.02089352952906168
0 0.3971402917516204 0.7495553718550927 0.015670147146796366 0.02611691191132735
0 0.4075462488412897 0.7558669589003303 0.014445916900952937 0.022199375124628204
0 0.37840956899021533 0.7478142443943375 0.016894377392639867 0.020893529529061823
0 0.38012349133439616 0.7828544345420351 0.01640468529430251 0.01697599274236296
0 0.5024240928941585 0.7491200899899039 0.02791244960523109 0.03046973056321505
0 0.48724363784569946 0.7645725962041058 0.016159839245133797 0.02742275750689359
0 0.4568827277487815 0.743026143877261 0.010773226163422436 0.025246348180949667
0 0.42835816302062873 0.8120183195096837 0.009548995917579078 0.019587683933495584
0 0.38673433466195095 0.877310599288002 0.011997456409266007 0.016975992742362677
0 0.3700848033184798 0.8718695759731422 0.009548995917579078 0.01915240206830674
0 0.40118025156290377 0.8707813713101702 0.009548995917579078 0.016975992742362677
0 0.3574752317862921 0.8427056910054935 0.013221686655109437 0.014799583416418755
0 0.3725332638101666 0.8422704091403045 0.009548995917579007 0.013058455955663675
0 0.4492925002245519 0.8731754215687085 0.008814457770072934 0.01654071087717398
0 0.41391224611967586 0.8592464018826675 0.014445916900952866 0.020022965798684282
0 0.39089671749781874 0.8355235402298783 0.013956224802615508 0.013493737820852374
0 0.4501494613966424 0.7249619464719262 0.013956224802615508 0.016105429011985136
0 0.4452525404132686 0.7597844956870294 0.007100535425892076 0.022199375124628204
