0 0.37592968675825333 0.6542478019808545 0.020515786276923284 0.03547188087745949
0 0.48128300242953825 0.7081419862346884 0.011257224612765841 0.022378144440827547
0 0.4636548625098334 0.8161014038839457 0.01713758044772678 0.019866660789207177
0 0.5047489007314047 0.7078429799021027 0.011186758677164711 0.015522238648967979
0 0.5062792162441246 0.8382533500341108 0.014996422282112575 0.023613414133104554
0 0.4735013218275068 0.8432045497716971 0.009426322577328037 0.015234460731034858
0 0.4735013218275068 0.8607241796123876 0.01371101465793153 0.018281352877242227
0 0.40880247141039205 0.8523452262103183 0.010283260993448593 0.02132824502344917
0 0.4165149171554786 0.8519643646920423 0.006855507328965799 0.0144727376944833
0 0.41801455938368987 0.8192102741203169 0.011568668617629712 0.023613414133104554
0 0.5379859376405914 0.5750780409054791 0.014996422282112646 0.030468921462070142
0 0.39916191422903397 0.6973345882720359 0.011568668617629854 0.0266603062793115
0 0.4546486766728509 0.7228523099965196 0.010283260993448735 0.016757906804138686
0 0.4372956737464062 0.8275892275223862 0.014139483865991948 0.015996183767587126
0 0.4257901013919087 0.8263423602395443 0.0042715431570150035 0.017921496623210232
