0 0.35807343324025465 0.6496524104365595 0.016216145621405706 0.024602725182050544
0 0.43846027056376147 0.20926781053896304 0.028658284081353083 0.04166305212326991
0 0.37858500745561385 0.6495045085012177 0.021192842059665255 0.02653084272219811
0 0.43584349420335555 0.6935871501027802 0.016969786749945745 0.024950427773558062
0 0.2578717072804769 0.7131597966323665 0.01607047186957465 0.02713949886369117
0 0.4613468382093642 0.8060500062542197 0.012365659077962242 0.023863521623022764
0 0.47967489560445153 0.804438367302035 0.017375787099202473 0.02651751482928241
0 0.3858370648490058 0.7170354348641854 0.011324432161119249 0.019766678044825424
0 0.406598620944553 0.7154483088740596 0.012270132700602211 0.020913206500771605
0 0.413503368695577 0.954358748447748 0.013450278176201712 0.023867854365596065
0 0.36028359995947945 0.7417075310224368 0.01845526695251465 0.02337641774872203
0 0.4133735630247328 0.17344239906028466 0.01454843415154351 0.022969316553186486
0 0.39280709955427384 0.7499866956545983 0.010116073820326064 0.019212086995442707
0 0.4214142560958863 0.5903504218584226 0.013129631678263344 0.021658579508463546
0 0.42333057191636825 0.7248382332884237 0.010904577043321397 0.02000375441562982
0 0.2515815628899468 0.8401897100754725 0.01422384050157335 0.022628972559799385
0 0.4259417454401653 0.798982172836492 0.02357316017150879 0.029305446295090666
0 0.48614186710781526 0.7064986994237076 0.010461966196695961 0.01735969826027199
0 0.46079023679097486 0.4336245736958068 0.019751177893744573 0.028032797354239004
0 0.4179869890213012 0.6442284289701484 0.018541415532430012 0.025381488564573687
0 0.5018156899346246 0.7247658246829186 0.00847233666314019 0.013962828082802853
0 0.5475572745005289 0.728485107421875 0.012219693925645616 0.016824416172357252
0 0.5302439000871447 0.7417099093213493 0.007846249474419488 0.012700681333188657
0 0.4400736225975885 0.8228788964542342 0.009570068783230253 0.01994304892457562
0 0.5204887390136719 0.7509096404652535 0.008020401000976562 0.013285695770640432
0 0.4055612749523587 0.7794710324134355 0.01463097996181912 0.021762235665027007
0 0.3931799994574653 0.5010516319745852 0.014988634321424697 0.021083596311969523
0 0.5382579697502984 0.7720626783959659 0.01380973392062717 0.018515080581476658
0 0.5987131065792507 0.8363637100031347 0.009621461232503256 0.012685516734182098
0 0.3663995530870226 0.828394995795356 0.011238786909315322 0.017383057394145446
0 0.5139334466722276 0.72503662109375 0.010810110304090712 0.013974601839795524
0 0.5187654230329726 0.7100527021620009 0.009794288211398654 0.013838732684100116
0 0.5007492701212565 0.8593216884283372 0.011718326144748263 0.019039954668209878
0 0.40603325102064347 0.7798331225359881 0.015242894490559898 0.022996078302830826
0 0.37412850062052405 0.7886605674837842 0.01151805453830295 0.02026315382969232
0 0.3949582974116008 0.8808766588752652 0.012116882536146376 0.020288067099488813
0 0.6041000684102376 0.8515283561047213 0.011911498175726998 0.01517693790388696
0 0.556267605887519 0.7915572884642047 0.011510584089491103 0.01850895822784047
0 0.40204710430569124 0.5974771240611135 0.0159348381890191 0.01949399783287519
0 0.5562387042575412 0.7210973103841147 0.009476025899251303 0.012317516185619213
0 0.5909349653455946 0.8275053707169897 0.010274781121148002 0.01462969367886767
0 0.4674936400519477 0.8376685248480904 0.009225103590223525 0.013574294102044753
0 0.48481323983934194 0.8282592679247445 0.010504669613308378 0.014766080879870757
0 0.39046006732516814 0.8245458249692564 0.010380003187391493 0.01647054413218557
0 0.3754993147320217 0.8569067966790846 0.012550115585327148 0.015195399154851469
0 0.5753514501783583 0.8249607792607061 0.007186783684624566 0.012611860110435958
0 0.362837897406684 0.8032904730902777 0.0133872561984592 0.018367814429012346
0 0.45558465851677793 0.8402484375753521 0.009069601694742838 0.013607731571903935
0 0.45083483060201013 0.6928908501142338 0.009501510196261935 0.0126460040057147
0 0.5903743373023139 0.8493017031822676 0.010003884633382164 0.013151474940923997
0 0.547772142622206 0.8497735482675058 0.011653370327419706 0.01558826587818287
0 0.5061003896925185 0.835126382333261 0.009649806552463107 0.016204928174430942
