0 0.43233243639921726 0.4936399217221135 0.0280699608610567 0.038160469667318966
0 0.3746449332958058 0.5930523940500665 0.020160150868133327 0.036367330977809115
0 0.42511942866785996 0.6026712895623131 0.013193039906351772 0.023981355934642252
0 0.4907881553927352 0.6037254150979017 0.013489512713236208 0.02819785807699688
0 0.47707628807433566 0.64668103067314 0.014823640344215577 0.02819785807699695
0 0.5013129400371282 0.6574858174129239 0.01497187674765783 0.02767079530920242
0 0.5178412990209287 0.6859472068738177 0.011265966661603812 0.022927230399053544
0 0.4863410632894704 0.7080838431211797 0.01200714867881466 0.016602477185521564
0 0.47047976812115977 0.7248180859986497 0.009635366223740149 0.014757757498241233
0 0.4933081742512519 0.72666280568593 0.009635366223740149 0.010541255355886675
0 0.46558796680756864 0.6823895331912059 0.013489512713236139 0.02055544794397903
0 0.4234147100282752 0.6726388719870109 0.024903715778282206 0.02898845222868829
0 0.3942121385501703 0.6511610641993916 0.024903715778282206 0.02503548147023075
0 0.36730723132541904 0.665918821697633 0.014675403940773464 0.020818979327876262
0 0.4014016041171149 0.7129591737232772 0.010228311837508813 0.01897425964059593
0 0.4338653764709472 0.710192094192357 0.018529550430269524 0.028197858076996596
0 0.3810416750480626 0.7320901844663288 0.012896567099467618 0.017393071337213115
0 0.4486374750176858 0.7278736823239743 0.012007148678814729 0.011068318123680997
0 0.427884378535784 0.7422361427463698 0.010821257451277332 0.016075414417727103
0 0.4178043031017174 0.7417090799785754 0.008745947803087191 0.016075414417727103
0 0.4181748941103227 0.7066594059202523 0.014823640344215648 0.015021288882138464
0 0.40950306450895513 0.7286642764756646 0.01200714867881742 0.01370363196264997
0 0.3844511123272322 0.7194406780392648 0.007560056575549936 0.016866008569418795
0 0.5335103836442775 0.38190943712641984 0.04512169978465501 0.053477570115146665
