0 0.5867018169826931 0.6172141793333454 0.018310123019748263 0.02769945874626254
0 0.4964714845021566 0.7089682685004342 0.024826208750406906 0.03162186234085648
0 0.38433995511796737 0.5685553609589 0.017620695961846247 0.024988480556158373
0 0.4489575227101643 0.6400574813654394 0.018123255835639104 0.02338338781286169
0 0.5609583059946697 0.5534740024142796 0.017773787180582683 0.024415381160783182
0 0.4475220044453938 0.6978448938440392 0.01726531982421875 0.02240583631727431
0 0.44934660858578146 0.4187473720974392 0.017403682072957356 0.023129875277295528
0 0.5687741968366835 0.72159950821488 0.01628806855943468 0.025289511974946954
0 0.5916265646616619 0.6624770223358531 0.013380951351589628 0.023844919086974344
0 0.39554504553476966 0.6389867288094979 0.015765852398342557 0.024867352144217786
0 0.38477836714850533 0.6969973010781371 0.016423914167616103 0.022035057162061153
0 0.5152857303619385 0.7368898744936342 0.011137273576524522 0.016356385784384645
0 0.24345525105794275 0.25280955985740383 0.03158903121948242 0.02993037376874759
0 0.3064283397462633 0.6621696566358025 0.023331509696112737 0.03534001479914159
0 0.4610157277848986 0.6588982240653333 0.013318962521023221 0.02332235265661169
0 0.5461488829718696 0.23107838336332343 0.02296394771999783 0.028701005158600985
0 0.4647582901848687 0.8098409676257475 0.018805715772840712 0.021248052149643135
0 0.3542261918385824 0.6266353042037399 0.014759858449300133 0.024237314860026046
0 0.4718135462866889 0.7402191162109375 0.01246288087632921 0.020147252965856483
0 0.42913473976982963 0.5871092007483965 0.016324520111083984 0.02418155434690876
0 0.218082759115431 0.6991038616792654 0.01954017745123969 0.029415695755570025
0 0.5057030783759223 0.5482639501124252 0.02125496334499783 0.027606869921272183
0 0.35189073615603983 0.24160160253077378 0.023259878158569336 0.03206184763967255
0 0.5440445476108128 0.5755652674922236 0.013516320122612845 0.023772581124011382
0 0.5653554598490398 0.32762568673969783 0.016500367058648005 0.02291288493592062
0 0.31995917691124814 0.7064782601815682 0.013502783245510526 0.02403089735243056
0 0.38564348220825195 0.7615451812744141 0.012652450137668185 0.027916095874927663
0 0.35827083057827414 0.5359566535478757 0.016132831573486328 0.022017443621600116
0 0.5015120771196154 0.8015235618308739 0.015182442135281034 0.02685716417100694
0 0.39907685915629065 0.8144366417402102 0.016147242652045354 0.02364603678385417
0 0.4484640624788072 0.7240169430956429 0.014323578940497506 0.019083988519362462
0 0.39223595460255944 0.6811797295087649 0.012054098976982962 0.0208541022406684
0 0.4421707921557957 0.7450402577718098 0.010843780305650499 0.017087630283685377
0 0.5232075320349799 0.7691211935914594 0.012848165300157335 0.02233632405598958
0 0.19712192482418484 0.7581604380666473 0.014887518352932401 0.023792502320842977
0 0.5341542561848958 0.5462337305516373 0.014270358615451388 0.02331425231180073
0 0.47141875161065 0.644412476339458 0.018344349331325956 0.023063942238136573
0 0.15807335244284734 0.5746991192853009 0.01913477314843072 0.025837368435329862
0 0.4593477778964572 0.749810583797502 0.012069808112250436 0.02727254231770833
0 0.4830143981509738 0.7600987752278647 0.01187223858303494 0.017302336516203703
0 0.44888696405622697 0.7239758291362244 0.015046358108520508 0.01957057434835552
0 0.24326766861809626 0.2528436448838976 0.031160460578070745 0.02916095874927662
0 0.47181969218783903 0.6453294636290751 0.016454431745741103 0.022502192744502315
0 0.36840156714121497 0.41673945203239543 0.012054257922702365 0.024844558150679975
0 0.3862607214185927 0.7201906604531371 0.01389259762234158 0.024156876552252123
0 0.3875823815663656 0.7653947759557654 0.014228979746500649 0.026465757393542632
0 0.529914034737481 0.8136432788990162 0.009051587846544053 0.014661812487943673
0 0.3722082244025336 0.7747331784095293 0.010176976521809898 0.014715218249662423
0 0.984271523178808 0.07332071901608325 0.031456953642384065 0.06717123935666981
