0 0.13342304362191096 0.10912417482446742 0.017311930656433105 0.030466285752661436
0 0.38321721553802496 0.34522415679178114 0.019929064644707575 0.027868977299442998
0 0.1863667766253153 0.18700783341019242 0.02125227451324463 0.03367270952389564
0 0.4036790662341647 0.7631265145760996 0.016738388273451064 0.02563966350790895
0 0.3722322914335463 0.602566212783625 0.019466638565063477 0.02631778481565876
0 0.18206150664223564 0.6678558396704404 0.019312580426534016 0.02534988780080536
0 0.4767461882697212 0.7127774556477864 0.01733578575981988 0.028934996805073304
0 0.13396800888909235 0.6037679837073808 0.027385950088500977 0.03241885149920428
0 0.378896156946818 0.5691851392204379 0.019093831380208332 0.0290304113317419
0 0.5105516910552977 0.9234592296459057 0.022015412648518876 0.03930673481505594
0 0.4736268255445692 0.5636061915644893 0.017879062228732638 0.030060709258656438
0 0.49574756622314453 0.7352684868706596 0.02451801300048828 0.030930695710358797
0 0.5847450627221001 0.7424132500165774 0.03227196799384223 0.04147974650065103
0 0.4297432899475098 0.9420157538519964 0.020405451456705734 0.029930962456597224
0 0.4227577050526936 0.6910035404158228 0.02160321341620551 0.03025243311752508
0 0.5904692808787029 0.6391341126995322 0.02455992168850369 0.03271135871793017
0 0.45702648162841797 0.7278759332350743 0.019898414611816406 0.03403717794536072
0 0.28937190108829075 0.05625812654142027 0.03095491727193196 0.0430833528071274
0 0.457385778427124 0.5808239689579717 0.017963886260986328 0.024685141480999227
0 0.42116614182790113 0.7852304717640817 0.021220922470092773 0.030847996841242283
0 0.3961195680830214 0.5812595037766445 0.01930697758992513 0.03581802933304398
0 0.39981157249874544 0.669173275982892 0.019444280200534396 0.024408081431447723
0 0.3423961930804782 0.6267488503161772 0.017609675725301106 0.02936954262815876
0 0.41546524895562065 0.5369554449010779 0.018813610076904297 0.029741216588903358
0 0.23841015497843426 0.6835944093303916 0.014924685160319008 0.02935094009211034
0 0.4415222141477797 0.5562486295346861 0.021436081992255315 0.023737354043089312
0 0.4831632243262397 0.45676337348090285 0.015208509233262803 0.020966423882378474
0 0.16946267419391206 0.804372669738016 0.01631597677866618 0.026722378200954862
0 0.4735058148701986 0.48086178155592924 0.015969170464409724 0.026142779691719714
0 0.24650459819369847 0.8359887393904322 0.01711294386121962 0.025604059666763115
0 0.4406360785166422 0.6279206923496576 0.022189193301730685 0.03296633119936342
0 0.43717361821068657 0.8066072346251688 0.019410371780395508 0.02329762776692708
0 0.4000708527035184 0.8135725892620322 0.014186170366075303 0.020097049666039736
0 0.34872802098592115 0.7640815075532891 0.01567554473876953 0.020729159131462192
0 0.6300523281097412 0.6691268167377991 0.030768023596869573 0.045404128086419755
0 0.37882651223076713 0.7587972099398389 0.016715420616997614 0.03027485035083912
0 0.19342627127965295 0.14937289555867514 0.0113447904586792 0.02036062876383464
0 0.4311622646119859 0.7233745198190948 0.02466893196105957 0.03303739759657118
0 0.3714341455035739 0.7281965326379847 0.010262303882175021 0.018821292453342013
0 0.24735154045952693 0.6218329535590278 0.0222975942823622 0.026412869677131558
0 0.2673274411095513 0.6558293236626518 0.016267511579725478 0.023085087905695408
0 0.3766706519656712 0.25183157273280765 0.018900553385416668 0.03006056797357253
0 0.38595145278506804 0.6896722581651477 0.014224608739217125 0.020927052438994984
0 0.43023317390018045 0.7239200686231071 0.024700562159220382 0.03337214905538677
0 0.3889089822769165 0.8125891508879485 0.011499219470553927 0.02259892593195409
0 0.2478078073925442 0.6236981050467785 0.01921831236945258 0.022827336817611885
0 0.36454480224185526 0.250232896687072 0.04136649767557779 0.04121434247052228
0 0.4051905870437622 0.7028844856921538 0.013467126422458224 0.017335962366174767
0 0.21034073167377046 0.8535000365457417 0.012381222512986925 0.021223939495322145
0 0.46175522274441183 0.8274594530647184 0.01307413313123915 0.021147739740065584
0 0.37955329153272843 0.8181902567545571 0.01204411188761393 0.02129194471571181
0 0.4193887975480821 0.5979015915482132 0.016943931579589844 0.02697391274534626
0 0.1837964720196194 0.5971920343092931 0.011209170023600258 0.017475175268856096
0 0.4189863469865587 0.5972663502634308 0.017710102929009333 0.02765589584538966
0 0.5008971691131592 0.7037361050829476 0.011411190032958984 0.019055307647328316
0 0.41341165701548266 0.7257534074194636 0.013314962387084961 0.01969721287856867
0 0.4474726253085666 0.6109702027874229 0.017659505208333332 0.019529272008825233
0 0.5579343636830647 0.8364534731264467 0.010280238257514108 0.01724375030140818
0 0.5873274538252089 0.8690332483362269 0.010623878902859159 0.018072246033468364
0 0.3988461626900567 0.5099747033766758 0.02209485901726617 0.02443520816755883
0 0.20596413755020998 0.5334940630813689 0.022545480756105116 0.030474699424230423
0 0.2647696541688046 0.8001264832524795 0.01602406070268625 0.02881846575986998
0 0.13005574849389556 0.7113523588427654 0.017142018426129474 0.02749347882838151
0 0.014999266122863312 0.70406493071958 0.019191607585775417 0.033455920020078904
0 0.2847065669035422 0.5170761500132977 0.022359154468864554 0.02848721902699779
0 0.25498752408867636 0.474676568205673 0.01695569213888895 0.025837245164021284
0 0.28265697774389625 0.479976515931626 0.01490610297924313 0.021199790903812285
0 0.39061021759697256 0.3122043519394513 0.012771996215704818 0.030274361400189208
0 0.4910225114170151 0.8587273869303576 0.023039303549925165 0.030221999047151088
