0 0.19548398256301877 0.1165451709135079 0.01848868529001872 0.0272416008843316
0 0.5388413270314535 0.5791512006594811 0.02450588014390733 0.02847224106023341
0 0.22108678685294259 0.23720979101863907 0.018829941749572754 0.027344032570167823
0 0.39783075120713973 0.6343313146520544 0.02139308717515733 0.026107411325713734
0 0.5400567849477131 0.9378532127097802 0.015897379981146917 0.02375981837143133
0 0.5728395779927572 0.5735673551206236 0.018890380859375 0.026940475275487076
0 0.4446215629577637 0.7301469967689045 0.01295820871988932 0.02019227581259645
0 0.3861424790488349 0.728297174712758 0.011538690990871854 0.021652645534939237
0 0.3672484159469604 0.7201392326825931 0.016158660252888996 0.02294578081295814
0 0.36201696925693094 0.6767235744146655 0.01773813035753038 0.02758195665147569
0 0.45051614443461097 0.694946430347584 0.014448324839274086 0.02047672978153935
0 0.47012241681416833 0.6568534050458743 0.015833271874321833 0.018588454635054978
0 0.20739494429694283 0.656110269052011 0.020152754253811307 0.027526478708526234
0 0.36142710844675696 0.6440908879409603 0.017898374133639865 0.021823883056640625
0 0.40013374222649467 0.5926036834716797 0.017328633202446833 0.020123281596619406
0 0.4793057971530491 0.6799058796447001 0.02129077911376953 0.023183940369405864
0 0.4351621203952365 0.6359168629587432 0.01719469494289822 0.022972389503761573
0 0.3608405192693074 0.5635719299316406 0.01685166358947754 0.024362728919511956
0 0.4151183631685045 0.6981686015187958 0.015299929512871634 0.02435787813163098
0 0.32884114318423807 0.6409784481849199 0.01793805758158366 0.027898246859326778
0 0.43057943714989555 0.3297538168636369 0.016736268997192383 0.02988671667781877
0 0.5449731085035535 0.7478777567545571 0.01121436225043403 0.01865160906756366
0 0.5513765017191569 0.19538869386837807 0.015826967027452257 0.027671260598265093
0 0.47408692042032874 0.7280948544725959 0.014412244160970054 0.02094320603358893
0 0.43519483672247994 0.7246867285834417 0.009658760494656034 0.020006674307364004
0 0.4896040492587619 0.7313224886670525 0.014178382025824655 0.021570747281298222
0 0.5635517703162299 0.5541746822404273 0.014643192291259766 0.01861591103636188
0 0.43665785259670675 0.6671492729657962 0.021722157796223954 0.024533071635681906
0 0.11099755101733738 0.09436901999108585 0.030887272622850202 0.05306874381171332
0 0.43737112151251895 0.5772259559160396 0.01865582995944553 0.025744873800395446
0 0.3785751925574409 0.748307169219594 0.015667650434705947 0.020962562090084878
0 0.16622443331612483 0.7716937830418716 0.011947618590460885 0.024475521511501737
0 0.37894884745279944 0.5759756064709322 0.018965509202745225 0.033186123694902585
0 0.43716817431979704 0.692440880669488 0.01119645436604818 0.01920459888599537
0 0.3082790109846327 0.7715240996560933 0.016016271379258897 0.0230595624005353
0 0.11051848530769348 0.0942417515648736 0.029595368438296847 0.052501707901189354
0 0.37204245726267493 0.8608716328938804 0.012171453899807401 0.016590542263454862
0 0.180884771876865 0.7853524007914978 0.011626905865139432 0.025113988805700233
0 0.402902192539639 0.741917504204644 0.012665563159518771 0.01828417365933642
0 0.4456995990541246 0.8458264668782551 0.012022839652167428 0.014186623655719521
0 0.5448679394192165 0.7686166174617814 0.014071782430013023 0.01818828818238812
0 0.4379739628897773 0.692060164463373 0.01425268914964464 0.02207249770929784
0 0.4820542070600722 0.7681110287890022 0.010539955563015409 0.01825765915858893
0 0.46492793824937606 0.8701033886568045 0.010207070244683158 0.016387656882957177
0 0.34770321846008295 0.7020512098147546 0.012341817220052086 0.019998291392385223
0 0.4364266395568847 0.6662766962875556 0.023227055867513016 0.025162637969593938
0 0.4430924521552192 0.7699795240237389 0.011084344651963975 0.016506666018639083
0 0.5038454002804226 0.7276776631673179 0.01212082968817817 0.019000300654658565
