0 0.5404843444227007 0.3160469667318983 0.038527397260274016 0.06653620352250496
0 0.26363747553816047 0.14285714285714288 0.02091487279843445 0.04109589041095891
0 0.09769447162426616 0.12720156555772996 0.026969178082191795 0.03326810176125246
0 0.02917074363992173 0.4559686888454012 0.033023483365949124 0.041095890410958874
0 0.150807240704501 0.18297455968688847 0.02421722113502932 0.029354207436399236
0 0.19098581213307242 0.2279843444227006 0.02641878669275929 0.033268101761252424
0 0.1667685909980431 0.25489236790606656 0.019814090019569477 0.03424657534246577
0 0.14970645792563603 0.2876712328767123 0.02862035225048926 0.0293542074363992
0 0.1532840019569472 0.4329745596868885 0.025868395303326838 0.04403131115459885
0 0.12136130136986303 0.43933463796477495 0.01926369863013699 0.025440313111545976
0 0.23006360078277888 0.6575342465753425 0.02531800391389435 0.0352250489236792
0 0.1535591976516634 0.601761252446184 0.031922700587084164 0.03326810176125249
0 0.1290667808219178 0.666829745596869 0.01706213307240702 0.038160469667319036
0 0.08861301369863014 0.6355185909980431 0.016511741682974552 0.028375733855185815
0 0.282350782778865 0.3331702544031312 0.02972113502935425 0.036203522504892366
0 0.43728595890410965 0.12671232876712332 0.022566046966731933 0.03816046966731898
0 0.5281005381604698 0.50293542074364 0.015961350293542082 0.031311154598825865
0 0.6326749021526419 0.5958904109589042 0.013759784735812061 0.029354207436399236
0 0.3186424944612611 0.6843640916325484 0.02006563696633453 0.033370808431466656
0 0.28822039970585067 0.6791858627380103 0.010356457789075896 0.02186363311027108
0 0.29679684131242917 0.6860901679307275 0.010680097094984475 0.024165068174510366
0 0.27980577775222654 0.6012247499369114 0.010356457789075896 0.024740426940570187
0 0.47404678904640796 0.9388985925531301 0.022529866792700234 0.045366262385301184
0 0.40599739546845603 0.937672477353527 0.02298965999255131 0.033922520522342126
0 0.5663502739165015 0.8522531184478701 0.0195412109936688 0.029018059723931344
0 0.4602529930508772 0.8236437637904729 0.024828832791955337 0.024113598925520563
0 0.40070977367016924 0.8339626882631279 0.01333400279567975 0.029835469856999877
0 0.4099056376671898 0.8129143773366141 0.00827627759731847 0.024522303992054618
0 0.4233545887628324 0.8051489810724636 0.015403072195009386 0.04005309652035592
0 0.4640462869496481 0.5781133166126903 0.02000100419351966 0.02820064959086295
0 0.5126694178338941 0.6659849059175531 0.022529866792700304 0.03392252052234241
0 0.5320956805276 0.7082858803038473 0.015403072195009457 0.02533971412512315
0 0.4432406446563892 0.6569933944537997 0.024369039592104257 0.03147029012313695
0 0.36128250678294377 0.627566629663334 0.015403072195009457 0.02329618879245203
0 0.3570294196843218 0.7060380024379092 0.018391727994040964 0.022478778659383494
0 0.3451897447881578 0.7532434376226146 0.024139142992178862 0.029426764790465684
0 0.38909999537393086 0.7984053474746485 0.009885553796797097 0.022478778659383636
0 0.4047329641688658 0.771022108016854 0.00942576059694602 0.024931009058588957
0 0.4316308663601508 0.752426027489546 0.01356389939560522 0.02533971412512315
0 0.44439012765601676 0.7444562786921282 0.01655255519463694 0.02411359892552042
0 0.4176071737646946 0.7229992626990801 0.02184017699292376 0.022070073592849297
0 0.4086412063675995 0.6984769587070255 0.018161831394115424 0.02288748372591769
0 0.4015144117699086 0.6731372445819023 0.018161831394115566 0.02207007359284944
