0 0.4340857532289293 0.6042354960500458 0.017573489083184138 0.029941087887610917
0 0.5531933307647705 0.6480958020245587 0.015607780880398221 0.021401252275631753
0 0.4445869127909342 0.7178722428686826 0.016375223795572918 0.02349278956283758
0 0.5073827902475992 0.47373015792281536 0.021504667070176862 0.03405789975766783
0 0.5055364767710367 0.1839715051062313 0.019718011220296223 0.0338306544739523
0 0.5463979774051242 0.7725166744656033 0.012528048621283639 0.02196027025764371
0 0.47394773695203996 0.8162908671814719 0.013719240824381508 0.023847980263792437
0 0.5647428300645617 0.44035683149172933 0.016073862711588543 0.024193186818817516
0 0.3775134219063653 0.7515642378065321 0.0170338683658176 0.025346402768735534
0 0.12864991691377428 0.6226287182466482 0.021637479464213058 0.04035262119622878
0 0.46921804216172963 0.7623914789270472 0.018927786085340712 0.030010223388671875
0 0.4469641711976793 0.5396035276813271 0.01423727141486274 0.020227691273630402
0 0.3977553447087605 0.7836248845229913 0.009178876876831055 0.018437185405213156
0 0.4091137250264485 0.795119320904767 0.013254748450385202 0.02321139677071277
0 0.47904459635416674 0.6824391211992429 0.013137075636121962 0.020990065586419752
0 0.4448044962353177 0.7565255106231312 0.011216931872897677 0.021433088514539934
0 0.4689646297030978 0.5487769091570819 0.011962254842122398 0.021101445327570408
0 0.4061723550160725 0.7014389744511357 0.02044974433051215 0.027096359818070025
0 0.33229707347022164 0.7741129604386694 0.015131976869371202 0.021759645438488618
0 0.1592784855100844 0.7489102446002726 0.014487716886732314 0.02382099481276524
0 0.3859132528305053 0.7943298198558666 0.012502537833319772 0.021685141104239004
0 0.39856350421905523 0.8089683909475069 0.009941021601359049 0.017593666359230323
0 0.5976977083418105 0.8358211752809125 0.010580751630995009 0.015346950954861112
0 0.4784772131178114 0.7281185197241513 0.01400809817843967 0.016889972451292437
0 0.5821410285101996 0.8254647431550203 0.00829707251654731 0.013419163079909336
0 0.41483492321438264 0.7454082583203727 0.011927551693386503 0.016148555425950038
0 0.45409838358561194 0.746476279364692 0.01364008585611979 0.019363262035228587
0 0.4384087721506754 0.8268930882583431 0.012275748782687716 0.016632456838348766
0 0.501023636923896 0.7222340430742429 0.012664953867594399 0.015943079818913967
0 0.48555289374457467 0.8488065931532118 0.00960932837592231 0.015383685076678241
0 0.4663773907555474 0.7207234229570554 0.01089122560289171 0.014647401409384647
0 0.4282567501068115 0.8683215482735339 0.01381153530544705 0.017554765866126542
0 0.485534562004937 0.8290072782540028 0.011035071478949655 0.016050739052854937
0 0.4564509921603732 0.8283847290792583 0.012473636203342013 0.01902403654875579
0 0.42078284422556567 0.8300514692141686 0.016106367111206055 0.022625770097897378
0 0.5029281510247124 0.736776281286169 0.010968208312988281 0.013336370020736883
0 0.4472797314325968 0.6854442078390238 0.012786308924357094 0.02025434705946181
0 0.512639946407742 0.7204467867627555 0.013949394226074219 0.014636004412615741
0 0.551515711678399 0.7245057423909504 0.012031820085313585 0.017850946497034142
0 0.512872642940945 0.7749207814534504 0.014014032151963975 0.02645464296694155
0 0.5130605962541369 0.7750474906262057 0.01257816950480143 0.024714905538676696
0 0.5319516923692491 0.8416233298219281 0.0127666261461046 0.01646282054759838
0 0.4711668226453993 0.8436572698899257 0.012043741014268663 0.017826692557629243
0 0.5425359408060709 0.6272433952048972 0.013791402180989586 0.016907821466893326
0 0.5211198329925537 0.8261279353389034 0.010744147830539279 0.014075856149932484
0 0.4659475750393338 0.7389271583086179 0.008394135369194878 0.014819863401813271
0 0.45455127292209196 0.7454819620391469 0.013374646504720054 0.017487372881100503
0 0.47176561021759694 0.5151371807000946 0.018625827814569503 0.033112582781456935
