0 0.4396237797207302 0.25955556940149377 0.01716433631049262 0.02733162303029755
0 0.40906355116102433 0.7414078418119455 0.014327526092529297 0.019313388400607638
0 0.4883695708380805 0.6517739943516108 0.01942465040418837 0.030190361870659724
0 0.43351520432366264 0.6953435591709467 0.012833595275878906 0.02202403692551601
0 0.35078308317396373 0.771036265808859 0.014527108934190538 0.021907288351176696
0 0.3689357572131686 0.5735504715530961 0.01611457930670844 0.02799055311414931
0 0.4577008353339301 0.6221498560022425 0.020350774129231766 0.029279826599874614
0 0.47871716817220056 0.7354037437909916 0.02292177412245009 0.028775156280140813
0 0.3947508600023058 0.5507689111026717 0.01573250028822157 0.02380992748119213
0 0.41442301538255477 0.7118457747094424 0.012970447540283203 0.02309672037760417
0 0.357382681634691 0.6756359147436823 0.014656358295016818 0.022013723114390437
0 0.45331287384033203 0.7367252067283349 0.013344764709472656 0.019508597291546102
0 0.372049887975057 0.7082390726348501 0.0112812254163954 0.019568596357180747
0 0.5056726137797037 0.7150307643560717 0.019061512417263456 0.02787243878399884
0 0.4204589658313327 0.6782610857928241 0.012761672337849937 0.02073320930386767
0 0.46507975790235734 0.6624652721263744 0.011857933468288846 0.020919517234519677
0 0.3829627169503106 0.7902307392638407 0.015115870369805228 0.027113926263503084
0 0.47256827354431147 0.69751638247643 0.009896861182318794 0.01686647203233507
0 0.035154316988256246 0.28413929173975816 0.017494875523779128 0.025701946682400174
0 0.35015931394365096 0.7368782655692395 0.017081287172105577 0.027472083951220097
0 0.36840620305803085 0.7341742574432749 0.012388149897257485 0.020014021131727434
0 0.44774768087599015 0.6888580793215905 0.010573758019341361 0.023142025794511956
0 0.4476557572682698 0.6887441799964433 0.00882577896118164 0.02320565117730035
0 0.4133508205413819 0.6571552370801385 0.01287571589152018 0.018107802779586228
0 0.3493629958894518 0.7367220278139467 0.01889867252773709 0.0289306640625
0 0.46549759970770943 0.7237341610001929 0.009752061631944444 0.019611405737606096
0 0.3821784655253092 0.6787252543885032 0.022440751393636063 0.02811940511067708
0 0.4127704170015123 0.8016013157220536 0.010607851876152884 0.018588313349971065
0 0.4146173927519057 0.7111356052351586 0.014624251259697806 0.024719379566333913
0 0.46011829376220703 0.759995307451413 0.009755876329210069 0.016145494249131944
0 0.036430763281396675 0.7176842858338246 0.017370164910586346 0.03134817640429048
0 0.02131792966299233 0.7839383517222199 0.015264690375969819 0.03321970932394962
0 0.3123997840737271 0.6922332386589224 0.012632847207699208 0.020118978886335837
0 0.3389814000732608 0.7072055020161954 0.016317427643278107 0.021990511805994685
0 0.29660872506410313 0.6901277641243057 0.015264690375969857 0.02152262857608008
0 0.3129261527073812 0.7460398100991225 0.015791059009623895 0.02760511056497222
0 0.3775379024884259 0.8066306883730868 0.015001506059142784 0.018715329196591312
0 0.49491810779329726 0.8569281355889261 0.013948768791834496 0.02386204472565396
0 0.6233520544049054 0.8328321492483147 0.013422400158180352 0.01965109565642095
0 0.35872022383529073 0.622752579016577 0.014211953108661461 0.019651095656421022
0 0.1723388848660391 0.10105398664413869 0.013034033309196218 0.016735055113042085
