0 0.46113408936394584 0.6726356082492405 0.019633558061387803 0.02780561093930845
0 0.5352649158901639 0.7156010851447965 0.0163265864054362 0.023326355733989196
0 0.4328190883000691 0.5951962176664376 0.016322957144843206 0.026147206624348954
0 0.454530398050944 0.7393983911584924 0.020843187967936203 0.031321207682291664
0 0.49802184104919434 0.6581208735336491 0.014837317996554904 0.024148682017385223
0 0.4829925960964626 0.7459398199010778 0.015017615424262155 0.027499493257499036
0 0.515602085325453 0.7242731871428313 0.011680973900689017 0.019192401273750964
0 0.4020247856775919 0.7798615679328824 0.010548777050442167 0.020153139844352817
0 0.5318176746368408 0.9161937854908131 0.012343883514404297 0.02368022777416088
0 0.382968094613817 0.7385948557912569 0.012986103693644203 0.0198947294258777
0 0.4229886266920302 0.7632483965084877 0.01062096489800347 0.015556994779610341
0 0.5026396380530463 0.7247332584710768 0.00914621353149414 0.016169559808424962
0 0.47969886991712785 0.8513953126507041 0.015922970241970487 0.023596492814429014
0 0.4916814168294271 0.6992002887490355 0.0109611087375217 0.018580495575327934
0 0.3929444948832195 0.7804911342667944 0.01137897703382704 0.017555849051769868
0 0.48603812853495276 0.7213866857834803 0.008687178293863932 0.015335601053120177
0 0.31609376271565753 0.8539404692473235 0.013786209954155814 0.020198209786120757
0 0.36071933640374076 0.4721650017632379 0.011783493889702689 0.02240677821783372
0 0.5463864008585612 0.7233158629617574 0.007205115424262153 0.013843018331645448
0 0.5955285496181911 0.8525072733561196 0.010543399386935763 0.016282352400414736
0 0.40455427434709335 0.7584267133547936 0.008747710122002495 0.014287689585744598
0 0.4116997056537204 0.7703457114137248 0.007054143481784398 0.014739990234375
0 0.4010587400860257 0.8609658229498216 0.010230832629733615 0.025667637954523533
0 0.6063808600107828 0.8508032339590567 0.011543326907687716 0.018490073121624227
0 0.5009961128234862 0.8202924375180846 0.011442290412055123 0.014778419777199075
0 0.5444387329949274 0.8548452118296681 0.01238335503472222 0.016182793511284724
0 0.4713938236236573 0.7319397396511501 0.010132948557535805 0.01500433462637442
0 0.5813730822669135 0.8246948336377555 0.008248382144504122 0.014577135627652392
0 0.38688505203405865 0.5070955534531694 0.01383632923368026 0.02459791863765375
