0 0.3612194591098362 0.7183519763711058 0.012395540873209633 0.02499187139817226
0 0.5409393310546875 0.6127004034725236 0.026573605007595487 0.03523466322157118
0 0.4778352578481039 0.6018866786250361 0.01785368389553494 0.02879385300624518
0 0.19144337707095677 0.7494774335696374 0.023706965976291232 0.04441701630015432
0 0.3524554438061185 0.48559970620237747 0.01536197132534451 0.028795312952112267
0 0.46531685193379724 0.7291251759470245 0.011758645375569664 0.02113530665268133
0 0.42896954218546557 0.6651849628966531 0.03462791442871094 0.051158386983989196
0 0.40792833434210884 0.4318256142698688 0.0160011715359158 0.025140079451195986
0 0.5519506401485866 0.9071487144187645 0.015065458085801866 0.023223971143180942
0 0.5023653507232665 0.7256896407515915 0.017474757300482854 0.026055230034722224
0 0.3753274811638726 0.6643553839789496 0.011981010437011719 0.022657229576581794
0 0.031443849205970764 0.17212032388757778 0.0183248950375451 0.024591810909318338
0 0.4238943921195136 0.7017539695457176 0.020866685443454318 0.027384911054446372
0 0.5056472354465061 0.686499395488221 0.012340439690483939 0.018343277919439623
0 0.5166284243265787 0.7238632249243466 0.011073854234483507 0.016317626576364777
0 0.5103463066948785 0.7530998653835721 0.022825135125054255 0.03258905293029032
0 0.41985528998904753 0.7309276204050323 0.012296491199069552 0.017808090021580826
0 0.296889517042372 0.6513927601001881 0.012377738952636719 0.020558769320264278
0 0.48920742670694983 0.8643668374897522 0.014285405476888023 0.016110926498601467
0 0.44190994898478186 0.6535709993338878 0.01553694407145182 0.024489508734809026
0 0.5212831497192383 0.757131505895544 0.01695304446750217 0.022526022828655477
0 0.37866287761264383 0.9500179055296344 0.011242654588487413 0.02396110252097801
0 0.053964160761729225 0.40575203312682107 0.017407793794106192 0.021319174621917725
0 0.3356802903296813 0.4703972723029587 0.011411775931691893 0.02063145931153329
0 0.3289105927430845 0.3436857263646251 0.007156537448688098 0.02097531696672547
0 0.5498052421274803 0.1378599480228054 0.012236771147784537 0.021052509501564565
