0 0.2691157791349623 0.225696752100815 0.02060622639126248 0.031814763575424385
0 0.36406111717224116 0.6067897655345775 0.024606810675726995 0.03626816361038773
0 0.5021505355834962 0.6888732203730831 0.021716011895073786 0.027819927827811536
0 0.44375167952643507 0.6601487383430387 0.01637305153740777 0.0267592536078559
0 0.23656666278839109 0.6387937333848742 0.01890497737460666 0.026671280095606674
0 0.3776873615052965 0.6983196117259837 0.018846697277492948 0.02705458652826003
0 0.4288966655731202 0.7265277438693577 0.01659838358561198 0.023657810540846834
0 0.25701316197713214 0.13640067018108604 0.017073949178059895 0.026259598908600985
0 0.37662581602732337 0.7755917914119768 0.01735266049702962 0.028344660629460842
0 0.598264217376709 0.6677121527401018 0.015207290649414062 0.025291678346233602
0 0.35635377301110166 0.28769219951865116 0.028581804699367948 0.03621871383101852
0 0.40341231558058 0.7541120317247179 0.014743804931640625 0.023736600522641784
0 0.34667179319593644 0.46256875403133435 0.01328897476196289 0.023589852415485148
0 0.4491143491533067 0.7404762315161435 0.010277165306939017 0.013384548234350889
0 0.5491285853915745 0.6685715428105107 0.015027893914116752 0.02126571278513214
0 0.4564077854156494 0.724930539543246 0.015134864383273654 0.014785625316478588
0 0.28532862663269043 0.8351763972529659 0.014578766292995878 0.020523918999565974
0 0.53157991833157 0.9161994368941696 0.012033250596788194 0.024074130588107638
0 0.3942744996812608 0.7855227199601538 0.01364220513237847 0.021571453706717786
0 0.22662909163369072 0.8861660427517362 0.018832749790615506 0.033665974934895836
0 0.42720014519161653 0.6659968340838397 0.013269133037990995 0.021022561155719523
0 0.5489312807718914 0.757033548237365 0.009419335259331597 0.016511799376687886
0 0.43652147716946077 0.7468673800244744 0.010298675960964628 0.012795059769241899
0 0.4501225153605143 0.7833591743751809 0.014254252115885414 0.018119011396243247
0 0.5622134738498263 0.7721262095886985 0.012133174472384982 0.01840092223367573
0 0.47831633355882436 0.7356055930808738 0.012028641170925565 0.0162533418631848
0 0.31621021694607204 0.8517934540171681 0.014706664615207247 0.023072419343171297
0 0.5510524113972981 0.7258183750105494 0.01093419392903646 0.016162683934341244
0 0.5374304453531901 0.7426739680914233 0.010075675116644967 0.014753694887514468
0 0.4370678928163317 0.746276808373722 0.010858986112806533 0.014120973186728397
0 0.4866001870897081 0.8260641215760032 0.012264251708984375 0.018437703450520832
0 0.4969520833757189 0.5098532923945673 0.014106485578748915 0.023826175265842013
0 0.4554810788896349 0.823990762969594 0.009907457563612197 0.017707259566695603
0 0.39488155312008333 0.7184533484188127 0.009217765596177842 0.019217973873939042
0 0.5818943712446425 0.8245110217435861 0.008853011661105685 0.014510354877989969
0 0.5034121142493353 0.742606692843967 0.01213746600680881 0.014701560691550925
0 0.5010265509287517 0.819437003430025 0.011528703901502822 0.014169952015817902
0 0.5983563794030085 0.8363972887580776 0.010605229271782767 0.015947977701822918
0 0.5374843014611139 0.7426233644838686 0.009196652306450738 0.013843112521701388
0 0.45121820767720544 0.7589815869743441 0.008405526479085287 0.013761167173032407
0 0.47617578506469727 0.720026769755799 0.010198805067274306 0.013424673198181906
0 0.5406684345669217 0.8346754945354696 0.00820816887749566 0.01524494312427662
