0 0.14392734833659493 0.12426614481409004 0.03137230919765166 0.0528375733855186
0 0.057240704500978484 0.054305283757338556 0.026418786692759308 0.030332681017612523
0 0.44168909001956946 0.4843444227005872 0.015961350293542082 0.031311154598825934
0 0.4012353228962819 0.5591976516634052 0.01100782778864975 0.024461839530332697
0 0.42847969667318986 0.614481409001957 0.012659001956947122 0.029354207436399236
0 0.4394875244618396 0.6541095890410961 0.012659001956947122 0.024461839530332697
0 0.3629831213307241 0.6868884540117418 0.013759784735812132 0.029354207436399236
0 0.4353595890410959 0.6952054794520549 0.013209393346379699 0.024461839530332555
0 0.43646037181996095 0.7314090019569472 0.012108610567514617 0.034246575342465634
0 0.41554549902152643 0.7363013698630138 0.017612524461839526 0.020547945205479437
0 0.26226149706457924 0.5929549902152642 0.018162915851271996 0.027397260273972605
0 0.15686154598825833 0.638454011741683 0.015410958904109595 0.022504892367905996
0 0.43701076320939336 0.813600782778865 0.014310176125244638 0.030332681017612516
0 0.4333530306116433 0.7672673791288228 0.01812380113088281 0.01783612174785276
