0 0.23255158795250788 0.10687589939729668 0.01734826299879286 0.030190297114996264
0 0.38571001423729795 0.6534652709960938 0.026164717144436307 0.033832408763744215
0 0.3687624401516385 0.7626298033160928 0.013582282596164279 0.021253044222608028
0 0.42899847030639654 0.6202703169834467 0.015352884928385414 0.02503604653440876
0 0.451385153664483 0.7462775383466556 0.009711212582058378 0.015580966148847415
0 0.26043356789482963 0.7204350836483049 0.016521030002170138 0.033832550048828125
0 0.46317521731058753 0.729895415129485 0.009510199228922525 0.012888778874903549
0 0.46693147553337944 0.6294544832206067 0.016410350799560547 0.022509822139033565
0 0.38140530056423616 0.5799468005145038 0.021783404880099826 0.03152046674563561
0 0.5107897470635464 0.7080336381728395 0.013223892651293739 0.02953712774533969
