0 0.4042970604366727 0.5631872812906901 0.021621280246310763 0.029325273301866316
0 0.42408761713239884 0.7276669961434824 0.01040731536017524 0.02155666586793499
0 0.5132127073076036 0.715322447411808 0.012820296817355685 0.018888073203004438
0 0.4830298953586154 0.6992913940806447 0.02122550540500217 0.02765170438790027
0 0.40491606129540336 0.7080988707365813 0.016215085983276367 0.022840099570191938
0 0.48372581270005965 0.6997731291217568 0.018198013305664062 0.024627450071735148
0 0.2969823148515489 0.6938911956033589 0.012981414794921875 0.029439620029779127
0 0.3569407710709149 0.8369625679801906 0.01017222511637975 0.022257176323018938
0 0.37937183158395726 0.8659432663174549 0.012780487966733532 0.030139926270754812
0 0.45983674051737145 0.827456898925568 0.01617122967219345 0.03755898504509446
0 0.4963524204223244 0.8031131123222661 0.019301145092617985 0.030603617444151184
0 0.4873539135886038 0.7277632966453791 0.0075639622660260385 0.014374426375282922
0 0.4535769096765223 0.7041150468021715 0.006781483410919762 0.01622919106886812
0 0.4479691445482617 0.7080564217760394 0.0075639622660260385 0.018547646935849114
0 0.3851100098547357 0.7546573847023603 0.008085614836096724 0.015301808722075521
0 0.39045694869796094 0.7435287965408509 0.006259830840849076 0.01344704402849061
0 0.3986729766765753 0.7405148039137753 0.007042309695955282 0.015765499895471605
0 0.38747537285186257 0.8040092044336029 0.014369863698757826 0.022505183358901063
