0 0.4218240049150255 0.6031068401572145 0.018388165367974177 0.02881876627604167
0 0.5576485792795817 0.5821750075728804 0.017777072058783636 0.02587075881016107
0 0.36587585343254936 0.7730202145046658 0.014078987969292533 0.020589333993417246
0 0.3675557242499457 0.6320780294912832 0.018134435017903645 0.026890366165726275
0 0.518645445505778 0.7743500132619598 0.016481717427571613 0.02839914957682292
0 0.43596206771002877 0.8079526924792632 0.016415066189236112 0.025300202546296297
0 0.5424815283881294 0.7245537793194806 0.01570341322157118 0.024625754650728204
0 0.39708689848581946 0.7316583939540533 0.016100962956746418 0.02780203171718268
0 0.4094335105684068 0.8085498103389034 0.013083802329169381 0.02692187273943866
0 0.43114173412323 0.7133332005253544 0.016016774707370333 0.023258209228515625
0 0.39298364851209855 0.80920735111943 0.012764559851752389 0.021506132902922453
0 0.441934174961514 0.7807705726152585 0.014377885394626193 0.019275241427951388
0 0.4312411149342855 0.6375649299150631 0.011418236626519095 0.01972146681797357
0 0.5327176782819959 0.6688110681227696 0.011725054846869577 0.0235631024395978
0 0.492232984966702 0.760872311062283 0.013001812828911673 0.020563196252893517
0 0.35162390602959526 0.794208809181496 0.01617606480916341 0.02236797191478588
0 0.3557266261842516 0.4820356486756124 0.013146109051174588 0.026407312463831017
0 0.06240026652812958 0.6479783941198279 0.020926571554607816 0.035327157856505594
0 0.5669625600179036 0.1791981532249922 0.01969464619954427 0.030776494815025802
0 0.5411937501695421 0.8461629608531058 0.011976665920681424 0.021923112280574846
0 0.418192704518636 0.7616275269308208 0.008713245391845703 0.016324455355420524
0 0.5817840629153781 0.82466200840326 0.008309417300754122 0.015044977635513117
0 0.41852405336168075 0.6992886390215084 0.021335866716172956 0.0314695570203993
0 0.3810051414701674 0.6363005932466484 0.015672869152492948 0.021964744285300927
0 0.3358534177144369 0.8199428040304302 0.011674139234754775 0.023025701075424385
0 0.5016842153337268 0.7247204250759548 0.008717483944363065 0.014634120611496914
0 0.4485321442286173 0.7201766496823158 0.009128491083780924 0.013569302029079862
0 0.46647455957200795 0.7214204293710214 0.011247581905788846 0.015360514322916664
0 0.56797014342414 0.873032511016469 0.010698901282416452 0.013909328131028164
0 0.4758336014217801 0.8404501926751784 0.011077933841281466 0.016316072440441743
0 0.47805658976236975 0.7245360009464217 0.011790593465169273 0.014636569552951388
0 0.2732396258248223 0.72371322726026 0.013763454225328233 0.0270573651349103
0 0.4557006888919407 0.8240508091302565 0.009744803110758463 0.01768418300298997
0 0.5273671415117052 0.8289176093207467 0.00965791278415256 0.013112386067708336
0 0.5682391325632731 0.8729236273118007 0.012415938907199435 0.014661341537663969
0 0.44949913024902344 0.7439836337242598 0.010410838656955294 0.016874478187090085
0 0.3804363277223375 0.6363097532295887 0.013648430506388344 0.02020673398618345
0 0.06262459026442634 0.6485213997923299 0.02018960979249742 0.03467489171911169
0 0.5936317407757805 0.5227057710501419 0.01543282876064339 0.031220435193945163
