0 0.433949801656935 0.7617680113992574 0.018271578682793513 0.023024570794753084
0 0.47769835260179305 0.7025182983021678 0.018399503495958116 0.027184144950207368
0 0.021941526482502617 0.8030119295473451 0.017867822613981035 0.03356523867006655
0 0.46301187409294975 0.7154662991747445 0.009675714704725478 0.02115555751470872
0 0.47071647644042974 0.6452263255178192 0.020324601067437068 0.028024744104456017
0 0.22859765465260815 0.8914059800676349 0.0200605213494989 0.04572198598176385
0 0.3065250645102768 0.6454216954857458 0.016459914953434983 0.034748709346140313
0 0.4683039689243107 0.8529420942564895 0.01895698420632371 0.02134415999526837
0 0.40385022262280984 0.8495719637309207 0.013269888944426711 0.022467536837124415
0 0.45945737629469285 0.7832927300614034 0.02653977788885328 0.024714290520837068
0 0.5243185881732378 0.7009871493182829 0.011690140260566367 0.021344159995268227
0 0.5074152772559326 0.7279481935228321 0.01200608999733852 0.02134415999526851
0 0.389042119059332 0.7796692245296464 0.00940185121060054 0.021613451058851894
0 0.44553427676440577 0.7213129066707467 0.007942943264127962 0.02363070649101118
0 0.4263253221358512 0.6943681376840448 0.010698658274131745 0.024495244533365365
0 0.4156266638617197 0.7089211947303383 0.009077649444717721 0.02478342388081657
0 0.4542066740017701 0.7181429338487817 0.008753447678834974 0.02997065213494096
