0 0.3784524069892035 0.6170086330837673 0.026151974995930985 0.03377985071252893
0 0.5612542629241943 0.6509137801182123 0.02028216256035699 0.027861183072313847
0 0.40463580025566953 0.18687947591145837 0.019742647806803387 0.03100929731204186
0 0.5042742623223199 0.709090409455476 0.02174854278564453 0.031210487271532597
0 0.5497405529022217 0.28522914132954164 0.02232217788696289 0.03368478939857012
0 0.25249407026502824 0.6845535702175565 0.016766495174831815 0.026879911069516784
0 0.4056922329796685 0.6068770090738932 0.015108161502414279 0.021187629228756753
0 0.43869951036241317 0.7869947457019194 0.014816072252061632 0.027172512478298612
0 0.5011651515960692 0.7607543615647303 0.011435137854682077 0.020863992196542246
0 0.4217509296205309 0.7586768350483457 0.019669983122083876 0.023102936921296297
0 0.08749339646763271 0.17487491796046128 0.020421988434261747 0.03272647622190876
0 0.40526420540279817 0.7408792001229746 0.014755169550577797 0.024807588553722993
0 0.4639001952277289 0.6928125075352044 0.014538341098361544 0.021363623348283182
0 0.4459378719329834 0.9173721501856674 0.023649268680148654 0.03383287971402392
0 0.21638588772879708 0.6077042332401982 0.016136712498135038 0.025832235077281062
0 0.3897515402899848 0.5828915348759404 0.01626729965209961 0.020273750210985722
0 0.30551277266608345 0.5861155663007571 0.015632046593560114 0.022066375355661652
0 0.4533679882685343 0.5089959745053892 0.022339158587985568 0.025805956051673417
0 0.40226030349731445 0.6545963993778935 0.019647545284695096 0.025326387381847993
0 0.41966631677415633 0.6888289981418185 0.022361861334906682 0.03016865106276524
0 0.1612321469518873 0.6067775208273052 0.016293221049838595 0.02798320628978588
0 0.3834363222122192 0.68399523511345 0.012089596854315866 0.022720713674286266
0 0.3330049647225274 0.47539798124336907 0.01782711346944173 0.029290564266251932
0 0.2376272413465712 0.7519871511577088 0.019218868679470487 0.032081274338710455
0 0.23745445410410565 0.7516743695294416 0.01964757177564833 0.03161197238498264
0 0.47260991732279456 0.7662002186716339 0.013448556264241539 0.019776897665895063
0 0.4954448805914985 0.6453212219991802 0.010489675733778212 0.019893222384982638
0 0.44111743238237167 0.8344700660234616 0.0104468928443061 0.019186420205198687
0 0.43548826376597094 0.8343908521864148 0.010507345199584961 0.018859015570746526
0 0.2990012698703342 0.681288895783601 0.015538639492458768 0.021819267743899497
0 0.5374164051479764 0.747019120204596 0.009728325737847222 0.015884493604118442
0 0.16560900211334229 0.28588376221833406 0.017930560641818576 0.024978614147798516
0 0.45348021719190806 0.4784204930434992 0.011722617679172091 0.02593739827473958
0 0.5073858631981744 0.7342591697787061 0.011876371171739366 0.013614089400679976
0 0.5082128047943115 0.8380347357855904 0.011789798736572266 0.017027866693190587
0 0.2972707351048787 0.715630778559932 0.013387918472290039 0.01989958021375868
0 0.4467670520146688 0.7066271746600117 0.010930617650349937 0.01718346866560571
0 0.4022001028060913 0.6553022832046321 0.018863386578030057 0.02406730180905189
0 0.3310077720218235 0.8375024677794657 0.012647151947021484 0.026712111484857252
0 0.4321547481748793 0.7591817172957056 0.010486841201782227 0.017497827977309994
0 0.4603238370683458 0.8510741716549721 0.009202268388536241 0.016257297845534337
0 0.47660628954569506 0.8358453821252894 0.01317188474867079 0.016765829957561727
0 0.48984151416354715 0.8651109860267168 0.012129783630371094 0.01708701804832176
0 0.5818768342336019 0.8252925166377314 0.011374208662245009 0.01492931224681713
0 0.3573498107852413 0.489593188268685 0.013304162724692432 0.027436140018921477
0 0.3022705771050142 0.17786187322611163 0.012771996215704781 0.026490066225165556
0 0.22675779077892647 0.4504655543668275 0.011027021382937931 0.016683909420993643
0 0.2974949598630923 0.8314925148479645 0.010323168954239783 0.017518104892043453
