0 0.4595067501068115 0.6432167100317685 0.011058330535888672 0.02208365923092689
0 0.48372250133090544 0.6850933027856143 0.011554559071858726 0.01996471263744213
0 0.491717709435357 0.9156578911675348 0.013414382934570312 0.022218869056230706
0 0.4224776426951091 0.7385826581790123 0.010514259338378906 0.014685925142264659
0 0.4745524989234077 0.7422203487820096 0.011111524369981553 0.019698107684100116
0 0.38990047242906356 0.728231335863655 0.010383394029405382 0.01902907571674865
0 0.42044413089752203 0.7219204608305002 0.01211730639139811 0.014318254258897569
0 0.5042407247755263 0.7574031971119068 0.012227058410644531 0.02244059244791667
0 0.5473235978020562 0.7583795241367669 0.010242250230577257 0.014279589240933642
0 0.5447969701555041 0.731560907246154 0.011076132456461586 0.013375505988980517
0 0.48916676309373647 0.7368627477575233 0.015715546078152128 0.020366056465808257
0 0.5154804653591579 0.7233542454095534 0.010520299275716148 0.015145101664978781
0 0.5370802879333496 0.7480740488311391 0.010247654385036893 0.018693523642457563
0 0.39423562420739067 0.6942603970751351 0.019388967090182833 0.024473496425298998
0 0.5257857375674778 0.737362755669488 0.011888662974039711 0.018419995720003857
0 0.46415001682857243 0.5145089677345901 0.010117350239309531 0.023541024086236675
