0 0.4448822339375814 0.766466823624976 0.015196058485243056 0.026396386417341818
0 0.40205041567484545 0.6570727736861618 0.016199111938476562 0.029937979615764852
0 0.49309047063191735 0.6617678889521846 0.024090237087673612 0.03308067792727624
0 0.416940278477139 0.6629787492163388 0.017953210406833224 0.02397984634211034
0 0.4446882009506225 0.7663860791995202 0.01668413480122884 0.02785750966013214
0 0.4414527283774482 0.7420644171443986 0.014378097322252061 0.019982184892819253
0 0.48809982156957576 0.7363065660319235 0.014891592349884561 0.02262318676184492
0 0.4752389009037662 0.737509927029894 0.013537811227167821 0.016365709572398544
0 0.4776757069246564 0.7519502590055397 0.008664199185387389 0.01155226558051652
0 0.45520294028755787 0.7387132880278645 0.010830248981734271 0.01684705397158666
0 0.34730658480702997 0.6980396862964624 0.01597461724805811 0.02599259755616231
0 0.3280828928644516 0.5921439184750605 0.011101005206277605 0.025029908757786004
0 0.36287506771827305 0.8065828483133992 0.012454786328994345 0.026473941955350567
0 0.4250872725330707 0.8830263003107354 0.00866419918538746 0.01973512036671579
0 0.2052332182038647 0.71816584358878 0.017869910819861588 0.024067219959409414
