0 0.45067175229390455 0.6645546194947797 0.01959371566772461 0.02340523990584008
0 0.5274107456207275 0.6632107393241223 0.015968799591064453 0.02765514232494213
0 0.44200890594058573 0.694777524029767 0.01165954271952311 0.01897774213626061
0 0.4769629637400309 0.6677455431149331 0.014654000600179039 0.02378077565887828
0 0.4802156289418539 0.33957630910991154 0.014971786075168185 0.026899761623806424
0 0.5018357700771755 0.5775889172966098 0.024242613050672747 0.032790949315200615
0 0.4212264617284138 0.7423139266025872 0.010209321975708008 0.013492490038459683
0 0.4638041390313043 0.6839238625985604 0.01057381100124783 0.01876487260983314
0 0.5007992585500082 0.7228845902431158 0.01606098810831706 0.016911306498963156
0 0.4511622058020698 0.7292457627661435 0.010823726654052734 0.015467278751326197
0 0.39311297734578454 0.7259746598608701 0.013345400492350258 0.02224222819010417
0 0.4883330663045248 0.8186376124252509 0.015425046284993492 0.02656479823736497
0 0.40300679206848145 0.7446327209472656 0.009838528103298612 0.012776786898389274
0 0.49832990434434676 0.7029173109266493 0.010820388793945312 0.016328882288049767
0 0.4201361338297527 0.6712356379002701 0.013338565826416016 0.01950214527271412
0 0.27016715208689374 0.6473752480966073 0.014422390196058486 0.02107714429313754
0 0.3511406845516628 0.7726471276930821 0.013122876485188804 0.023424454677252123
0 0.4630915030138234 0.5898543588824964 0.008162609287354173 0.02176695809961096
