0 0.18978873888651532 0.6373048476230951 0.01903555128309462 0.03442910276813271
0 0.5643616517384847 0.5811414365415221 0.01515340805053711 0.02854081142095872
0 0.17194721433851456 0.675358619218991 0.017860386106703017 0.03371080940152392
0 0.4410327408048842 0.7068499812373409 0.012016057968139648 0.01819629433714313
0 0.3541180557674831 0.7292965783013239 0.01816913816663954 0.024664278383608216
0 0.07864406373765734 0.6032964211923105 0.020998915036519364 0.039384677086347415
0 0.4875451458825006 0.5790906600010248 0.01383299297756619 0.02452497129087095
0 0.4661000834570991 0.6436244823314525 0.027376651763916016 0.03578496862340857
0 0.3846427186293181 0.817573388306559 0.019899583966853172 0.030431860785629823
0 0.40111871825778805 0.7958906874967977 0.016048051586171893 0.0220630990695814
0 0.39801609495112805 0.8099654231101515 0.009414856930554123 0.012933540833892608
0 0.48101359954285994 0.7035465815377774 0.008986908888256267 0.019400311250838912
0 0.49074941750513756 0.7130565380332867 0.006633194655617771 0.014074735613353652
0 0.5074393911547564 0.7128663389033764 0.00834498682480941 0.011411947794611165
0 0.5294787153330992 0.8509509072181713 0.008772934867107268 0.01978070951065945
0 0.4313716266363015 0.6763481059606207 0.008131012803660482 0.014455133873174049
0 0.410295185553129 0.7347392388430478 0.009200882909405265 0.01863951473119826
0 0.43737963224225385 0.8527965059050413 0.011053741306736739 0.03134817640429048
