0 0.46954589419894754 0.6548846680441021 0.022794723510742188 0.033080112786940584
0 0.4085683822631836 0.7242601653675975 0.01406150394015842 0.025177849663628474
0 0.45855167176988393 0.7300573278356483 0.012197918362087674 0.022824793686101467
0 0.3891460365719265 0.7414370407292873 0.010626792907714844 0.01767043125482253
0 0.5305349826812744 0.6159913333845728 0.021105289459228516 0.029548174069251542
0 0.48232833544413245 0.8192777751404562 0.01722807354397244 0.021956926510657792
0 0.41060750215688957 0.8455442895664796 0.011832305229940374 0.018291486345801643
0 0.39761768880662884 0.8700091525539897 0.010031737042775647 0.016919624869866538
0 0.3823128592157276 0.8610920529604112 0.013890097443843103 0.014633189076641316
0 0.36765108969167104 0.8825845494167283 0.014918993550794468 0.01646233771122155
0 0.3446295392986346 0.8466875074630924 0.013632873417105316 0.015090476235286303
0 0.4491131506842617 0.8388932925343289 0.01286120133689181 0.016919624869866538
0 0.47560722543825873 0.7122247495896525 0.006687824695183835 0.01234675328341595
0 0.43187914089282664 0.7625263370406068 0.013890097443843246 0.02057792213902687
0 0.46433205254993204 0.4230041628013578 0.013672683370932361 0.023121285700438463
