0 0.19088511334525216 0.2237545766948182 0.01991683906979031 0.03422744185836227
0 0.5545497470431857 0.2613566245561765 0.019766913519965276 0.032583519264503764
0 0.07217341992590164 0.1276057502369822 0.024210062291887068 0.036351792606306665
0 0.15219119522306654 0.0714033297550531 0.019231120745340984 0.03164377918949834
0 0.384222428003947 0.6929998280089579 0.01581133736504449 0.0222132647479022
0 0.4921751287248399 0.7565338935381101 0.019660366906060114 0.0249833001030816
0 0.4392444027794732 0.6999307797278886 0.019051074981689453 0.02513518156828704
0 0.5639111730787488 0.5739379223482107 0.02078469594319661 0.029016565393518517
0 0.6114910443623861 0.674855809152862 0.020414352416992188 0.028346921190803433
0 0.06113295257091522 0.2600207034452462 0.023718519343270197 0.03997880441171152
0 0.2460298008388943 0.685500274469823 0.015882386101616755 0.021281442524474344
0 0.37237115701039636 0.6625009937050902 0.022635168499416776 0.02683903258523823
0 0.4757236904568142 0.9403750101725261 0.0190688239203559 0.028085119930314432
0 0.39895102712843156 0.7833162237096716 0.0141143798828125 0.024765438503689237
0 0.42093237241109216 0.5407516809157383 0.020246399773491755 0.029585332046320408
0 0.15340069267484877 0.6620538970570504 0.020331634415520564 0.031991181550202544
0 0.4515897565417819 0.7645776772204741 0.01783675617641873 0.02769173516167535
0 0.33577236864301896 0.5754288331961926 0.021073897679646805 0.03292126125759549
0 0.11116478509373134 0.8481048772364487 0.022397220134735107 0.034650449399594906
0 0.407809403207567 0.7415001480667678 0.018490658866034612 0.025309056411554783
0 0.10848236746258205 0.6374554104275173 0.015587157673305936 0.023906095528308257
0 0.4624493387010362 0.7750258740083672 0.013972388373480905 0.022977946717062114
0 0.20339014795091415 0.6168522775909048 0.01962100134955512 0.02734450352044753
0 0.5244831244150798 0.4484439896948544 0.01946369806925456 0.03000452489028742
0 0.4113178385628594 0.7146830146695362 0.019667863845825195 0.027542208447868442
0 0.19709108273188275 0.803987244029104 0.015659160084194608 0.02412160237630208
0 0.35972327656216085 0.791492744728371 0.016474246978759766 0.02619453712745949
0 0.5516179402669271 0.7287904951307509 0.013665411207411025 0.018282713713469328
0 0.11956230137083265 0.6717930311038169 0.0175301366382175 0.027491863862967786
0 0.43520779079861116 0.7867633678294993 0.011338657803005643 0.022500591513551313
0 0.28057944774627686 0.6325999365912545 0.01817917823791504 0.03464870688355999
0 0.5380831294589573 0.3082242070892711 0.017546123928493924 0.03464510411392024
0 0.4925563070509169 0.6787283155653212 0.01626820034450955 0.02916529149184992
0 0.498291465971205 0.14064486232804663 0.01709837383694119 0.023251074331778067
0 0.5083930227491591 0.8381623633113908 0.0112862057156033 0.015424940321180556
0 0.42303881380293107 0.7747689470832729 0.013755189047919381 0.019893552050178433
0 0.407420900132921 0.5907366246352961 0.012403382195366752 0.02422841389973958
0 0.5771493646833631 0.7205948064356674 0.019417603810628254 0.03255877082730517
0 0.10763258404201931 0.598080152346764 0.01808015505472819 0.022429289641203703
0 0.4049449629253812 0.4374087298357929 0.01640243000454373 0.023531690055941357
0 0.48235840267605257 0.6042894904996142 0.010156207614474826 0.019761356306664736
0 0.5107942687140571 0.7278223155457297 0.0106761720445421 0.016383371235411844
0 0.36087985833485914 0.6656571376470872 0.015500413046942819 0.02263782642505787
0 0.4760701921251085 0.8361447652180991 0.01384788089328342 0.021033110441984953
0 0.14551332261827257 0.8529308460376881 0.012283802032470703 0.02084209300853588
0 0.16924158732096356 0.6323936132737148 0.015618165334065758 0.021936628553602434
0 0.25941480530632866 0.5771445050651645 0.018611590067545574 0.024640636679566938
0 0.31346842977735734 0.7593216130762924 0.015441417694091797 0.024633713710455248
0 0.3773653772142198 0.8680538130395206 0.014037979973687064 0.016784197018470292
0 0.3505958053800795 0.7324530283610027 0.017779747645060223 0.02832723546911169
0 0.5007079442342123 0.7195861486741053 0.010234302944607206 0.017156106454354746
0 0.5816397666931152 0.8250115947958864 0.009027587042914497 0.014147628972559799
0 0.3101946380403307 0.6193355042257427 0.014982197019788954 0.025229183244116514
0 0.37346683608161074 0.834837218861521 0.014371236165364586 0.01808722225236304
0 0.49881884786817765 0.8587692637502413 0.011409282684326172 0.015248428156346451
0 0.4332925213707818 0.8478995429144964 0.011456489562988281 0.018302069769965276
0 0.2867565817303128 0.588364259696301 0.012604898876614042 0.02081440113208912
0 0.48529561360677087 0.8489065288025656 0.010676278008355033 0.015304942189911266
0 0.28392436769273544 0.6489409223014926 0.013367652893066406 0.02184469905900367
0 0.2339828238095405 0.5844488907506566 0.013715906356691754 0.025001145764096292
0 0.6119914853358562 0.49337748344370863 0.01383632923368026 0.027436140018921477
0 0.3750995505084356 0.8100477306794224 0.024217140188909313 0.024128432715689742
0 0.26421398309650557 0.4721052589130068 0.021790806054782657 0.029168346928232013
0 0.29433656793694046 0.47301676975451407 0.011279946663652219 0.018230216830145026
