0 0.5460754235585531 0.634089411040883 0.025967121124267578 0.03395443198121624
0 0.39868601163228345 0.6611170592131438 0.020014286041259766 0.027393341064453125
0 0.44786270459492994 0.5759050345715181 0.023129940032958984 0.025816740813078703
0 0.4344606399536132 0.6481379991696204 0.016107877095540363 0.020908261522834683
0 0.4564423561096192 0.648670408460829 0.014154116312662758 0.023155636257595487
0 0.44088451067606615 0.615080068140854 0.021110057830810547 0.020273232165678046
0 0.23110991716384885 0.6935109738950375 0.018634835879007976 0.02983488859953704
0 0.4041529231601292 0.7005097424542462 0.017412344614664715 0.022190564944420333
0 0.40914244121975374 0.5911947886149088 0.012997680240207247 0.021613650851779513
0 0.548323286904229 0.7280777354299286 0.010013209448920358 0.015247109495563271
0 0.511293543709649 0.7274993142963926 0.01364808612399631 0.016972294560185185
0 0.49037708176506895 0.7257826063368056 0.013014952341715492 0.015822799117476853
0 0.24892911646101207 0.6269697024498457 0.016813092761569552 0.024263452600549767
0 0.5014641020033095 0.7459887280876254 0.014460775587293837 0.02061537754388503
0 0.41513860225677485 0.7295492902214145 0.011167128880818687 0.018226764820240163
0 0.4337989886601765 0.7330456721929858 0.010841131210327148 0.016433386155116705
0 0.4046120908525255 0.7290738894615646 0.009392261505126953 0.012593210479359568
0 0.39517558945549863 0.7416875391830632 0.010430971781412758 0.014629882058979552
0 0.4766720930735271 0.5869315818504051 0.023796558380126953 0.030402666256751542
0 0.4695884121788873 0.7306990682342906 0.013820595211452909 0.015927020414375964
0 0.4746052159203423 0.7613922166235654 0.01290803485446506 0.02111397260501061
0 0.4746643702189127 0.7608865808557581 0.013702180650499132 0.02248128255208333
0 0.2646801736619737 0.876760412145544 0.01353804270426432 0.02598176179108796
0 0.4099919001261394 0.7468127026970005 0.00969696044921875 0.01327316849320023
0 0.5124268531799316 0.7399393717447917 0.01214599609375 0.01600364402488426
0 0.4764802985721165 0.5873445581506799 0.023514270782470703 0.028154443811487267
0 0.42491967238751677 0.7324361509661176 0.013674700529119406 0.022705163142688747
