0 0.09185171458456251 0.1698830157150457 0.01999655697080824 0.03173659760275005
0 0.47663471433851456 0.4250112933877074 0.014018270704481337 0.019134238914207177
0 0.19712377256817287 0.2370417559588397 0.026741650369432234 0.03668443656262056
0 0.23476296001010472 0.18359380298190647 0.02739546034071181 0.03126482316005377
0 0.45132886038886183 0.5820706449908974 0.01889695061577691 0.02812020572615258
0 0.4972131517198351 0.6131932764877508 0.02070850796169705 0.025378474482783565
0 0.19061815738677976 0.17490411099092462 0.01785021358066135 0.026850676830903985
0 0.4147111972173054 0.658275321677879 0.015169964896308053 0.021726349253713348
0 0.5078582763671875 0.9387671859176069 0.015635914272732206 0.023946220492139278
0 0.22778056727515325 0.2936416437596451 0.01716197861565484 0.022605001190562312
0 0.27389415105183923 0.25414323218074847 0.021439764234754778 0.02614852528513214
0 0.5845881832970514 0.6242909137113595 0.01980627907647027 0.026309967041015625
0 0.4584796958499484 0.7359291123755185 0.017388184865315754 0.02861508028006848
0 0.5182517104678683 0.5807529732033059 0.01560884051852756 0.021264205744237076
0 0.3974186579386394 0.15396753946940103 0.016796588897705078 0.021898293200834296
0 0.5788775549994575 0.695651419368791 0.01615672641330295 0.028693352216555747
0 0.3449325296613905 0.658286695127134 0.019726806216769747 0.021402665126470873
0 0.1257853243086073 0.093450481508985 0.011612017949422203 0.017323352672435618
0 0.6267009576161703 0.6724623220938223 0.017930719587537978 0.02902447735821759
0 0.09618397553761798 0.6210847548496576 0.016032165951199003 0.025474359959731865
0 0.5297705332438152 0.7631254313904563 0.020167986551920578 0.026721436300395446
0 0.5073254903157552 0.44783653447657457 0.012011210123697914 0.020427798047477817
0 0.5206544929080539 0.7242601653675975 0.011826780107286241 0.018673178590374227
0 0.5973711808522542 0.5690732649814936 0.014401064978705514 0.024551532886646413
0 0.4719518290625679 0.3145755014301818 0.013474835289849173 0.02322646717966339
0 0.23715416590372723 0.6741426020492743 0.013791773054334853 0.028361520649474344
0 0.5534216562906902 0.9070515573760609 0.01632923550075955 0.026737919560185185
0 0.3012746969858805 0.6490868697931738 0.0147807863023546 0.02216616971993152
0 0.014924793193737667 0.2746290630764432 0.014792467984888289 0.018994248943564333
0 0.42169674237569166 0.5433909569257571 0.016685962677001953 0.025079986195505402
0 0.4873915513356526 0.9182523091634114 0.01591454611884223 0.024516823851032023
0 0.3800510168075561 0.7276213375138648 0.014626847373114694 0.030713587631413967
0 0.4137160645590888 0.6825603673487534 0.014024919933742948 0.02030186594268422
0 0.23624274465772843 0.8142484029134114 0.015904373592800565 0.02380116780598958
0 0.4090562396579318 0.8045920854733314 0.014448960622151695 0.023057160554108797
0 0.3905575540330675 0.7827548980712891 0.013349745008680556 0.023258303418571567
0 0.3382591009140015 0.7607293070098501 0.015049590004814994 0.0220383538140191
0 0.414103799396091 0.9761704809871721 0.015757136874728732 0.02431007667824074
0 0.39619070953793 0.7593855916717906 0.013866715961032443 0.021683163113064237
0 0.43519671758015943 0.7822017905152873 0.017905341254340276 0.023325978973765437
0 0.36971730656094026 0.14079730893358772 0.013910929361979164 0.024223445374288676
0 0.5872700214385986 0.6707424823148752 0.017026742299397785 0.024044507815514083
0 0.3944243060217963 0.6088534696602527 0.0186923344930013 0.023937460816936727
0 0.24449801445007327 0.6177585272141445 0.017639107174343534 0.029244411138840666
0 0.6120576593610976 0.7223648259669175 0.01612944073147244 0.025382053704909334
0 0.3878383768929376 0.726732583693516 0.010991493860880532 0.021797509840977045
0 0.43527110417683923 0.7591327620141302 0.013723744286431205 0.017063376344280477
0 0.4482095638910929 0.7977563599009572 0.0120548407236735 0.022848576675226658
0 0.5274987485673692 0.7066581867359303 0.012197547488742404 0.014505409900053048
0 0.5030191474490696 0.7378582660062812 0.010737578074137367 0.014462365044487845
0 0.36442948712242973 0.7358138237470462 0.008832587136162652 0.015545927448037228
0 0.5869147512647841 0.6710178469434196 0.01738029056125217 0.024226671383704667
0 0.41251395808325875 0.716355100090121 0.011802858776516385 0.0191892930019049
0 0.4820244047376845 0.6357563160083912 0.012502140469021268 0.01899926456404321
0 0.3728386031256781 0.779139459869008 0.008360703786214193 0.014347735746407216
0 0.4857454035017226 0.7362915086157529 0.011430475446912978 0.014528957414038389
0 0.3381788730621338 0.1805215706059962 0.012073993682861328 0.022480941113130547
0 0.04986142284340328 0.6179208873230734 0.013131542338265311 0.021413402792848188
0 0.4953116046057807 0.6978721854127484 0.01296377182006836 0.016572316487630207
0 0.5040671825408937 0.7228365297670717 0.009293715159098307 0.014506210515528549
0 0.5528345108032227 0.7326961564429013 0.009099430508083768 0.01544745174455054
0 0.4154176976945665 0.45737671557767895 0.015508651733398438 0.019055731502580053
0 0.37839537196689177 0.3390749472158926 0.014921718173556857 0.020564279438536844
0 0.3405842251247829 0.7168406262809848 0.017391310797797307 0.03256404547043788
0 0.4403299623065524 0.748326501728576 0.015427298016018338 0.021436196786385996
0 0.4558834764692518 0.7624994913736978 0.012715392642550997 0.022968998661747685
0 0.38625457551744247 0.9230389536162953 0.01803694831000434 0.024703696922019677
0 0.382384909523858 0.7313597879292053 0.014162964291042753 0.026571579921392748
0 0.2446312771903144 0.6169719696044922 0.018859836790296767 0.028847164577907987
0 0.4758411248524984 0.7071310443642699 0.011155923207600914 0.01875992763189622
0 0.34531148296978953 0.4692847769845536 0.010973445186068673 0.024173386496846944
0 0.3450729298135707 0.4485041464872641 0.011927657810944226 0.01653968549784267
0 0.3309982935966565 0.49027745473181555 0.015267401998008624 0.021204724997234196
0 0.47758920809316097 0.4957906832310963 0.014074636216914271 0.022052913997123513
0 0.3594996064218589 0.6789752944114383 0.011450551498506484 0.02035653599734488
0 0.36868390293628595 0.7555243516514537 0.017891486716416338 0.019084252497510903
