0 0.4914958477020264 0.6181077839415751 0.020501507653130427 0.03085515528549383
0 0.3728403515285915 0.5500027927351586 0.01644611358642578 0.025043393358772183
0 0.3796694543626573 0.6185370786690418 0.018506632910834417 0.026938779854480132
0 0.5573437213897705 0.47140484091676305 0.014302094777425133 0.026824009271315584
0 0.4558316866556804 0.696282516291112 0.016826841566297743 0.026259339885947145
0 0.43472316530015737 0.5643859439425999 0.016561720106336806 0.02622623208128376
0 0.41533169481489396 0.6495579613579643 0.016839848624335393 0.022056909255039545
0 0.2631582021713257 0.705718970593111 0.015522241592407227 0.02966030733084973
0 0.3599510855144925 0.740902417971764 0.011555486255221896 0.018912044572241514
0 0.42039734787411165 0.6156171633873457 0.013987726635403104 0.02021977930893133
0 0.35803601476881236 0.7756022700557003 0.012334876590304904 0.02440454930434992
0 0.42280941539340544 0.7353748274438174 0.015097088283962674 0.02192179361979167
0 0.4631852308909099 0.8046290079752605 0.012669298383924697 0.021475897894965276
0 0.37898715337117506 0.7496633647400657 0.015585210588243272 0.02505417812017747
0 0.37945094373491073 0.6977500444577064 0.01756718423631456 0.021687354570553628
0 0.5009322961171468 0.7063002645233531 0.010522789425320096 0.017251050030743634
0 0.39360704686906606 0.2059774575410066 0.014385673734876845 0.024936993916829422
0 0.39779607454935717 0.6817825458667897 0.013759824964735243 0.021795814419970097
0 0.37860835923088915 0.721920531473042 0.015675650702582464 0.0232015539098669
0 0.17751698361502752 0.6481632891996408 0.012744678391350638 0.018497937991295333
0 0.3135392930772569 0.7133366855574244 0.011449601915147569 0.02026089326834973
0 0.4904120763142903 0.75311917434504 0.011176851060655382 0.015297359890407987
0 0.39112823539310027 0.7623441955189647 0.012193176481458876 0.019431455635730132
0 0.5274242030249702 0.7569164699978299 0.009582466549343534 0.01767193829571759
0 0.27465871969858807 0.6591582357147593 0.013257371054755319 0.027879738513334296
0 0.5012774997287326 0.5075493329836998 0.017770343356662326 0.02464369785638503
0 0.5002157423231336 0.5400458912790558 0.017182879977756076 0.02339662151572145
0 0.5326719548967149 0.687446923903477 0.026809533437093094 0.038464110574604554
0 0.40719437599182134 0.7692277696397569 0.014883200327555336 0.026922343689718364
0 0.2397846910688612 0.829058235074267 0.014397621154785156 0.023272290641878857
0 0.5324449274275038 0.6885110125129605 0.02612500720553928 0.03730213494948399
0 0.35984851254357225 0.45426531191225406 0.013838635550604928 0.02167237835165895
0 0.3213463756773207 0.6762871212429471 0.012677590052286782 0.024216122097439237
0 0.4793790711296929 0.7335444085391951 0.01216390397813585 0.021006878511405286
0 0.47931861877441406 0.7332144607732325 0.012558937072753906 0.022304440722053433
0 0.5001896752251519 0.5400011510024837 0.01758607228597005 0.02358387134693287
0 0.5361826419830322 0.7598774521439163 0.009356763627794053 0.017394595675998263
0 0.3869856198628744 0.6809271824212721 0.011414368947347008 0.017247706283757717
0 0.42971705065833193 0.7178497314453125 0.010895066791110568 0.016937350049430942
0 0.5128419929080539 0.7240758354281202 0.01479747560289171 0.02225569736810378
0 0.6294477780659994 0.8589695589042005 0.015818807813856337 0.017654889895592208
0 0.4590898619757758 0.7368735325189284 0.009965472751193576 0.018850444275655864
0 0.3129451539781359 0.6104032963882258 0.014879438612196181 0.020852689389829284
