0 0.5474811924828423 0.5472928741831838 0.024621062808566622 0.02961316520785108
0 0.3913803630405003 0.6959480709499783 0.01685370339287652 0.022106264844352817
0 0.4636770619286431 0.7151017130157095 0.012149333953857422 0.025246749689549576
0 0.355058855480618 0.6964129459710768 0.010493543412950303 0.02254085776246624
0 0.3654221561219957 0.6250927536575882 0.015045722325642906 0.0249903643572772
0 0.47880901230706113 0.7404285478003232 0.010362572140163846 0.022165557484567902
0 0.015293886471125817 0.7252050800088011 0.020787841329971954 0.03399903097270447
0 0.3473989168802897 0.6208092724835431 0.013541168636745878 0.021459367540147566
0 0.4924320114983453 0.7006101019588518 0.014066166347927518 0.023132936454113618
0 0.1961010628276401 0.7516832469422141 0.02123894956376817 0.03161503356180073
0 0.44212167792850066 0.41522798420470436 0.014362414677937828 0.021802501913941938
0 0.006518909086783726 0.09400250293590405 0.013037818173567452 0.04178866044974622
0 0.3987473514344957 0.734455320570204 0.030614985360039607 0.03731654602804302
0 0.2664921151267158 0.7541813320583768 0.015741215811835393 0.027135119026089893
0 0.519121938281589 0.7505502347592955 0.012748559315999351 0.017327626546223957
0 0.5463537904951308 0.7289220315438729 0.016535282135009766 0.019372963610990546
0 0.40495860576629633 0.9459196020055701 0.01625545819600423 0.02227189805772569
0 0.48568381203545463 0.8277069845317324 0.010446442498101127 0.01623723536361883
0 0.5019576019710964 0.7251790835533614 0.00787051518758138 0.013668672538097993
0 0.43189521630605066 0.7822352044376326 0.01501859558953179 0.021218806137273342
0 0.5112566947937012 0.7097990012463228 0.009727689954969618 0.013959766905984761
0 0.40508671601613355 0.9455894658594955 0.01689706908331977 0.02293932879412616
0 0.5003992981380886 0.8607570977858555 0.011228402455647789 0.02198443000699267
0 0.4633589585622152 0.9785933317961516 0.021795431772867843 0.028802188826195986
0 0.5349647733900282 0.7703497615861304 0.010984950595431857 0.01699273380232446
0 0.47240567207336426 0.6881614261203343 0.01088857650756836 0.015304989284939237
0 0.3990521166059706 0.734564651677638 0.030500253041585282 0.036746460714457946
0 0.5987753603193495 0.8352454856589988 0.009516663021511503 0.013724809811439042
0 0.48441494835747606 0.8507725280008198 0.007753478156195747 0.013095055097415124
0 0.5140077802870009 0.724063237508138 0.012406773037380643 0.015223703266661844
0 0.4712610774570041 0.8401932892975985 0.008389049106174044 0.012846770109953705
