0 0.24299779843444227 0.09686888454011744 0.026969178082191795 0.046966731898238745
0 0.2779476516634051 0.05528375733855187 0.019814090019569443 0.028375733855185912
0 0.43477316138198646 0.4302077450050091 0.015609293282459049 0.02124062954211169
0 0.4122264044184345 0.4941009290308771 0.01291139073981185 0.02432394673370851
0 0.3401538650648582 0.4913602026383465 0.02254675696355207 0.022953583537443267
0 0.37927345193324313 0.4055412074722342 0.017150951878257457 0.019185084747713715
0 0.35855741455220186 0.538295142110432 0.015416585957984239 0.03254612591130012
0 0.29937082857160663 0.6036449879548499 0.016765537229307875 0.02124062954211169
0 0.25533720492911416 0.6567465618101289 0.020426976394329194 0.022610992738376724
0 0.2131343008691322 0.6558900848124631 0.01811448850063151 0.022953583537443336
0 0.4781068720219865 0.5621915012678257 0.024281122883825147 0.0342590799066317
0 0.5235858005980399 0.5803488136183403 0.01541658595798431 0.02192581114024421
0 0.5267654714518741 0.6233439589011631 0.02100509836775352 0.025009128331841098
0 0.5407367524762975 0.7283480388149891 0.015416585957984381 0.023296174336509382
0 0.48716411627230216 0.7377692857893129 0.016572829904833098 0.015416585957984381
0 0.4743490791947278 0.7490747821585012 0.01098431749506382 0.02637949152810634
0 0.4659663105800739 0.7381118765883792 0.009635366223740149 0.018842493948647388
0 0.4491044196885286 0.703338910483148 0.01175514679296299 0.0178147215514484
0 0.44804452940391715 0.6485243826325373 0.01503117130903469 0.023981355934642182
0 0.41017754014461844 0.6067283051464467 0.01329680538876147 0.021925811140244278
0 0.39081045403490067 0.6055292373497145 0.01618741525588341 0.019527675546780046
0 0.36354236762171604 0.6277976392890251 0.01599470793140867 0.024323946733708583
0 0.3485111963126814 0.6598298790017258 0.015609293282459049 0.019185084747713715
0 0.36990170932938454 0.6641122639900547 0.014453049335610188 0.020212857144912704
0 0.361133526065781 0.6858667797307657 0.02042697639432916 0.02055544794397903
0 0.34889661096163105 0.7420516707776418 0.010598902846114129 0.0253517191309075
0 0.422799869897718 0.8062874456025761 0.01734365920273234 0.02363876513557585
0 0.434073248379494 0.7905282688455256 0.015609293282458978 0.02432394673370851
0 0.41894572340822195 0.6668529903825854 0.021583220341177947 0.020212857144912704
0 0.4035291374502377 0.6874084383265643 0.01233326876638742 0.021583220341177878
0 0.38435475866499474 0.7226952906303948 0.01021348819716465 0.022268401939310536
0 0.4091176498600069 0.7107046126630737 0.01657282990483303 0.024323946733708367
0 0.4300263945655231 0.7230378814294611 0.021775927665652686 0.02363876513557585
0 0.4182712477725602 0.6898065739200285 0.02023426906985442 0.025009128331840883
0 0.48109383555134594 0.8359215497218127 0.01136973214401337 0.01781472155144854
0 0.17612524461839535 0.7181996086105675 0.019814090019569443 0.031311154598825934
0 0.17860259359080247 0.6538543600575752 0.014375611203380777 0.015333985283606211
0 0.2530107571795012 0.29747931450195897 0.020700880132868315 0.023512110768196096
0 0.38059990180268427 0.14151911514773763 0.01506523170719312 0.021117076922903148
