0 0.3849463860193888 0.7148298098717207 0.0140384833017985 0.023540449731143904
0 0.4898458321889242 0.8172425164116752 0.015182654062906899 0.03220329755618249
0 0.4377870559692383 0.6583466235502268 0.017771932813856337 0.028171774781780477
0 0.35131029287974047 0.6794958938787014 0.015633238686455622 0.024381143075448496
0 0.44471120834350586 0.5990828525872878 0.017710261874728732 0.028119310920621143
0 0.36117325888739693 0.7466199427475165 0.018989721934000652 0.026796882535204472
0 0.42929539415571427 0.724521118917583 0.008131159676445855 0.01961441981939622
0 0.39200492699941003 0.6914032594657239 0.011373440424601235 0.01846223996009356
0 0.3931915627585517 0.6711615574212721 0.014710134930080838 0.019244629659770446
0 0.4468172126346165 0.7313622368706596 0.010955015818277992 0.014480308250144675
0 0.47260023704532084 0.6594593915977777 0.009973434069061824 0.018078207288582605
0 0.4839425738297441 0.7129986977985803 0.013102354561316644 0.015992260293746056
0 0.46546238717236477 0.7272526689299629 0.006648956046041263 0.011820366304073389
0 0.4544133866840903 0.7124772110498712 0.014275699745912078 0.021207127780837425
0 0.4682322864467848 0.8821512517368157 0.012317026027506799 0.023721679756679492
