0 0.3785778681437174 0.7358990422001592 0.015295558505588107 0.02507951524522569
0 0.3750810225804647 0.7628731668731313 0.010692675908406578 0.014577653672960069
0 0.3950731092029147 0.8131358299726321 0.014477332433064781 0.025808169517988044
0 0.4014598793453641 0.7498247358534071 0.016307989756266277 0.025102262143735534
0 0.5076723098754883 0.6825475104061175 0.017843246459960938 0.022655958010826583
0 0.5976804362403022 0.710630770082827 0.0220749643113878 0.036583135157455635
0 0.4628257751464843 0.7301382135461877 0.010462125142415367 0.0164595709906684
0 0.4066481713850854 0.7132952519372844 0.015591939378289866 0.026459048641946623
0 0.39861596019020884 0.7282047158545717 0.011339592275119941 0.022679184550239883
0 0.4347609105671536 0.7214849574693153 0.01700938841267984 0.020159275155768767
0 0.3525904473045103 0.7788619953411076 0.012993282815241543 0.02225919965116134
0 0.43586557807492227 0.8653788845512819 0.01511945636682661 0.023099169449318425
0 0.4827595169626578 0.8712586731383811 0.011575833780851568 0.018059350660376196
0 0.4301957819373623 0.8261102964874406 0.01417449034389989 0.020999244953925994
0 0.382474997779566 0.8225404248452732 0.015591939378289937 0.02897895803641745
0 0.17623616327582223 0.8324100699736183 0.010867109263656615 0.020159275155768767
0 0.4431202324114449 0.3817714446935064 0.019359070054849995 0.03191313366617699
