0 0.39661994245317245 0.7371307891092183 0.015386925803290475 0.020213515670211225
0 0.3842870129479302 0.7366321469530648 0.013679027557373047 0.020949987717616705
0 0.42527802785237623 0.7361914316813152 0.017810927497016057 0.019881872483241705
0 0.40519038836161303 0.6953261575581116 0.020084593031141497 0.026216389220437886
0 0.5629418426089817 0.6009957348858869 0.01602050993177626 0.02340523990584008
0 0.4546004136403402 0.7618997832875194 0.01119502385457357 0.01949178436656057
0 0.40504142973158097 0.695291636902609 0.021498521169026688 0.026617733048804014
0 0.5126003809408537 0.7919444963032347 0.00949407677528768 0.023509142491188725
0 0.5600707648172925 0.7452276105835648 0.00949407677528768 0.020495149864113243
0 0.49513806115773507 0.712977889473857 0.009155002604741754 0.02953712774533969
0 0.418846372784887 0.8118368476419329 0.010511299286925749 0.02833153069450944
0 0.33432713215834753 0.7691709184296621 0.016275560186207513 0.028934329219924705
0 0.3065230501735763 0.7239610290235302 0.014241115162931629 0.026523135118264207
0 0.36806300057416275 0.8342880059297033 0.01062197496285478 0.0225861602695997
0 0.433252768483448 0.8304002242439527 0.009372330849577679 0.0199943058124326
0 0.46944963855440563 0.7272003076966204 0.007497864679662243 0.016291656587907967
0 0.4567449234027558 0.7277557050802989 0.009580604868457243 0.015921391665455503
