0 0.4359256707905429 0.7578153695285895 0.012228453580200381 0.018116227526222984
0 0.45025588982984016 0.7373213871395501 0.010572517157881621 0.01788977468214483
0 0.46031888808854676 0.7385668777819779 0.009553479359531493 0.013587170644666883
0 0.4574528442806873 0.7575889166845117 0.009171340185150286 0.013134264956511573
0 0.48789659850639444 0.7391330098921723 0.012228453580200381 0.012454906424277965
0 0.5143278914010984 0.7334716887902277 0.0077701632124189506 0.013813623488744611
0 0.5296134583763488 0.7261119713576997 0.008789201010768934 0.012681359268355976
0 0.49369237598450977 0.7219225937422604 0.009043960460355717 0.013360717800589077
0 0.5026726465824699 0.7202241974116774 0.01222845358020031 0.011322642203889188
0 0.42770967854134584 0.7099205930061382 0.01261059275458166 0.011096189359811319
0 0.37917800339492536 0.7794416161380177 0.018724819544682452 0.01562524624136738
