0 0.5424207316504585 0.6706283946096161 0.021840784284803606 0.030832172911844136
0 0.35659665531582296 0.7618879859830128 0.014466868506537545 0.024791811719352817
0 0.20981179343329537 0.6299627327624663 0.017896705203586154 0.026586367760175544
0 0.4886486795213487 0.6416476685323833 0.017145686679416232 0.02680206298828125
0 0.45441741413540315 0.6277018888497059 0.01960791481865777 0.026083392861448687
0 0.3739060958226522 0.5925679618929639 0.01960656378004286 0.029825940544222607
0 0.3746798700756496 0.7166798909505208 0.01585517989264594 0.023075810185185185
0 0.5299516783820258 0.6119496851791569 0.017078929477267794 0.028415444456500773
0 0.49275973108079696 0.9272696883590131 0.01836326387193468 0.026244834617332177
0 0.4121641053093804 0.15538290989251785 0.019165992736816406 0.027759905214662903
0 0.42303903897603345 0.6699956493613161 0.014363288879394531 0.024246451295452352
0 0.49229001998901367 0.7511555942488306 0.012154579162597656 0.020561830497082368
0 0.48640833960639107 0.6830528400562429 0.018636915418836806 0.023397139561029127
0 0.3448425398932563 0.6972804599338107 0.012235164642333984 0.020840868537808643
0 0.40995970037248397 0.6568413016236859 0.011129140853881836 0.0198121718418451
0 0.4347083303663466 0.6940156206672574 0.015458212958441842 0.02626974788712867
0 0.50989654329088 0.7475821883590134 0.010554419623480905 0.015658060709635418
0 0.42246438397301567 0.5782029658188055 0.024152517318725586 0.02587961267541956
0 0.3816748725043403 0.7643774291615428 0.016309950086805556 0.026937743763864777
0 0.4086446762084961 0.6328513769455898 0.016717010074191622 0.023581846260730132
0 0.029703187445799514 0.7983092084343051 0.011975114544232689 0.02733814569167149
0 0.431044618288676 0.8036106250904226 0.012647867202758789 0.027694513768325615
0 0.44697205225626635 0.7211093431637612 0.014108551873101127 0.02045162813163098
0 0.3297274377610948 0.7084889117582346 0.010000122918023002 0.020297439010054975
0 0.4310448434617784 0.7752179039849174 0.019197940826416016 0.027069421462070795
0 0.49930991066826713 0.6826195657989126 0.016008694966634113 0.021994743818118247
0 0.4808481534322102 0.7447436061906226 0.00949202643500434 0.019439932740764852
0 0.47570183542039657 0.7269454296724295 0.011895338694254555 0.015980284891010804
0 0.5025506284501817 0.7252793724154247 0.01096487045288086 0.015000943784360532
0 0.5821784337361654 0.825140729362582 0.007959259880913628 0.013938715428481867
0 0.18136434422598946 0.6393840695604867 0.018461929427252874 0.024031792157961997
0 0.18153505192862618 0.6397195038972078 0.017122546831766765 0.022024460780767748
0 0.5871145460340712 0.8083692950966918 0.01343621148003472 0.01964220588589892
0 0.4084689219792683 0.6335954312924985 0.01618324385748969 0.022758248411578898
0 0.5445871353149414 0.8476089194968894 0.016193283928765193 0.02166813979914159
0 0.5002828439076741 0.7653236860110435 0.01222001181708442 0.015738969967689042
0 0.43100880251990425 0.8032845391167536 0.013996786541408963 0.028923128858024692
0 0.6582766903771295 0.8177588662983459 0.010173850589328341 0.026066250271267362
0 0.5004749563005235 0.7667795581582152 0.012121359507242836 0.01597392706223476
0 0.5873436397976345 0.8082212283287521 0.01506858401828342 0.020790194287712192
0 0.5896386570400662 0.8309707641601562 0.010946273803710938 0.015945811330536266
0 0.6282554189578038 0.44770609237795383 0.01319268509428305 0.02805241972117692
