0 0.5830445024702284 0.6949404728265456 0.03027507993910048 0.03841320084936825
0 0.4081199036704169 0.5836595841396002 0.017065339618259005 0.02537607263635706
0 0.3704193830490112 0.5519639945324557 0.019320832358466253 0.028220847800925927
0 0.5224803818596734 0.730502234564887 0.017951011657714844 0.028527436433015047
0 0.13841852214601305 0.13906504195413472 0.024707357088724777 0.0410228423130365
0 0.5477781825595431 0.7057770623101127 0.009613355000813803 0.018085997781635804
0 0.4446239603890313 0.9292760778356481 0.014769633611043297 0.028149451738522378
0 0.3980222013261583 0.6303805833981361 0.012099848853217233 0.020899030897352434
0 0.3745460112889607 0.696631137235665 0.01412155893113878 0.022095150417751737
0 0.40987206829918754 0.8167037492916908 0.014509916305541992 0.022652991024064432
0 0.5533251232571073 0.7242397732204862 0.00963592529296875 0.01565137321566358
0 0.39255540900760233 0.8096531997492283 0.011412541071573891 0.021921228479456017
0 0.20831243859397042 0.7380775640040269 0.02105753951602512 0.032477390618971834
0 0.39254641532897955 0.7229153668438946 0.010658635033501517 0.021907194161120757
0 0.39182492097218824 0.7692313017668547 0.011184559928046334 0.018993801540798612
0 0.46879826651679146 0.7361045413547092 0.017175674438476562 0.018392916078920716
0 0.3965164952807957 0.6635461265658155 0.01800672213236491 0.018668327802493247
0 0.5021737416585287 0.7240133403260031 0.008021036783854166 0.013059733826437114
0 0.46890550189548064 0.7351221155237269 0.018083042568630643 0.020226372612847224
0 0.4628334045410156 0.7095954329879194 0.018337249755859375 0.02425318588445216
0 0.4886310630374484 0.7458594051408179 0.01078388426038954 0.014199998643663194
0 0.39411744806501603 0.6881460260461878 0.011884556876288522 0.020994445424021027
0 0.5819210211435955 0.8254292335039304 0.008004559410942925 0.012533211413724923
0 0.31161912282307946 0.639939131560149 0.011334260304768883 0.02323918283721547
0 0.46297974056667757 0.7107772827148438 0.01720481448703342 0.023597340524932484
0 0.3617941538492838 0.7129462442280334 0.008047633700900607 0.016394626947096837
0 0.5608270433213977 0.8681958516438801 0.008700052897135416 0.016188727484809026
0 0.4482189019521077 0.4195627047691816 0.012399302588568795 0.021674780198085455
0 0.5260709126790364 0.853107829152802 0.009566624959309896 0.015351001127266591
0 0.5793255964914958 0.850385265585817 0.011581579844156899 0.019313011640383872
