0 0.38932429419623477 0.6013581546736352 0.024169974856906466 0.029252888243875386
0 0.35292338000403506 0.6008771025104287 0.02300175031026204 0.026829331009476275
0 0.23923485808902317 0.101140472624037 0.01438222991095649 0.022941418635992358
0 0.38648317919837105 0.6826532151963975 0.01477233568827311 0.019920914261429397
0 0.5881532563103571 0.5607875305929302 0.019745720757378474 0.03200173083646798
0 0.48447020848592115 0.6667843335940514 0.022711541917588972 0.02580086978865258
0 0.40263258086310494 0.6534029878216024 0.016503757900661893 0.020873411202136382
0 0.15161073870129055 0.5936112815951123 0.01923223336537679 0.024992907488787616
0 0.5344911151462132 0.7342489972526645 0.014544381035698783 0.02366520446023823
0 0.5185555087195503 0.4358105836091218 0.01691346698337131 0.026440137698326583
0 0.391081346405877 0.704838670330283 0.013850503497653537 0.021476321750217013
0 0.42850895722707105 0.6944707705650801 0.02491927146911621 0.041396247016059026
0 0.5184948709275987 0.28466958175470797 0.020771556430392794 0.030404573605384354
0 0.6386579407585992 0.7375716692135658 0.013526704576280382 0.02593824598524306
0 0.36171768771277535 0.7040458255343968 0.017220735549926758 0.0322023085605951
0 0.2693574825922648 0.23944488572485653 0.0162453916337755 0.024636092009367765
0 0.6027549902598063 0.7094751522864824 0.014722877078586154 0.023762173122829862
0 0.5621612336900499 0.3645221097969714 0.013921101888020836 0.02800698927891107
0 0.0876930124229855 0.7941830717487101 0.016535977522532146 0.026738814365716627
0 0.3790058162477281 0.7713852399661216 0.013328313827514648 0.021880255805121526
0 0.38462322288089323 0.6432776274504485 0.01742121908399794 0.019796112437307098
0 0.4707053767310248 0.7420446136851369 0.011747201283772789 0.02046457926432292
0 0.3974667920006646 0.5772429336736232 0.01753144794040256 0.019820931517047648
0 0.4612820678287083 0.7262895136703679 0.014644781748453774 0.01811100524148823
0 0.27648483382331 0.7440133035918812 0.021398279401991106 0.03487909576039255
0 0.40410852432250977 0.7314888754008728 0.012426323360866971 0.014272148226514274
0 0.4662191867828369 0.7117754382851683 0.017554971906873915 0.020446447678554205
0 0.5134399202134874 0.7401430341932509 0.011004024081759982 0.014956862838179976
0 0.5184963279300265 0.2845412007084599 0.02134381400214301 0.030953701631522473
0 0.6229758792453343 0.726743886500229 0.01741737789577908 0.028446951030213156
0 0.4124432669745551 0.7063925707781756 0.015241675906711154 0.024074460253303433
0 0.3536481857299804 0.67720745227955 0.012569268544514976 0.02201254573869117
0 0.3493145174450344 0.5702229958993418 0.023233016331990555 0.03020482004424672
0 0.3842111561033461 0.6586761945559655 0.014633364147610135 0.021082183461130402
0 0.3492658668094212 0.5705990026026596 0.023420492808024093 0.02998347341278453
0 0.3464737865659926 0.4856122099323037 0.013142771191067167 0.027978355501904903
0 0.4007535378138225 0.7481292677514348 0.008967849943372939 0.013117236855589314
0 0.3728942473729451 0.5024374973626784 0.015124824311998155 0.024643132716049385
0 0.44684469699859614 0.8690971562891829 0.01698025067647298 0.020507341549720292
0 0.5441269609663222 0.7412868075900607 0.010426044464111328 0.015421266908998843
0 0.5404599772559272 0.8363819357789594 0.011917803022596572 0.015086892210407021
0 0.4919450018141005 0.7421029173297646 0.011582798428005643 0.015568297586323302
0 0.4958070913950602 0.7180528758484641 0.009436766306559244 0.01387311205451871
0 0.3457314084236364 0.254362334533568 0.02916772560168013 0.02816194196024295
0 0.636158153209059 0.5502754056041117 0.015086754621558854 0.024138807394493825
