0 0.4628063572777642 0.6506213435420284 0.017811298370361328 0.028734277795862267
0 0.4114619096120198 0.7077537819191262 0.019088268280029297 0.023680698724440584
0 0.3615626096725464 0.6565279548550831 0.02033930354648166 0.02758252179181134
0 0.5249941613939074 0.5999319288465711 0.023185624016655818 0.040289890618971834
0 0.29478045304616296 0.6525072639371142 0.018240637249416776 0.02749690303096065
0 0.4260789420869615 0.7304852803548176 0.012967242134941947 0.02052702727141204
0 0.3879422346750896 0.7251788716257355 0.010543346405029297 0.018832689450110917
0 0.4394662645128038 0.790053497126073 0.011470582750108507 0.02362545625663098
0 0.48495756255255806 0.7177711533911435 0.012332439422607422 0.018506980236665704
0 0.36982852882809103 0.7759098947784047 0.015437841415405273 0.018528879424672066
0 0.46720430586073136 0.4702939633969907 0.01769574483235677 0.026858577021846065
0 0.38845696714189315 0.8058397740493585 0.014835596084594727 0.021425694595148533
0 0.46496266788906526 0.8699172691062645 0.014754242367214628 0.025024696632667823
0 0.5120791859096951 0.7388300012659144 0.012034310234917533 0.018987019856770832
0 0.4657244682312012 0.723274701907311 0.010707749260796439 0.01880711684992284
0 0.4682993094126384 0.7804216455530237 0.016316784752739802 0.02347564697265625
0 0.41152944829728866 0.34600197827374496 0.011401308907402884 0.02204657189639998
0 0.3394200404485066 0.6306834750705296 0.016099956300523546 0.023223500192901234
0 0.5234606795840793 0.8385940363377701 0.010875542958577476 0.014560652367862654
0 0.5526992744869657 0.721735754130799 0.012141598595513236 0.0161222764003424
0 0.5818839603000218 0.8250343416943962 0.008387777540418837 0.013653978889371142
0 0.504063844680786 0.7224734506489319 0.013320763905843101 0.016901981683424962
0 0.5590456856621636 0.8677727970076196 0.01538795895046658 0.018075636875482252
0 0.4306419160630968 0.7531369291705851 0.014241907331678603 0.02069972473898052
0 0.4550438457065158 0.8252636473855854 0.009990162319607206 0.01815654613353588
0 0.56106432278951 0.7518654340579186 0.011498080359564889 0.01671327190634645
0 0.5123779243893093 0.6723336113823786 0.014106379614935983 0.020955592025945217
0 0.5299101140764024 0.7619272867838542 0.011454847123887803 0.015555770308883101
0 0.5033195018768309 0.7227669704107591 0.011113007863362633 0.015139167691454476
0 0.5427250862121582 0.8481626157407406 0.013275040520562064 0.020389321409625773
0 0.4305119514465332 0.7529558016930098 0.012324863009982638 0.01880301958248939
0 0.3906499412324693 0.7577860561417945 0.010526471667819552 0.013250139024522569
0 0.6047594282362196 0.8579479735574604 0.010032229953342013 0.017855137954523533
0 0.37304861015743684 0.8702638885121288 0.010447899500528969 0.020869031364535107
0 0.5657565063900417 0.7255230656376592 0.008769300248887803 0.014253404405381944
0 0.6343424787133397 0.34815515610217596 0.030865657521286564 0.05108798486281927
