0 0.4355195893181695 0.6634995495831525 0.0194247563680013 0.02742263417185089
0 0.4030405282974243 0.698001155146846 0.026558902528550886 0.031552915219907406
0 0.39978157149420845 0.5819764549349561 0.016201443142361112 0.026467452814549576
0 0.3698464896943834 0.7861031190848645 0.011291848288642038 0.01609806955596547
0 0.4455223613315158 0.7074199017183279 0.008522351582845053 0.014831872633945795
0 0.4312136438157823 0.7381331596845463 0.014446735382080078 0.02654092105818383
0 0.3660390774408977 0.6441562322922695 0.01462456915113661 0.023550433877073687
0 0.384692284795973 0.8463780909408759 0.010191255145602755 0.019112104251060958
0 0.4629504415724013 0.7332332281418789 0.012011951870388456 0.020779833381558643
0 0.45525208417996 0.8348546106300085 0.01052060192177855 0.025504489507341646
0 0.41731415603778915 0.8124673365068973 0.014983887585563238 0.017002993004894336
0 0.39499772771886504 0.8243694316103235 0.012433438634829201 0.019270058738880495
0 0.4752750503136775 0.7475025365992053 0.01497400914661867 0.022006247516215893
