0 0.21492783757338557 0.6854207436399219 0.026969178082191795 0.032289628180039213
0 0.42930528375733856 0.4363992172211351 0.024217221135029377 0.03718199608610569
0 0.4656311154598826 0.3101761252446184 0.023116438356164365 0.04305283757338554
0 0.07045009784735813 0.13992172211350296 0.0341242661448141 0.05088062622309199
0 0.1301675636007828 0.13649706457925637 0.020364481409001947 0.036203522504892366
0 0.2853779354207437 0.22553816046966735 0.021465264187866956 0.030332681017612516
0 0.23419153620352254 0.22847358121330724 0.009356653620352269 0.022504892367906065
0 0.2242844911937378 0.23923679060665365 0.012659001956947158 0.020547945205479437
0 0.20639677103718201 0.3052837573385519 0.018713307240704465 0.027397260273972605
0 0.1739236790606654 0.2901174168297456 0.014310176125244602 0.020547945205479437
0 0.023666829745596873 0.21966731898238748 0.025318003913894323 0.038160469667318966
0 0.016786937377690804 0.41389432485322897 0.010457436399217222 0.023483365949119345
0 0.5312385157214798 0.7576619196026328 0.027950442991972226 0.03957199185280585
0 0.47516867936051327 0.5659905337154248 0.0323454659968737 0.03957199185280601
0 0.5509892340628624 0.6318408014079848 0.019824640449696673 0.027824056771504287
0 0.5647273620937925 0.7471560589165523 0.015998832643614947 0.027205744398804087
0 0.5037682345150616 0.8139826847097712 0.016514172069209607 0.025933366508684656
0 0.4649599301524191 0.8320871103856453 0.011559920448446732 0.026911984112785916
0 0.41321552433556263 0.856797204889205 0.009908503241525245 0.019572352082023278
0 0.44335388836186995 0.8653601089250899 0.01568846346574908 0.019083043279975412
0 0.38541666801905977 0.7422989452093504 0.014862754862288554 0.030337145727140608
0 0.40413272969749714 0.7655411133067566 0.014862754862288554 0.024954748904583397
0 0.36105826421697557 0.720280049117071 0.009633267040372217 0.023486822498431367
0 0.3724805665648455 0.6652328088863726 0.012110392850753654 0.017125808071773038
0 0.3750953104758038 0.6862730873745508 0.01018373944267914 0.014189955259468973
0 0.4459686322728281 0.597463539802357 0.018165589276130448 0.023486822498431294
0 0.4273901886949673 0.6121428038638767 0.01568846346574908 0.014679264061519603
0 0.42335209369478377 0.625510822644623 0.010686793730250698 0.01777301896357109
0 0.4244724833600519 0.6431306259274734 0.010514426089440079 0.021143763939420454
0 0.43205665955571376 0.6561539587887109 0.01051442608944015 0.02206305802374345
0 0.44067504159623844 0.6633550957825716 0.009824955526198238 0.01501513671060323
0 0.45472300432229373 0.7346003873175759 0.009997323167008717 0.02390164619238874
0 0.4251619539232939 0.6800556049810994 0.01982227869320681 0.019611607132216307
0 0.42180078492748924 0.6932321535230572 0.01827096992591237 0.02145019530086131
0 0.4121481970421016 0.7068683491071763 0.013789411264839586 0.017466587602130233
0 0.4369519694546038 0.7617883645420258 0.009307852603766733 0.02206305802374331
