0 0.5332815117306179 0.6907666053301023 0.02201806174384223 0.03331351574556327
0 0.48231755362616646 0.6815617172806353 0.013414171006944444 0.023419933554566938
0 0.517842690149943 0.5499129118742766 0.019286844465467665 0.029619664321711033
0 0.5554498831431071 0.6823040762065369 0.017273002200656466 0.027640684151355132
0 0.4317094220055474 0.6370064064308448 0.021393299102783203 0.029354048363956404
0 0.3075820604960124 0.6017584859589 0.01621972190009223 0.024658532790195795
0 0.40570665730370414 0.7213105566707658 0.015205992592705619 0.022219716766734187
0 0.35032098823123503 0.7023119278896003 0.013078186247083876 0.024073800922911844
0 0.5220512549082438 0.7528201209174263 0.009908729129367404 0.014858340039665317
0 0.47446698612636984 0.8152667387032214 0.015487194061279297 0.02706080307195216
0 0.4943217966291639 0.7539551581865476 0.014791753556993272 0.019806520438488618
0 0.4283122883902655 0.9288904166515961 0.012390904956393771 0.02586016242886767
0 0.41130472554100883 0.747083028157552 0.016614198684692383 0.021110252097800927
0 0.050849858257505626 0.5889148241207923 0.017213523387908936 0.027381661497516398
0 0.38174676895141607 0.7413128746880424 0.020555867089165583 0.023801026520905672
0 0.23374332322014704 0.7607231140136719 0.015225039588080514 0.028097929777922453
0 0.43236849043104386 0.8015632629394531 0.014027595520019531 0.0203219755196277
0 0.4407390356063843 0.86134738686644 0.013410382800632052 0.02040241382740162
0 0.4529326226976183 0.7378546867841556 0.010969585842556424 0.017207440034842786
0 0.39807981914944124 0.7802176769868828 0.009752167595757378 0.014901808750482253
0 0.40655089749230283 0.794319576687283 0.01432077089945475 0.019383654182339893
0 0.15142832199732462 0.847074720594618 0.017730010880364314 0.024649726019965276
0 0.5458264615800645 0.7273865217044029 0.014896233876546226 0.02029249403211806
0 0.44450505574544263 0.801743542706525 0.009630203247070312 0.015386981728636189
0 0.24566027853224015 0.6105081770155165 0.016717857784695096 0.024483716046368634
0 0.17005758815341523 0.2779108683268229 0.01937964227464464 0.02736244672610436
0 0.004343141284253862 0.2597890665501724 0.008686282568507724 0.02575963809166425
0 0.3322648207346599 0.7668197773121023 0.009726895226372613 0.021608752968870562
0 0.4325318998760648 0.7290368727695795 0.01012963718838162 0.017312885802469136
0 0.42005207803514266 0.5234565028437861 0.014360904693603516 0.025039814136646413
0 0.4794487423366971 0.721946527928482 0.012138790554470487 0.017778184678819444
0 0.5819453133477105 0.8263354831271702 0.007408883836534288 0.013384972089602624
0 0.4411203198962742 0.6566438557189188 0.010452773835923936 0.014130298002266591
0 0.3763032621807523 0.8294786523889612 0.012360970179239907 0.022003268018180942
0 0.5121461550394694 0.8471354731807003 0.012357711791992188 0.015454704378858024
0 0.38510568936665845 0.7847972210542654 0.015576150682237413 0.02067146772219811
0 0.5356824662950305 0.7444161309136283 0.011698616875542533 0.013313199266975308
0 0.4450558688905504 0.7026872046199846 0.01129518614874946 0.017486101315345292
0 0.4891259140438504 0.8256745985996575 0.009165181054009331 0.015014177487220292
0 0.6038570404052734 0.8511697745617525 0.012280570136176217 0.015293168432918596
0 0.5988287395901151 0.8350281421049143 0.011393547058105469 0.014924131793740353
0 0.38991026083628344 0.8318998548719618 0.010611295700073242 0.015678499951774692
0 0.4616609414418539 0.7026115229100357 0.00912014643351237 0.01526839644820602
0 0.41190281179216176 0.7464147968056761 0.01827571127149794 0.021864243495611498
0 0.5302373303307427 0.7220214561179833 0.01457569334242079 0.017538470986448687
0 0.43107807902817774 0.36908342583121906 0.012397556212004304 0.02644811991894244
0 0.21199821122527332 0.5757363882354979 0.015152568703560796 0.024978779923445486
