0 0.4637945757971869 0.30784086533534677 0.018220000796847872 0.02672096535011574
0 0.4126619100570679 0.68280354252568 0.011642853418986 0.02342412501205633
0 0.521661016676161 0.7286309607235002 0.010173373752170138 0.014661341537663969
0 0.4642433060540093 0.7801815551004292 0.015277226765950523 0.026631578987027393
0 0.36725050873226595 0.770682864718967 0.009967035717434354 0.01608813250506366
0 0.45887920591566295 0.7382393825201341 0.008128696017795138 0.015079357005931713
0 0.4256187677383423 0.734926106017313 0.012938208050198026 0.017187047887731483
0 0.44329787388490016 0.8183169097996845 0.01636917393214695 0.030520302616035905
0 0.41774599262496326 0.8247048801146687 0.008384211038416823 0.020583459903838273
0 0.44210012945084065 0.8832612746686909 0.010779699906535854 0.014195489588854002
0 0.4363110313528862 0.8680011233606726 0.014372933208714474 0.022003008862723307
0 0.39758396131829427 0.8300281887104889 0.0079849628937302 0.01845413646551009
0 0.3808155392414608 0.8428041293404575 0.010380451761849444 0.01703458750662463
0 0.37163283191367086 0.842449242100736 0.008783459183103375 0.017744361986067218
