0 0.43345493740505636 0.5979353586832682 0.026738272772894964 0.035667749098789545
0 0.4726550579071045 0.6707688555305387 0.025105529361300997 0.03188488807207272
0 0.3964013258616129 0.6237879859076605 0.017252763112386067 0.025101791193455826
0 0.388319002257453 0.7381075164418163 0.01155813535054525 0.021095746829185958
0 0.3759204943974813 0.7924297709523895 0.015281597773234047 0.02295096126603492
0 0.37280668152703184 0.7601307762993708 0.01300684611002604 0.02021671813211323
0 0.38375116719139946 0.6448905379683884 0.012524578306410048 0.0197628633475598
0 0.47313690185546875 0.7287027570936415 0.011252191331651475 0.014675234570915317
0 0.4077390432357788 0.7216785101243007 0.013289637035793729 0.02080761944806134
0 0.01081602440940009 0.2515019075370129 0.01359480619430542 0.02655288319528839
0 0.36852804819742835 0.5498894820978613 0.022241857316758894 0.028255556836540317
0 0.39089749931468587 0.6897788820185246 0.021364476572085705 0.03283128603167967
0 0.4351755040041574 0.6590460990451632 0.00864766402329721 0.015072181304221744
0 0.4963026193060914 0.7303375166141316 0.009495474221659705 0.018388061191150343
0 0.4903679479175541 0.727775245792414 0.009834598301004504 0.018689504817234876
0 0.46061528077032965 0.7325080113851734 0.00898678810264215 0.01386640679988389
0 0.452815426945395 0.732658733198216 0.011699780737402108 0.012359188669461786
0 0.4545110473421199 0.7379339966546934 0.007969415864607185 0.012057745043377253
0 0.43509619379961934 0.7127634538766432 0.009156350142314694 0.011153414165124076
0 0.45968268955213104 0.7124620102505586 0.009834598301004647 0.009947639660786507
0 0.5396311912577118 0.713366341128812 0.008986788102642222 0.012962075921630713
0 0.44594816433865886 0.7817940442499784 0.009156350142314551 0.02019672294765698
0 0.4321288581053512 0.8176658357540307 0.009325912181986666 0.0207996101998244
0 0.4736715578251116 0.83288873887129 0.011360656658057237 0.01808661756506595
0 0.4334853544227306 0.8346974006277964 0.01373452521347204 0.014469294052052675
0 0.4193269241100774 0.8325872952452054 0.01390408725314451 0.01808661756506595
0 0.3977077640518344 0.8386161677668941 0.018143138244956915 0.015675068556390528
0 0.3867710124929586 0.8196252193235748 0.012886715015109473 0.02230682833024801
