0 0.3533792098363241 0.563094080230336 0.021823220782809787 0.03237853815526138
0 0.43331283993191194 0.6944549701831959 0.020041995578342013 0.022545473075207368
0 0.3651900291442871 0.712993339256004 0.01324605941772461 0.02280360092351466
0 0.4543468687269423 0.7066890339792511 0.011988533867730033 0.02229794160819348
0 0.43793609407212997 0.6483387888213734 0.023016717698838972 0.026420970021942516
0 0.4008162419001261 0.5631375253936391 0.015342103110419381 0.02404615614149306
0 0.4243335988786485 0.5992456365514686 0.019187821282280818 0.023073125768590858
0 0.45244759983486604 0.5046838360068239 0.017404503292507596 0.027689239125192902
0 0.3961722056070963 0.7296218636595172 0.011317676968044706 0.019923410297911844
0 0.38164873917897546 0.7243044817889178 0.011016289393107094 0.017548455132378474
0 0.460799879497952 0.7306095170386044 0.011876477135552298 0.016772611641589507
0 0.4439302682876587 0.731288062201606 0.011818117565578885 0.018705297399450233
0 0.47375170389811194 0.4763188774203077 0.01808982425265842 0.023914101683063273
0 0.34343951278262663 0.2695625328723295 0.024381028281317815 0.03331834298593027
0 0.5111867056952583 0.7412428208339361 0.011985566880967882 0.016377013406635804
0 0.5490824381510416 0.7308985156777464 0.010974989997016061 0.017009829297477817
0 0.34351562129126656 0.2696994263448833 0.02334761619567871 0.03209417837637442
0 0.3909658193588257 0.7721166963930485 0.009316629833645292 0.01709535386827257
0 0.2762986156675551 0.5875028209921754 0.012616025076972116 0.022388552442009067
0 0.49396104282803 0.7250573429060572 0.008761882781982422 0.014027254081066743
0 0.2928856346342299 0.6131281911590953 0.01540456877814399 0.025023189591772764
0 0.40773653984069824 0.7471823986665701 0.02016072803073459 0.025869675624517748
0 0.512031078338623 0.7281041557406202 0.009640163845486112 0.012672989456741899
0 0.463151216506958 0.8708272863317419 0.012135770585801866 0.016104427384741514
0 0.4857757886250814 0.7218976903844763 0.008945888943142362 0.012847900390625
0 0.5130347940656874 0.7275572411807967 0.01206297344631619 0.01652460922429591
0 0.49250335163540304 0.7248606740692516 0.00876315434773763 0.014311708050009647
0 0.5036301347944472 0.7212435168984496 0.009857124752468534 0.0138944931972174
0 0.5254147052764893 0.7273308789288556 0.012481742435031466 0.015947365466459296
0 0.536493804719713 0.7217915617389443 0.009112940894232856 0.01156479635356385
0 0.5233667426639134 0.7302934858534071 0.009760061899820963 0.01580928284444927
0 0.33914788157213216 0.7112186541461143 0.024384629250931482 0.03704493171050615
