0 0.15376623471577963 0.25746597478419175 0.021798796123928495 0.03161216076509452
0 0.5025063620673285 0.6730607586142457 0.021383603413899735 0.03232913547092014
0 0.19982460472318864 0.10855740971035427 0.023058427704705134 0.03799079965662073
0 0.0250280714697308 0.24698959162205825 0.022956897815068558 0.036897635754243825
0 0.6096859508090549 0.60922403688784 0.017330169677734375 0.026510026719835066
0 0.44121079974704314 0.57308496074912 0.015697903103298612 0.02236820738992573
0 0.5724470350477431 0.6711225391905984 0.015620655483669706 0.02898006674684124
0 0.4779637654622395 0.690709008110894 0.01719379425048828 0.02019981101707176
0 0.4052002429962159 0.7291856459629389 0.017336050669352215 0.025683179313753857
0 0.36623230245378285 0.3242148764339494 0.01736781332227919 0.02608445249957803
0 0.14716728528340658 0.04611513055401084 0.020497481028238937 0.031308380174048155
0 0.40757773982153994 0.6017817038076896 0.017107778125339083 0.021276921401789158
0 0.38527700636121964 0.7308722131046247 0.013695716857910156 0.02396986219618056
0 0.28486867745717365 0.6009747540509259 0.022213591469658747 0.026423042203173222
0 0.5935996108584933 0.5376802373815466 0.01633098390367296 0.023718516031901046
0 0.44328418042924667 0.23986317198953508 0.024889336691962347 0.034332463770736885
0 0.41618690225813126 0.5411257096278814 0.02041029930114746 0.030074931957103587
0 0.3792684475580851 0.626962779480734 0.01552044020758735 0.02448413990162037
0 0.4969072077009413 0.7376617149070457 0.016090340084499784 0.025295022093219523
0 0.10904301868544683 0.8377375661590953 0.01741835143831041 0.02790418083285108
0 0.5264914565616183 0.6982978773705752 0.019044505225287542 0.023093282440562312
0 0.3563488059573704 0.6571799148747951 0.015066517723931205 0.0265467608416522
0 0.4711352719200982 0.287499675044307 0.023638566335042313 0.0364110028302228
0 0.18895598914888168 0.04486187740608498 0.019693520334031846 0.02384604642420639
0 0.16918857230080497 0.748307192767108 0.017504016558329265 0.03149710761176215
0 0.4395521746741401 0.6722625920801987 0.013227727678087022 0.022955058533468364
0 0.3459794786241319 0.6375447967906057 0.01647509468926324 0.021852752308786652
0 0.47149409188164604 0.47586551713354797 0.01520665486653646 0.029034791169343172
0 0.3573988278706869 0.7710900247832876 0.01952860090467665 0.03159374660915799
0 0.4198099109861586 0.771254598358531 0.015416860580444336 0.023693508572048612
0 0.2678232060538398 0.20746518358772184 0.014616515901353624 0.016413182388117283
0 0.4009754127926297 0.45043078763985334 0.014114167955186632 0.025761545440297063
0 0.3094271288977729 0.6750911194601177 0.015170839097764757 0.02705609356915509
0 0.4220109250810411 0.6291196846667632 0.01464080810546875 0.021585346739969136
0 0.40343336264292406 0.6891233420666353 0.016716718673706055 0.027085716341748653
0 0.2040548986858792 0.7134552472903405 0.0175629456837972 0.023926252200279708
0 0.4266443252563476 0.8035524627308788 0.01318629582722982 0.020203861189477236
0 0.40779181321462 0.4960281701735509 0.01586572329203288 0.026469713375892167
0 0.37877494759029817 0.6961630362051505 0.013051218456692167 0.028876128020109953
0 0.389844642745124 0.3971839716405045 0.013113366232977975 0.026012656129436727
0 0.36904921796586776 0.737425015296465 0.018850406010945637 0.028007695704330635
0 0.3642314937379625 0.23562758645893617 0.021314435535007052 0.03264514310860339
0 0.5610177252027723 0.7098338515670212 0.00952752431233724 0.01935365464952257
0 0.3683875401814778 0.7063658443498023 0.011644628312852647 0.023935482825761956
0 0.23665090401967365 0.17409088582168392 0.012358215120103624 0.018391491454324605
0 0.3939122491412692 0.7530023080331308 0.011866066190931533 0.02097508936752508
0 0.4118654463026259 0.8126094017499759 0.013280391693115234 0.023093046965422453
0 0.4595670170254177 0.7361654823209033 0.012020111083984375 0.02007854132004726
0 0.12693087922202217 0.6029320469609013 0.018866578737894695 0.022680259045259454
0 0.4985001617007785 0.7760963439941406 0.009059747060139975 0.01885298740716628
0 0.45755582385592986 0.7568196661678361 0.013221316867404513 0.01875790254569348
0 0.5198392338222928 0.739507039388021 0.00945281982421875 0.013450057418258101
0 0.477752685546875 0.7495376681104118 0.01739788055419922 0.024720368561921297
0 0.2620503505071004 0.6551522148980036 0.01798526446024577 0.03246514591169946
0 0.318417403433058 0.6996946217101297 0.02100570996602376 0.02763107676564911
0 0.45522318945990664 0.5890419100537713 0.01313145955403646 0.0226827550817419
0 0.4123849471410115 0.6764258867428626 0.017269955741034612 0.023786285777150848
0 0.4520383410983615 0.826700281213831 0.011330074734157987 0.02054850260416667
0 0.2567540142271254 0.24394389729440946 0.0255326959821913 0.038423914968231575
0 0.48303325970967614 0.7295800668221933 0.01173893610636393 0.0161868436836902
0 0.48533686002095544 0.7742025822768978 0.011981381310356986 0.015111711290147569
0 0.4899539947509766 0.36548025814103496 0.017133606804741755 0.024535756052276234
0 0.44746596283382845 0.8506844132034865 0.008748239941067167 0.015862641511140047
0 0.5455182923210992 0.7659694765820916 0.011362711588541664 0.019455945050274884
0 0.34109788470798075 0.5902735156777464 0.013536135355631508 0.023018307156032987
0 0.43236708641052246 0.8540368256745515 0.011044926113552518 0.017381361973138502
0 0.5209640132056342 0.7246889891447844 0.011100504133436415 0.014396055245105132
0 0.3919612699084811 0.7815507723961346 0.00944421026441786 0.015028824040919174
0 0.3982915745841132 0.8355383225429206 0.013596826129489474 0.02099797755111883
0 0.41110690434773767 0.675908147552867 0.017413987053765193 0.02317334398811246
0 0.44242944982316756 0.7312361163857543 0.013620879915025499 0.021410718376253857
0 0.09617910782496136 0.5733988962055724 0.014594369464450412 0.018283749804084683
0 0.31781550248463947 0.7002731841287496 0.0200451480017768 0.025140691686559608
0 0.3922245899836222 0.7986214720172647 0.011369890636867948 0.02024916660638503
0 0.18051594495773318 0.7147550465148171 0.011085708936055504 0.019047725347825038
0 0.3429303009822337 0.6614955333282273 0.012320849607606234 0.024138807394493967
0 0.2925153959551916 0.6782585940188482 0.014080970980121385 0.021009702732244763
0 0.2840919579581546 0.6896574752884703 0.008297715041857324 0.0196686578769949
0 0.2957841927898626 0.7001623266545927 0.011063620055809728 0.015645523311246166
0 0.3423436069542031 0.5002097310081244 0.016846875994073897 0.026820897104993337
