0 0.4597958458794487 0.7357795150191696 0.01402197943793403 0.025160895453559026
0 0.3782178163528442 0.6794228023952907 0.013658391104804147 0.027898199764298807
0 0.4227919313642714 0.7460588525842737 0.010067092047797311 0.017205980088975694
0 0.4172464344236586 0.7259583414336781 0.009794579611884223 0.013826393786771798
0 0.44336765342288553 0.7309924702585477 0.014439026514689125 0.016936172673731674
0 0.43336262967851424 0.6732888162871937 0.012204302681816947 0.019691231810016398
0 0.48941159248352056 0.7477617146056375 0.011405150095621742 0.018181789068528163
0 0.4208854966693455 0.6455545543152609 0.02115575472513835 0.0313963242519049
0 0.43780975871615935 0.8300369639455535 0.009963565402560763 0.018485551998939042
0 0.6263757940284799 0.6892229148568686 0.02130124349772963 0.04575822677290091
0 0.4775331498785612 0.8555544638180185 0.010939622015621495 0.013577057092763028
0 0.4834157768114898 0.8649116247873551 0.015274189229358227 0.01321010960376924
0 0.4201517362871881 0.8410600380027715 0.008049910539796984 0.014677899559743537
0 0.4143723133355391 0.8597743599414446 0.009288358315150305 0.017613479471692416
0 0.4024006515071231 0.8395922480467971 0.01341651756632828 0.013944004581756531
0 0.3740195566552748 0.849316356505127 0.015274189229358227 0.015778742026724614
0 0.36566003417163967 0.8821581567700539 0.014242149416563805 0.018347374449679564
0 0.4325278855421662 0.7439860339345088 0.01341651756632821 0.020182111894647647
0 0.5198384537045792 0.7300420293527523 0.007637094614679185 0.014310952070750034
0 0.37878345768265326 0.5428611034780344 0.017057642146231445 0.030806041548044262
0 0.41147103627937753 0.7422330635481893 0.012693859069201776 0.020515327788608886
