0 0.06139334293954001 0.15018463858903766 0.02236490816387688 0.017105976270045387
0 0.06009305758117508 0.16798410038354433 0.026525821310644668 0.024040831514658335
0 0.2599469171618655 0.18994447532481878 0.018984166232128067 0.025427802563580924
0 0.09559084786453781 0.26923298695489384 0.016903709658744166 0.03143801044224553
0 0.11223450045160895 0.26044883697838417 0.01846405208878206 0.030513363076297182
0 0.16292575540312634 0.8035185610091579 0.019504280375474005 0.03328730517414243
0 0.14316141795597928 0.6516452311521335 0.02054450866216598 0.03374962885711667
0 0.2933443768471292 0.6636656469094626 0.020804565733838983 0.028201744661426175
0 0.24471370444428067 0.7027319981207825 0.022885022307222832 0.0258901262465551
0 0.29126392027374537 0.7827139952753188 0.021324679877184956 0.03883518936983279
0 0.2388624203316385 0.766763828212709 0.024185307665587744 0.033749628857116534
0 0.18958160524960746 0.7166017086100084 0.012482739440303377 0.018492947318967907
0 0.16799686830074953 0.6731432824104338 0.00936205458022755 0.023116184148710063
0 0.24783438930435653 0.883956755573476 0.017683880873763158 0.024040831514658266
0 0.3991876050180349 0.9653318500501274 0.017683880873763158 0.02773942097845193
0 0.4427471645232602 0.901762343641175 0.011182454081938503 0.02265386046573582
0 0.3535475889394257 0.5635725695455485 0.021584736948857854 0.03791054200388437
0 0.45861064589531236 0.555250743252013 0.020024394518820047 0.02311618414870992
0 0.43624573773143555 0.609111452318507 0.01950428037547404 0.02912639202737452
0 0.5103620031582368 0.7420295111735894 0.014823253085360264 0.023116184148710063
0 0.418171771250163 0.7593666492851219 0.02288502230722294 0.023578507831684165
0 0.407639459847407 0.7850256136901897 0.014823253085360264 0.024040831514658408
0 0.35549801697697314 0.7958902202400835 0.01768388087376309 0.028201744661426175
0 0.3441855343591982 0.7679196374201445 0.011702568225284437 0.019417594684916394
0 0.3792932390350514 0.7427229966980505 0.017423823802090083 0.02265386046573582
0 0.35159716090187826 0.67661071003274 0.015603424300379204 0.032824981491168186
0 0.36941107031147796 0.6481778035298269 0.00858188336520847 0.021266889416813227
0 0.36446998594969116 0.6673642363732561 0.011702568225284366 0.027277097295477688
0 0.36095921548210586 0.6974152757665791 0.012482739440303377 0.026352449929529342
0 0.3987975194105254 0.7360193032949246 0.00858188336520854 0.019417594684916394
0 0.37825301074835943 0.7676884755786574 0.010662339938592424 0.018955271001942293
0 0.5090710340684043 0.7182033736520939 0.009684148723426062 0.019224828576875554
0 0.39907524481815687 0.700556702644962 0.007585916500017049 0.017790139877108688
0 0.5296498501056845 0.7273853813306015 0.009522746244702347 0.017503202137155255
