0 0.48296844422700597 0.3297455968688846 0.02146526418786692 0.02544031311154601
0 0.4584760273972603 0.3189823874755382 0.018713307240704465 0.02152641878669275
0 0.12191169275929557 0.053326810176125256 0.023666829745596852 0.03620352250489238
0 0.17695083170254405 0.10420743639921724 0.018162915851271996 0.0283757338551859
0 0.24217221135029354 0.23679060665362037 0.018713307240704503 0.035225048923679086
0 0.18850905088062625 0.20645792563600784 0.03467465753424662 0.046966731898238724
0 0.08420988258317028 0.2979452054794521 0.012108610567514671 0.022504892367906065
0 0.06467098825831703 0.6575342465753425 0.022566046966731895 0.041095890410958874
0 0.2760212818003914 0.6316046966731899 0.019263698630137008 0.022504892367906138
0 0.25895914872798437 0.5851272015655578 0.012659001956947122 0.019569471624266158
0 0.2204317514677104 0.62720156555773 0.018162915851271996 0.025440313111545904
0 0.3095951565557731 0.6854207436399219 0.017062133072407056 0.028375733855185957
0 0.13704745596868886 0.6379647749510763 0.012108610567514671 0.027397260273972535
0 0.5867172211350293 0.9368884540117418 0.018713307240704538 0.032289628180039075
0 0.4714102250489237 0.9691780821917808 0.014860567514677143 0.024461839530332697
0 0.14255136986301373 0.9388454011741684 0.018713307240704503 0.038160469667319036
0 0.5481339183986331 0.6019270948235413 0.017390035482190244 0.029060681516904482
0 0.534395790367703 0.7092042914870078 0.030258661739010862 0.03091561863500445
0 0.49718111443581603 0.7228071636864098 0.01843343761112159 0.022259245417203317
0 0.5098758403378149 0.7657798735890663 0.013216426966464497 0.019167683553702942
0 0.49457260911348755 0.8155540195914238 0.01182522412788927 0.02349587016260344
0 0.3408446954509267 0.6065644376187921 0.02365044825577854 0.027205744398804087
0 0.33388868125805066 0.744757252917263 0.022954846836491072 0.03029730626230446
0 0.39440600473607235 0.5960531272828905 0.018781238320765253 0.02844236914420428
0 0.5145711499180062 0.6414990866763475 0.009390619160382698 0.02164093304450333
0 0.48918169811400863 0.6841626403926537 0.021911444707559583 0.026587432026104096
0 0.48779049527543333 0.7694897478252668 0.01634663335325875 0.03029730626230446
0 0.45961863779428536 0.652628709384949 0.012173024837533148 0.0191676835537028
0 0.4269253710877679 0.639334993371897 0.021215843288271898 0.03215224338040471
0 0.40031861680001696 0.6433540237944476 0.013216426966464497 0.02164093304450333
0 0.41649134979845376 0.664994956838951 0.017042234772546294 0.02164093304450333
0 0.43683769131261635 0.6643766444662508 0.012520825547176883 0.012984559826701911
0 0.4474456129567523 0.6835443280199537 0.01634663335325875 0.01793105880830268
0 0.43648989060297255 0.6986929811511061 0.013216426966464568 0.018549371181002812
0 0.44361980515067045 0.7237346322454599 0.016346633353258682 0.021640933044503187
0 0.4001447164451951 0.7082768229279575 0.010781821998957924 0.01669443406290256
0 0.3763203678345946 0.7172423523321089 0.0055648113543009005 0.018549371181002812
0 0.3811895777696078 0.7234254760591099 0.010434021289314047 0.021022620671803195
0 0.39388430367160665 0.72528041317721 0.012173024837533148 0.013602872199402044
0 0.38971069515588097 0.770726372570667 0.013564227676108232 0.020404308299102922
0 0.36675584831939007 0.7883482751926197 0.009390619160382769 0.021022620671803195
0 0.45840133531053207 0.7880391190062696 0.013912028385752109 0.020404308299103065
0 0.4632705452455453 0.823901236622875 0.0118252241278892 0.0191676835537028
0 0.4288382749908088 0.7574326565576149 0.009042818450738892 0.021022620671803195
