0 0.3790657255384657 0.6298845785635488 0.01894431644015842 0.027270517231505594
0 0.5178197489844428 0.6211135770067756 0.024482144249810114 0.03404546667028357
0 0.4975602096981472 0.5509292461253978 0.014151308271620009 0.024804150616681134
0 0.40433221393161345 0.7298786257520135 0.011326736874050565 0.020168869583695025
0 0.46473844846089685 0.7298683590359158 0.012882179684109159 0.015215226161627122
0 0.4350170161989 0.7684381744008004 0.013046397103203666 0.022910600827064042
0 0.502766768137614 0.7512418252450449 0.015803549024793837 0.018822987874348957
0 0.42194558514489067 0.6760968573299455 0.013200998306274414 0.024373513680917246
0 0.4619278907775879 0.4513419822410301 0.012265205383300781 0.023612787694106865
0 0.4193080133861966 0.5648535740228348 0.013830847210354276 0.023412539635175544
0 0.13174474901623195 0.7526827211733217 0.019729971885681152 0.03642207016179591
0 0.48345118098788786 0.7602705543423877 0.011285728878445096 0.01823561868549865
0 0.370107266638014 0.7751085493299695 0.010774638917711046 0.01622842859338831
0 0.2678028874927097 0.8277320861816406 0.014174116982354056 0.028403105559172453
0 0.6145555443233914 0.8385469413097993 0.009085072411431206 0.01762672706886574
0 0.48372560077243376 0.7245822953589169 0.0168861813015408 0.018462098675009645
0 0.5063764254252116 0.7085938630280672 0.011313014560275607 0.01425255669487847
0 0.5159188111623129 0.723422556747625 0.012812773386637367 0.01824814596293885
0 0.3239971664216783 0.6353193918863932 0.010077344046698678 0.02159622569143036
0 0.4274642202589247 0.8565888581452547 0.01404656304253472 0.02293339482060185
0 0.5704721079932319 0.8424178229437933 0.014240423838297524 0.01626445628978588
0 0.4958487881554498 0.726051566041546 0.011997169918484159 0.019810146755642362
0 0.13147647513283622 0.752179699179567 0.02099700768788655 0.03661770290798611
0 0.3725832435819838 0.8716036007728105 0.012680239147610135 0.023126484435281636
0 0.33555958465326 0.5838429335872566 0.015012574524776525 0.02060205158955675
0 0.5108379766925366 0.49487952899598836 0.013168925021733741 0.024347879151294407
