0 0.17812771929634943 0.7177950305703245 0.017770753966437444 0.03496669251241802
0 0.3638532956441243 0.771519672723464 0.012520578172471788 0.02099811883620274
0 0.42115142610337997 0.9282222323947482 0.023996459113226995 0.03319511884524499
0 0.41012824906243217 0.716107992478359 0.011642932891845703 0.019076547504943094
0 0.5403442117902967 0.7059488649721498 0.013767083485921226 0.02246027816960841
0 0.40209876166449654 0.7574820577362438 0.017343150244818792 0.026379290922188464
0 0.17630522118674385 0.6469148000081382 0.01711150010426839 0.026489493287639852
0 0.1461572249730428 0.8346479439441069 0.01868446667989095 0.029570026162229937
0 0.43169652091132266 0.6533879880551939 0.017804198794894747 0.02653107819733796
0 0.4690754148695204 0.6303211730203511 0.022711224026150174 0.028081446518132717
0 0.5725055005815295 0.7173260818293065 0.014068974388970267 0.02200910780164931
0 0.37089633941650385 0.7974731539502555 0.011200269063313804 0.020135290828751932
0 0.2674814462661743 0.7007726975429206 0.01738588015238444 0.025801011073736498
0 0.36891513400607645 0.7491478390163846 0.016235616472032335 0.02526803664219232
0 0.3537663751178317 0.6880811761926721 0.014276107152303062 0.026260140501422648
0 0.47204621632893884 0.748008304172092 0.008726331922743056 0.012769816834249614
0 0.3510345617930094 0.5669082829981674 0.019192271762424044 0.02889873363353588
0 0.2123598721292284 0.6468856717333381 0.012620647748311363 0.02547379481939622
0 0.3968442215476104 0.6809532158868075 0.016689239864641294 0.018814969603498072
0 0.40763230487173807 0.7439458482756618 0.010512846459694601 0.01597651218247492
0 0.40313374932135415 0.8262569790974322 0.012717152975437074 0.02230682833024801
0 0.3866862314731223 0.805909534336733 0.012378028896092061 0.018388061191150485
0 0.4283137122127196 0.8788588918491659 0.007460729745589703 0.018990948443319267
0 0.437046157255853 0.8773516737187438 0.011021532578712013 0.022005384704163477
0 0.4409460841683203 0.8582100034623824 0.009665036261332105 0.017483730312897024
0 0.45671535385786227 0.8839834334926013 0.007630291785262244 0.01899094844331941
0 0.4684151345952643 0.8779545609709126 0.010682408499367142 0.02501982096500811
0 0.4086445156107103 0.8817226062969681 0.013225839094454557 0.0211010538259103
0 0.4261094056969772 0.8304771898626145 0.01356496317379957 0.015675068556390528
0 0.4169530555546624 0.8233932646496303 0.009495474221659634 0.013564963173799498
0 0.13564167622208373 0.5870560826124991 0.015600959565479276 0.018490026151679047
0 0.5412666249245451 0.3516957057600638 0.013867519613759285 0.026964621471198668
0 0.515218049899656 0.7262160012194551 0.013852642023848389 0.012587092011793003
0 0.4845883192024802 0.7330568120954295 0.015391824470942552 0.018607005582650514
0 0.4670416393056056 0.7275841633946498 0.011082113619078768 0.014228886622026949
0 0.4559595256865269 0.7292259580048838 0.008619421703727924 0.018607005582650514
0 0.5084456471324412 0.713902541642701 0.010774277129659851 0.013134356881870986
0 0.4582682993571683 0.6906437846643877 0.01569966096036154 0.022437859673196243
