0 0.39474334981706405 0.6383903880178192 0.01442053582933214 0.02141646396966628
0 0.44959167639414477 0.6660243846752025 0.01613630188835992 0.02183137116608796
0 0.38410492738087976 0.7125857553364316 0.017685810724894207 0.024043942675178433
0 0.4177028205659654 0.4460418842456959 0.012246953116522897 0.021742314468195408
0 0.5554079479641384 0.25920187396767697 0.042182074652777776 0.04494113686644001
0 0.4585764408111573 0.7031871183418933 0.011138121287027992 0.01602916953004437
0 0.4384404818216959 0.690580815444758 0.01225333743625217 0.01853368311752508
0 0.449532495604621 0.6668619226526331 0.015621953540378146 0.022471580976321372
0 0.5049479007720947 0.7570743325315875 0.014628357357449003 0.019456745665750386
0 0.5452573829227024 0.7308177477047767 0.009047243330213759 0.013464421401789156
0 0.23351682557000053 0.8320531962830344 0.015939659542507596 0.024142041618441357
0 0.41900172498491073 0.8048155513810522 0.016550779342651367 0.022618517463589893
0 0.37566357188754607 0.6917876961790487 0.01884757147894965 0.02287494989089024
0 0.4782097869449191 0.7399020489351248 0.012103663550482858 0.01714376755702643
0 0.49109246995713973 0.7370155711232879 0.013625144958496094 0.019590589735243056
0 0.5465948051876491 0.758964373741621 0.010669337378607858 0.014693601631823882
0 0.4939636654324001 0.8624285474235629 0.011907683478461373 0.019100801444347993
0 0.5154761208428277 0.725653448222596 0.009738074408637153 0.015967993088710455
0 0.5590557522243924 0.7379275427924261 0.010016335381401908 0.018085385546272183
0 0.46997226609124076 0.7768738593584225 0.014149083031548392 0.020914289686414934
0 0.4313218858506944 0.7389165619273244 0.010185612572564017 0.015358159571518133
0 0.40181665950351286 0.861920815927011 0.012035899692111544 0.01562358714916088
0 0.5360759894053141 0.7487904113016012 0.01361989974975586 0.018836033197096837
0 0.5356593132019043 0.7401261270782094 0.015047073364257812 0.016734605954017167
0 0.46982693672180176 0.7426462526674623 0.01215219497680664 0.01740246054566937
0 0.3784342978991998 0.7938789245623579 0.015187505429034687 0.01756311307435297
