0 0.20117563009262085 0.6423429559778284 0.01976205243004693 0.03765384061836902
0 0.4104683664109972 0.7527766051115815 0.010530206892225478 0.017556320002049576
0 0.5128847757975261 0.724900069060149 0.014140552944607206 0.021514280342761382
0 0.3840861452950371 0.7310208685604143 0.01058565245734321 0.02000912324881848
0 0.4233705600102742 0.7083577521053361 0.011571274863349069 0.01823166270314911
0 0.4257521894243029 0.45476510789659286 0.01809284422132704 0.03246980831946856
0 0.4224264586769664 0.8327371205119093 0.013087227781253147 0.019322761921850288
0 0.40623378701541585 0.8313569232317769 0.013530862621295724 0.016562367361585898
0 0.37551207434247386 0.8453560670731176 0.016414489081571802 0.017745393601699105
0 0.3771757049926333 0.8195266608306442 0.010869053581040901 0.022871840642190194
0 0.4264191722373487 0.879269485956365 0.009981783900955747 0.024843551042378918
0 0.3529115152537944 0.6561852211828355 0.010647236161019577 0.019717104001888117
0 0.4377566784119191 0.7050836391075179 0.00953814906091324 0.022871840642190194
0 0.46215659461425546 0.7246035720693874 0.0086508793808283 0.01695670944162373
0 0.49165831147708067 0.7234205458292741 0.007763609700743501 0.014590656961397172
0 0.4430802964924288 0.7411659394309731 0.012643592941210641 0.01695670944162373
0 0.43232215162139864 0.7346592951103501 0.008429061960807118 0.014196314881359341
0 0.4328766951714518 0.7468838995915206 0.006876340020658418 0.012618946561208447
0 0.4286621641910483 0.7439263339912375 0.008650879380828442 0.017745393601699532
0 0.3868760574414401 0.5063417243233442 0.015250370143633205 0.025417283572722126
0 0.17036123277690451 0.7554514612239467 0.01315921584135328 0.02375407167259681
0 0.41805816480606994 0.7723672395362504 0.021864543244094748 0.021594610611451657
0 0.5889222893285196 0.8171287944616847 0.009727157365976851 0.0183735194690675
