0 0.3901406394110785 0.6233733612814067 0.01880677541097005 0.029222700330946184
0 0.4172029230329726 0.6615764947585118 0.025091754065619573 0.0334112850236304
0 0.45189078648885095 0.7435211605495877 0.013322300381130643 0.017243420636212384
0 0.36381980985885304 0.6653157709343677 0.016840726696923058 0.02387033934218522
0 0.36302328900156616 0.6889838192651784 0.01661314930912681 0.02427492136493413
0 0.4742712761674007 0.8573093062049238 0.01274433371659029 0.025084085410431955
0 0.49327398804838823 0.8528589039546859 0.010696137226424157 0.022656593273938482
0 0.45674781730708885 0.8413283163063423 0.013199488492182922 0.014969534841709304
0 0.5030598157236272 0.7411942656759889 0.008420363348461492 0.01618328090995618
0 0.4748402196368914 0.7418011387101123 0.008420363348461564 0.0133512067507138
0 0.46960593971757747 0.7474652870285969 0.010696137226424228 0.01820619102370074
0 0.49998752098837784 0.7138849791404379 0.009558250287442718 0.016587862932705092
0 0.49111200286432377 0.706197920708209 0.0063721668582952876 0.011732878659718154
0 0.48826728551687054 0.7114574870039446 0.011151292002016646 0.014969534841709447
