0 0.3953094217512343 0.7020357861930941 0.018319023980034724 0.029217566972897378
0 0.3828040228949653 0.6501500165020978 0.0171150631374783 0.023835452986352236
0 0.5168883800506592 0.6518142135054977 0.021094799041748047 0.028858608669704862
0 0.620935148662991 0.5571914013521171 0.015403694576687284 0.025575896840036652
0 0.5395232571495904 0.7026548974307967 0.025634606679280594 0.03049280614028742
0 0.35259554121229386 0.45366011725531685 0.01792250739203559 0.030175055986569253
0 0.42715511057111955 0.6906452649905357 0.011973036660088431 0.01982535844967689
0 0.4279313617282444 0.7280763225790894 0.009733359018961588 0.016527811686197918
0 0.3543087773852879 0.7093342439627942 0.015556838777330186 0.027390750837914736
0 0.2837510108947754 0.7600379284517266 0.01375309626261393 0.031022719395013502
0 0.45892720752292215 0.7437006397011838 0.01261011759440104 0.01592372376241802
0 0.5077559153238933 0.6031097129539207 0.017062081231011286 0.02809557502652392
0 0.1279195017284817 0.7080291700951846 0.021957900789048933 0.029738296697169174
0 0.44939143127865255 0.7409229278564453 0.009905682669745551 0.01559377599645544
0 0.3918019930521648 0.7665431411178024 0.015309704674614798 0.02450858222113715
0 0.4132361941867405 0.7635492159996504 0.013150850931803383 0.024054021011164158
0 0.2177818616231283 0.19730844026730385 0.03115457958645291 0.04780662206955897
0 0.2151954306496514 0.8438806416075906 0.020394563674926758 0.029842988944347993
0 0.442208449045817 0.667719758587119 0.022781160142686628 0.02615610758463542
0 0.4485887421502007 0.5693163695158782 0.028162214491102434 0.032812942693262924
0 0.40262648794386124 0.5472585890028212 0.01646137237548828 0.02416304600091628
0 0.21478018495771622 0.8444630187234762 0.019583198759290908 0.029195714879918983
0 0.4092338879903157 0.7124196511727793 0.01093435287475586 0.018654481864269868
0 0.4117934948017104 0.8737142791393824 0.011141839151022523 0.029216378218236798
0 0.4761376158988654 0.8781710147997913 0.011698931108573589 0.019312521195105747
0 0.5456348376033683 0.7551155912873873 0.018662580577962586 0.03961542809252436
0 0.41221131376987374 0.831375290365497 0.011977477087349229 0.01782694264163595
0 0.3590090318237412 0.6261178535611045 0.010863293172247025 0.019312521195105604
0 0.391873072848458 0.8235152844327197 0.01772348112148677 0.029053210034644936
