0 0.5479610761006674 0.6638398818027825 0.01955890655517578 0.028823004828559026
0 0.5177343951331244 0.6936021969642168 0.020890818701850042 0.031072169174382717
0 0.3971437480714586 0.5992096324025848 0.023245943917168513 0.02962842399691358
0 0.4727367295159234 0.7523709285406419 0.022084977891710066 0.02188312860182774
0 0.4120166831546359 0.5383207533094617 0.017266591389973957 0.0288668973946277
0 0.42241407765282524 0.8130763018572772 0.01872849464416504 0.0272036893868152
0 0.4467158847384983 0.7615330307571976 0.014589945475260414 0.022022247314453125
0 0.4390845563676622 0.6312776965859495 0.014892948998345267 0.0273402178729022
0 0.5322206020355225 0.9163954464005836 0.013183646731906466 0.024173030146846065
0 0.4400364425447252 0.7832704002474561 0.01099970605638292 0.01881818418149595
0 0.4483600325054592 0.6140239621386115 0.014837132559882272 0.025681907747998653
0 0.47197723388671875 0.6182815645947869 0.011651039123535156 0.01967046290268133
0 0.37849015659756124 0.6183351587366175 0.023422453138563372 0.03555288432556906
0 0.47078328662448454 0.7708799574110243 0.014004813300238717 0.015691686559606483
0 0.4278863006167941 0.7547330267635393 0.010612805684407554 0.015547057728708527
0 0.515818887286716 0.7252486429096741 0.012818919287787545 0.01921985767505787
0 0.4871361255645752 0.6913986206054688 0.011822223663330078 0.023122245882764278
0 0.3672635952631632 0.6066279941134983 0.014130194981892906 0.022004398298852236
0 0.5023979875776503 0.7243869922779226 0.00904438230726454 0.01586132285035687
0 0.3423755433824327 0.5685770011242525 0.011565049489339195 0.024801842960310568
0 0.5518447822994655 0.7276072796480154 0.00985627704196506 0.012905026659553433
0 0.4741994274987115 0.6749399915153599 0.009610335032145182 0.01696362907503858
0 0.48043047057257765 0.8515391879611545 0.012900723351372611 0.02172597249348958
0 0.4846315913730198 0.8241735858681761 0.015549447801378038 0.019830491807725694
0 0.45575761795043945 0.8247896830240886 0.009784698486328125 0.018419901529947918
0 0.41020662254757356 0.7580991909827715 0.010618395275539823 0.01683529512381848
0 0.48681137296888566 0.6912350595733265 0.012658543056911893 0.02431318495008681
0 0.31772392325931126 0.8567952285578222 0.010271734661526151 0.017897994429976853
0 0.5817849371168349 0.8247396210093556 0.00873512691921658 0.014322163146219136
