0 0.40178255240122474 0.6905639083297165 0.012934764226277672 0.02053211353443287
0 0.43430823749966097 0.7393391691608193 0.016008324093288846 0.023059750780647183
0 0.4493462377124362 0.6987798478868272 0.010315126842922635 0.01793929676950714
0 0.42216037379370797 0.7161071447678554 0.012880510754055448 0.021822752775969328
0 0.43904905849032927 0.7097171971827377 0.0105995602077908 0.01664870462299865
0 0.5713664160834419 0.41636570589042 0.01177851359049479 0.02561258386682581
0 0.4321284029218886 0.6652032122199918 0.01197587119208442 0.016896895420404127
0 0.5265156692928739 0.743070790797104 0.010158061981201172 0.013918040711202739
0 0.4335204627778795 0.6943218796341507 0.009198904037475586 0.011336762228129823
0 0.5468285878499349 0.7585985160168306 0.01094320085313585 0.015084914219232253
0 0.5465586185455322 0.7294003051004292 0.009879059261745878 0.012752391673900463
0 0.4745959440867106 0.7431675946270978 0.011319213443332247 0.018067442340615355
0 0.3878298600514729 0.6984145788498867 0.012755658891465928 0.020931809036820025
0 0.6353033118777804 0.8314466123227721 0.011632230546739366 0.015331503785686729
0 0.5385498470730251 0.7438503783426167 0.013276206122504342 0.017751152132764274
0 0.5373886426289877 0.7483260307782962 0.011729982164171007 0.018791434205608602
0 0.47562805811564135 0.7268182966444228 0.011326048109266493 0.018824400725188078
0 0.48919995625813795 0.737865071237823 0.013002395629882812 0.018595189224054783
0 0.41562179724375414 0.7011770083580489 0.009000062942504883 0.015186262719425154
0 0.5093528694576688 0.7602122271502461 0.010946644677056205 0.016153123643663194
0 0.4562896887461344 0.7207290743604119 0.008066018422444662 0.011286982783564815
0 0.5035205682118734 0.725624508327908 0.009233527713351779 0.017268428096064815
0 0.48643273777431906 0.7216801113552517 0.010497676001654733 0.013337123541184414
0 0.5672221713595921 0.8421718927077305 0.013146824306911893 0.015015872908227236
0 0.5018176237742106 0.8367642061209972 0.011487907833523221 0.016342539846161266
0 0.5126785702175564 0.8562067290883006 0.011723306443956163 0.017171789098668983
0 0.4974586698744032 0.7219738194971909 0.009074740939670138 0.013357044738016011
0 0.5535011556413438 0.7004969797016662 0.013098557790120445 0.01786667623637635
0 0.4746871259477403 0.7452214323444131 0.011041694217258029 0.01687485494731385
0 0.4752406279246012 0.7259430826446157 0.008504814571804471 0.013201160195433064
