0 0.1901602250489237 0.2098825831702544 0.012659001956947158 0.02641878669275929
0 0.2226333170254403 0.29109589041095896 0.013759784735812132 0.02446183953033273
0 0.4227005870841488 0.5743639921722113 0.017612524461839526 0.03326810176125257
0 0.5300269080234834 0.7206457925636007 0.023116438356164365 0.03424657534246577
0 0.42552638590501163 0.6782845040866998 0.010566809411347933 0.01878543895350731
0 0.4344179694340727 0.6853863163740015 0.021133618822695793 0.02107634614295961
0 0.452072272962788 0.6975281244780976 0.01778316705812209 0.019701801829288285
0 0.38699619061241364 0.7167717448694956 0.01030908235253456 0.017869076077726476
0 0.42294911531687795 0.7334953673524961 0.013659534117108336 0.013745443136712793
0 0.4243666141403515 0.7488444455218253 0.010824536470161234 0.015119987450383975
0 0.38117831998496543 0.752792102453968 0.02422634352845627 0.030239974900767807
0 0.37305991763234436 0.7834902587926265 0.016752258822868668 0.023825434770301968
0 0.4703518823343893 0.8448865714699434 0.013917261175921639 0.01741089463983627
0 0.3059220188114631 0.8293274143858166 0.01494816941117513 0.022450890456630644
