0 0.4039397637049358 0.6035582460003135 0.01865718099806044 0.0289737089180652
0 0.42233918772803414 0.6918031904432509 0.01489800877041287 0.021549978373963156
0 0.35872442192501497 0.7844385217737267 0.016128937403361004 0.025895295319733797
0 0.37229855855305993 0.5605957125440056 0.014026694827609591 0.021289213204089507
0 0.5664189126756456 0.6470390602394386 0.014489173889160156 0.022181946554301696
0 0.3034956455230713 0.6979626549614799 0.01646720038519965 0.031090771710431134
0 0.3577724032931857 0.7144107583128375 0.014721923404269747 0.017499382113233024
0 0.4529038005405003 0.7122349209255643 0.01451195610894097 0.02228621494622878
0 0.44027933809492326 0.717914840321482 0.0126957098642985 0.020356307795018326
0 0.46256889237297905 0.7619653866614824 0.013680193159315322 0.023807949490017362
0 0.3709797064463298 0.72916438255781 0.013838026258680556 0.017556037431881753
0 0.35869361294640434 0.7339387352083936 0.013101233376397025 0.019664858594352817
0 0.5116396480136447 0.7839714332863136 0.013676961263020836 0.018881903754340276
0 0.48541786935594344 0.7266104427384741 0.014734321170383029 0.015792375729407792
0 0.4556817478603786 0.6880696850058473 0.01480992635091146 0.019763758153091244
0 0.49239916271633577 0.6904385178177445 0.017914242214626737 0.021165211995442704
0 0.28970641560024685 0.6469890924147618 0.012586434682210289 0.018564860026041668
0 0.541557788848877 0.7504904240737728 0.011217753092447914 0.013538360595703125
0 0.5232413874732124 0.7578056476734303 0.012185785505506728 0.014630211724175345
0 0.41699233320024276 0.7581783341772763 0.014641046524047852 0.018460591634114582
0 0.4334944751527574 0.7268329667456357 0.009638177023993598 0.017113956404320986
0 0.4901566770341661 0.7464861928680796 0.012798362308078341 0.02133112777898341
0 0.4770071241590712 0.7035283689145687 0.00913895501030816 0.01609736313054591
0 0.5525488058725992 0.7233061613859953 0.011887391408284508 0.017559663749035493
0 0.41835882928636337 0.6585879855685763 0.012485504150390625 0.021636868700569058
0 0.1545603076616923 0.870889781433859 0.011771983570522733 0.021571689181857638
0 0.1900116006533305 0.29920721642765 0.03507668442196316 0.03731579250759549
0 0.5027417341868082 0.724575560769917 0.009479469723171659 0.015613037862895448
0 0.44039506382412374 0.8243729862166039 0.011714776357014976 0.018653304488570603
0 0.5139461623297797 0.7238189320505403 0.01309469011094835 0.017517560794029708
0 0.4166196054882474 0.7154403027193047 0.01015072398715549 0.014566963101610726
0 0.6066520478990343 0.8522462256160783 0.010655721028645836 0.016900333357445986
0 0.5816588401794434 0.8251257060486594 0.008226500617133247 0.014628657588252315
0 0.5695284207661947 0.8458581618320794 0.009950849745008681 0.013493102273823302
0 0.46708742777506507 0.7083603423318745 0.008949915568033854 0.016094772904007522
0 0.40364319748348665 0.763369807490596 0.014657311969333224 0.021098478340808257
0 0.43177358309427905 0.8513772752549913 0.012313365936279297 0.01868043122468171
0 0.46977972984313965 0.7312351273901669 0.00841432147555881 0.012612707820939428
0 0.47001512845357263 0.6844587679262516 0.008762306637234159 0.013268411895375193
0 0.4877815246582031 0.7614896091414087 0.009118080139160156 0.013667871922622492
0 0.5386273860931396 0.7340978457603926 0.010757075415717233 0.014948527018229164
0 0.4183774656719632 0.6587738931914906 0.011040502124362521 0.02055862803518036
0 0.38455683655209016 0.7519806049488209 0.00945379998948839 0.014281991087360146
0 0.37521788809034556 0.5371552220097294 0.01234202914767795 0.023206687267915704
0 0.3752361933390299 0.5379617950062694 0.010694556766086154 0.021762329855082946
0 0.44474523597293436 0.8597769560637297 0.01103165414598253 0.017554671676070603
