0 0.23358580407254023 0.829217476005913 0.022989045135892106 0.03425818490838808
0 0.38346677546177316 0.6286980037615383 0.013126649593474298 0.026723788419689497
0 0.43586751375830346 0.6678427079255905 0.014185250367141506 0.02145430901299008
0 0.45735710946374925 0.6623850328257948 0.015243851140808857 0.018819569309640512
0 0.5121926295397142 0.7115041087239566 0.011432888355606607 0.013926481289133931
0 0.4990659799462401 0.7239250244683193 0.007621925570404428 0.016937612378676477
0 0.5496670969275359 0.7290063081819222 0.013126649593474298 0.013550089902941239
0 0.47387128153295877 0.7120686958032459 0.014396970521875047 0.009786176041013022
0 0.47715294393132734 0.7218548718442588 0.010374287581939328 0.013550089902941239
0 0.47133063967615724 0.74744948610537 0.009315686808272048 0.02484183148872546
0 0.45883915054688346 0.699647780058883 0.011432888355606607 0.018066786537254843
0 0.450476204434912 0.712633282882535 0.015032130986075387 0.016184829606290804
0 0.44412459979290825 0.7320174392714648 0.019689974390211376 0.020325134854411574
0 0.4209412428495948 0.7340875918955251 0.010586007736672726 0.026723788419689497
0 0.41046109519028884 0.7401098540746102 0.015032130986075316 0.016937612378676335
0 0.38283161499757284 0.72806532971644 0.019901694544944847 0.025971005647303827
