0 0.41427502367231583 0.5936763198287399 0.021209107504950628 0.02704879383981964
0 0.427915374437968 0.6843131971947942 0.019841909408569336 0.025245901979046102
0 0.43390516440073656 0.7370715671115452 0.014150857925415039 0.024241883077739196
0 0.40785541799333364 0.682199854909638 0.015254471037122939 0.023918387330608602
0 0.26337191793653697 0.6302449261700666 0.021351390414767794 0.03153775062090085
0 0.3922290669547187 0.6838096571557315 0.01658426390753852 0.025138242745105132
0 0.44146900706821013 0.7715617050359279 0.011280006832546659 0.023773287549430942
0 0.39771948920355904 0.7122977692403911 0.013608667585584853 0.018153390766661844
0 0.39946147361886697 0.8225924747534562 0.014533687891514973 0.023029225258052576
0 0.4593339487371728 0.8265242936999528 0.014217738154742818 0.02190584841619625
0 0.44448431110888587 0.8616298200079597 0.011058240787022128 0.019097406311556
0 0.4378493666366725 0.8652807947439927 0.008530642892845748 0.01965909473248388
0 0.38319006217510576 0.8034950684419004 0.014849637628287055 0.015165587365058854
0 0.3816103134912454 0.8602255989556398 0.009794441839934009 0.015165587365058996
0 0.37781891664998063 0.8770762515834829 0.012322039734110462 0.01404221052320267
0 0.4116255384845914 0.8644382621126004 0.009162542366389843 0.017974029469699674
0 0.4151009855890841 0.8492726747475416 0.008530642892845677 0.017974029469699674
