0 0.4813325934939914 0.7192665147192685 0.017540031009250216 0.022849612765842013
0 0.46764986263898783 0.7651816566955716 0.010805763291793226 0.027854856485511306
0 0.4597256362250063 0.7347654340964505 0.010085379072340288 0.016328708974265284
0 0.4224152966816821 0.7109391819089416 0.011706243566109222 0.015048025917460137
0 0.3932397357938405 0.6973319244303872 0.018549893650911642 0.026894344192907482
0 0.34704509772142456 0.7136606334046525 0.01656883704741631 0.027534685721309984
0 0.4570249071839602 0.8437490617589921 0.0163368401879891 0.019068814585307195
0 0.3967106133586064 0.8334812385207497 0.012541412669567436 0.01965554734177829
0 0.3848292750400688 0.8377350510051644 0.01221137549405249 0.020535646476484714
0 0.3571061522968146 0.839201882896342 0.012871449845082308 0.017601982694129815
