0 0.43981752130720353 0.6243830551335842 0.019309282302856445 0.025386009687258872
0 0.49114118682013624 0.675770112025885 0.013554943932427298 0.022855264169198496
0 0.4904802110460069 0.7375107753423997 0.01117070515950521 0.020166279357156636
0 0.42977493339114714 0.7206212973889009 0.012062152226765953 0.01591543503749518
0 0.3827101786931355 0.7439085407021605 0.013760116365220811 0.022606837896653166
0 0.4767542415195042 0.7382557951373819 0.013575447930230033 0.018781355869622877
0 0.5048015647464328 0.7586866308141638 0.01340076658460829 0.015513102213541664
0 0.5162175761328803 0.7243238378454139 0.010073926713731553 0.020229575074749227
0 0.5088718202379015 0.7254215287573544 0.011938518948025174 0.023315806447723766
0 0.3745695352554321 0.7258506821997373 0.007147656546698676 0.014267862578968943
0 0.4738861189948188 0.7408612098222898 0.011703279283311632 0.015728232301311727
0 0.5293397108713785 0.7366972558292342 0.012470298343234591 0.02095860610773534
0 0.5589694446987575 0.7377876234643252 0.010582288106282554 0.017119749092761382
0 0.4524911901116073 0.7586180843892051 0.014724867224388235 0.023701287784600993
0 0.4787996275275118 0.48453695347944953 0.017214373863060572 0.025101608829032215
