0 0.3832524882422553 0.671055687798394 0.01757510503133138 0.023363560806086033
0 0.3847173187467787 0.7249502017174239 0.01744426621331109 0.023322870701919365
0 0.5383779869659667 0.5934508005471075 0.035481535119478595 0.05406710113444369
0 0.4383374887819035 0.86666908301838 0.01257816768315962 0.023780944896555953
0 0.43574199386315615 0.8489221092149802 0.009383712398547673 0.018101913279468106
0 0.4601995421359667 0.848212230262844 0.01237851422787145 0.017392034327331912
0 0.39890593136247415 0.8150253892504861 0.013177128049024347 0.019166731707671972
0 0.38552914985816145 0.8175099655829621 0.011579900406718408 0.012067942186312025
0 0.382634174756482 0.8384513946709741 0.010980940040853752 0.016327215899127907
0 0.45305773867641846 0.7553614563578269 0.010980324541156748 0.020369297699537013
