0 0.03962818003913895 0.11888454011741684 0.02972113502935421 0.04207436399217222
0 0.150807240704501 0.1394324853228963 0.025318003913894317 0.0283757338551859
0 0.21657901174168298 0.31311154598825836 0.015961350293542082 0.02739726027397257
0 0.40673923679060664 0.27397260273972607 0.020914872798434417 0.037181996086105645
0 0.3489481409001957 0.08904109589041097 0.028620352250489277 0.03326810176125245
0 0.42847969667318986 0.45645792563600784 0.019263698630137042 0.026418786692759256
0 0.31186815653445765 0.6414890888856941 0.029563060319723177 0.03338886812580505
0 0.31030305334106045 0.6816793931112002 0.02712845535221657 0.03215224338040471
0 0.2910001139558295 0.7299077581818074 0.011477423418245501 0.019785995926402934
0 0.25135083305643596 0.8198722084096712 0.01704223477254633 0.02411418253530357
0 0.17483467693479937 0.6322144032951926 0.01773783619183394 0.022259245417203317
0 0.47440016795414697 0.9450904616720933 0.018781238320765396 0.029060681516904482
0 0.40031861680001696 0.883877536774784 0.014607629805039792 0.027824056771504076
0 0.42675147073294606 0.8511069810216793 0.027824056771504218 0.024114182535303855
0 0.4916163030815152 0.8767669444887329 0.01286862625682076 0.02967899388960447
0 0.45805353460088827 0.8761486321160329 0.013216426966464497 0.027205744398804087
0 0.36240833944884243 0.7379558168175621 0.020868042578628163 0.0302973062623046
0 0.34936581283719986 0.5540078859392841 0.014259829095395915 0.028442369144204137
0 0.4994418190485008 0.5586452287345348 0.029215259610079442 0.037717054734705616
0 0.5410040038509352 0.5849235045742889 0.028171857481147953 0.03215224338040478
0 0.5437864095280857 0.6464455856579481 0.021215843288272113 0.03400718049850525
0 0.49265970521044666 0.6424265552353975 0.02191144470755951 0.03709874236200569
0 0.5679585588483299 0.7153874152140085 0.016694434062902486 0.02967899388960447
0 0.5604808435909882 0.7453755652899631 0.01843343761112152 0.0302973062623046
0 0.5229183669494575 0.7265170379226104 0.017042234772546294 0.02844236914420449
0 0.3867543891239087 0.6566477398074997 0.018781238320765396 0.028442369144204206
0 0.4151001469598786 0.6736513300567524 0.022607046126847264 0.031533931007704866
0 0.40814413276700257 0.6949831069149056 0.011477423418245536 0.02225924541720346
0 0.3935365029619628 0.7144599466549585 0.01773783619183398 0.024114182535303712
0 0.4382288941511915 0.6986929811511061 0.015303231224327262 0.025969119653404107
0 0.4667485523419833 0.7036394801327068 0.015998832643614947 0.02225924541720346
0 0.45353212537551885 0.7277536626680104 0.012520825547176883 0.022259245417203317
0 0.462053242761792 0.7413565348674126 0.01565103193397107 0.019785995926403076
0 0.45944473743946346 0.7595967498620653 0.016694434062902486 0.01793105880830268
0 0.4486629154405055 0.7920581494288202 0.013912028385752038 0.027205744398804087
0 0.4371854920222601 0.7663981859617663 0.010434021289314047 0.019167683553702942
0 0.4324901824420687 0.7364100358858119 0.010781821998957924 0.02225924541720346
0 0.40031861680001696 0.7385741291902622 0.013216426966464497 0.0191676835537028
0 0.40831803312182446 0.770726372570667 0.018781238320765396 0.026587432026104096
0 0.3885763209393346 0.24119373776908037 0.0352250489236791 0.03816046966731925
