0 0.4333467483520507 0.713386959499783 0.014412244160970054 0.02185284649884259
0 0.4528003798590766 0.7311202626169464 0.01605701446533203 0.021267549491222993
0 0.15460419654846191 0.8581652229214892 0.016778892940945096 0.029480168848861885
0 0.6067670186360676 0.7122645201506438 0.020832167731391057 0.03509865278079186
0 0.23900312847561306 0.255581431918674 0.017895963456895616 0.03124686818063995
0 0.41021758980221223 0.7508999153419778 0.009258561664157443 0.01322301228841146
0 0.013302140536804279 0.12241446977660406 0.011476356541556631 0.02040241162943401
0 0.33281433970514235 0.7676407375574545 0.010954703971485884 0.02643039688358499
0 0.4333628725862806 0.8773037000656626 0.011215530256521262 0.024111941016603994
0 0.4209736240471001 0.858060516369719 0.009389746261273544 0.02364824984320762
0 0.40910602807799046 0.8429905532343415 0.010693877686450436 0.020402411629434028
0 0.4008900000993761 0.8337167297664172 0.008346441121132173 0.018547646935849114
0 0.3926739721207616 0.8297753547925493 0.010172225116379678 0.020866102802830255
0 0.3768939818761212 0.8543509869825492 0.010433051401415127 0.018083955762452888
0 0.391239427553067 0.859915281063304 0.010954703971485884 0.02179348514962271
0 0.4683135947810213 0.7115341055765111 0.009650572546308992 0.015301808722075521
0 0.47639920961711796 0.7330957451394358 0.01173718282659202 0.020402411629434028
0 0.5185226546503315 0.7266040687118885 0.012519661681698224 0.02411194101660385
