0 0.569266024448533 0.25798737801860133 0.01234120496253638 0.024837645207620405
0 0.37266119686434096 0.5876714716641598 0.012901719199031802 0.022054220853045762
0 0.38936726916052317 0.5823784586594287 0.01257090588623612 0.019701770628720895
0 0.3996224818571894 0.6132543678536928 0.010255212696666263 0.020877995740883223
0 0.42277941375288747 0.6291334068678859 0.011909279260644752 0.019701770628720895
0 0.5316169936626685 0.6716245390447539 0.018525545516558495 0.021760164575005233
0 0.4894382962812184 0.6560395563086016 0.01257090588623612 0.014114701345949214
0 0.4623116046319721 0.6642731320937386 0.011247652635053243 0.017643376682436696
0 0.4741381805644178 0.6786818897177287 0.011413059291451262 0.014702813902030556
0 0.425425920255253 0.6491292337746473 0.015879039014192953 0.01911365807263948
0 0.3932543255858725 0.659568231645089 0.015052005732203782 0.021172052018923894
0 0.4260048435526454 0.6689780325423885 0.011743872604246874 0.016467151570274296
0 0.40954688124106 0.6757413269373225 0.009593586071074895 0.017055264126355354
0 0.4233583370502799 0.6852981559736423 0.009428179414677018 0.015584982736152284
0 0.4057425281439096 0.7072053486876677 0.016209852326988638 0.022936389687167633
0 0.49406968266035795 0.7351406951015258 0.011247652635053243 0.018231489238517896
0 0.4762884670975898 0.7835129528392062 0.01240549922983817 0.020877995740883223
0 0.4303054166189893 0.7451386085549067 0.010751432665859824 0.022936389687167633
0 0.3963143487292325 0.7658695761567696 0.009262772758279213 0.01440875762399017
0 0.381837556635163 0.40525153123481794 0.01554371500134792 0.024283783705809584
0 0.34043090961285527 0.5932779570884857 0.01530820416799422 0.022609040001960706
0 0.424861543370177 0.8813338741505031 0.012717585001102948 0.016747437038489466
0 0.30204264377619294 0.7975966889580559 0.012953095834456647 0.02177166815003616
0 0.1466054937627135 0.7992400985011088 0.013895139167871662 0.023865097779847418
0 0.24693310877141386 0.7636831289551149 0.014366160834579134 0.025121155557733914
0 0.24811066293818265 0.6765964563549701 0.007771857500673995 0.020096924446187218
0 0.5024180820522263 0.7082846562259946 0.007939579514549138 0.014358166784931682
0 0.5246625936231614 0.7265365631559925 0.010266697648123895 0.015818319339331453
0 0.3714150200621654 0.6658185527688658 0.006570686494799247 0.020928853279731072
0 0.477641118394754 0.6980635883451957 0.012867594385648573 0.018251906929997973
0 0.45601260868270627 0.7032958016651284 0.008487136722449122 0.022875723352264146
0 0.46771664400156754 0.7052426717376615 0.011088033459973872 0.01508824306213171
0 0.42795030177783433 0.6989153440019288 0.005749350682949413 0.018495265689064552
0 0.4150827073921857 0.7359058753800584 0.00684446509874924 0.016061678098398317
0 0.37511103121549 0.7288484713671256 0.007939579514549067 0.014114808025865101
0 0.3763430349332648 0.7458835845017906 0.010951144157998699 0.01752183065279809
