0 0.1646123131116231 0.24009167706524884 0.02567602528466119 0.0407804795253424
0 0.38260275787777365 0.6071532214129413 0.022404750188191727 0.03278845327871817
0 0.4639166990915935 0.628522543259609 0.015830516815185547 0.02494816721221547
0 0.5610090361701118 0.6308140224880643 0.022599750094943576 0.02861211329330633
0 0.48278117179870605 0.7783778626241802 0.017505168914794922 0.023940098138503084
0 0.31198031372494167 0.7067172909960335 0.01739244990878635 0.03356797018168885
0 0.44189537896050346 0.8162138197157118 0.022084448072645403 0.029856740692515437
0 0.04427786668141684 0.7074092111469787 0.03063938352796767 0.05032598236460745
0 0.2659263610839844 0.7192501727445625 0.016419092814127605 0.030790964762369796
0 0.4159238073560927 0.608486646487389 0.021139727698432073 0.025807227617428628
0 0.40673173798455137 0.74075491634416 0.016942183176676433 0.03151702880859375
0 0.48820887671576607 0.7283220644350404 0.01248878902859158 0.015970677505304783
0 0.47200075785319007 0.7314776196891879 0.012714174058702257 0.016103202914014274
0 0.531645933787028 0.9160030977225598 0.012685775756835938 0.02450165925202546
0 0.4673412111070421 0.7540225747190874 0.012876298692491319 0.023437405809944058
0 0.5511337651146783 0.7267037850839121 0.011839177873399522 0.01584644082151813
0 0.3278986745410496 0.7187338935004342 0.010838905970255532 0.02334057843243634
0 0.35985909567938906 0.8387278333122348 0.012311776479085289 0.02177287914134838
0 0.4856921831766764 0.7449484224672672 0.00902716318766276 0.013001571466893326
0 0.3833109007941352 0.8137080345624759 0.013514200846354164 0.021248240529755016
0 0.5174119737413194 0.7212308718834395 0.009696006774902344 0.013784808877073689
0 0.5595688025156658 0.7699717768916378 0.012260595957438149 0.018941243489583332
0 0.5819119612375896 0.8256019780665268 0.009019268883599175 0.014088477617428626
0 0.502131912443373 0.724452101154092 0.009309927622477213 0.015131302821783372
0 0.618954579035441 0.6897840853090639 0.010834746890597872 0.021868152382933062
0 0.5322643650902642 0.7268016485520351 0.011382367875840928 0.014616130310812114
0 0.3774968120786879 0.8919822316110868 0.012580103344387479 0.022728908209153166
0 0.25459170341491694 0.8329399014696662 0.016355196634928387 0.03174562807436342
0 0.5071778562333848 0.7237253306824485 0.010354942745632596 0.01636387389383198
0 0.575211180580987 0.5872718669750072 0.012738598717583548 0.023796411208164545
0 0.38180979092915845 0.7622249744556568 0.00894429948594835 0.015284408757716049
0 0.3180865976545546 0.8528079751097127 0.012373288472493492 0.022408756209008486
0 0.4785772959391277 0.8523097568088107 0.016582489013671875 0.025035434299045138
0 0.3191976679695977 0.8523412162874952 0.012128750483194985 0.022416197223427855
0 0.4509316815270318 0.720377203858929 0.009734842512342665 0.01443608601888021
0 0.3875062465667724 0.7412497673505618 0.009835561116536459 0.015096923451364777
0 0.37055791748894584 0.8614636644904996 0.009724511040581597 0.01701976634837963
