0 0.46476329697502977 0.6483790315227744 0.01891003714667426 0.02965267793631848
0 0.392608126004537 0.807381100124783 0.012742598851521812 0.02544403076171875
0 0.4622084034813775 0.7351306161762756 0.016422960493299697 0.024838906747323496
0 0.48169496324327254 0.7132738843376254 0.008403354220920138 0.014462506329571759
0 0.44587336332405975 0.8652018411392376 0.0067441003926967365 0.01541508661187848
0 0.4418991613069349 0.8568520025578036 0.00843012549087092 0.013274102360228569
0 0.3849355990614784 0.8681992190915472 0.00963442913242389 0.015415086611878195
0 0.4272869320230015 0.768613346342265 0.010116150589045247 0.01712787401319801
0 0.49424621449334777 0.7373549762681784 0.00963442913242396 0.015415086611878338
0 0.5123107691166428 0.713590051074866 0.008189264762560171 0.014130496060888334
0 0.54542911925935 0.7251513660337747 0.009875289860734498 0.01584328346220815
0 0.2582166884461205 0.7264655110081695 0.012265802008569374 0.023212700575357324
