0 0.23116438356164387 0.2108610567514677 0.02091487279843445 0.032289628180039144
0 0.23749388454011744 0.24804305283757336 0.029170743639921747 0.03424657534246574
0 0.18355552837573388 0.1056751467710372 0.015961350293542082 0.02935420743639922
0 0.15603595890410962 0.26125244618395305 0.01486056751467709 0.02544031311154601
0 0.02421722113502936 0.10714285714285715 0.014310176125244623 0.02641878669275929
0 0.1814241655949001 0.6110660448594476 0.01142690772931104 0.02031450262988642
0 0.16054808416635105 0.5845009260357501 0.015382375789457168 0.020314502629886207
0 0.15549387497838651 0.6337245285620131 0.013184893533820468 0.02031450262988635
0 0.16538254512875183 0.6700562351885406 0.012745397082693089 0.01953317560565992
0 0.39576655424017704 0.33440796636889675 0.035599212541315595 0.03906635121131971
0 0.39730479181912254 0.26369787067640876 0.016700865142839236 0.03359706204173506
0 0.5568371127039285 0.6880798160392979 0.015792526994056855 0.026827798942990456
0 0.5247256411493463 0.7963268652627593 0.024566153101866276 0.029947310447989393
0 0.5112142569433198 0.808492960132255 0.010879296373683544 0.030571212748989184
0 0.4985802353480742 0.8025658882727571 0.01368685672818259 0.031195115049988828
0 0.43734032511556475 0.7997583279182581 0.023864263013241568 0.03306682195298805
0 0.44716678635631124 0.7791695519852654 0.01193213150662082 0.023084385136991726
0 0.4724348295468023 0.8287697849147477 0.01123024141799597 0.02495609203999123
0 0.40944019409273097 0.7567090691492734 0.024215208057553922 0.024332189738991445
0 0.41014208418135567 0.6553249452368095 0.022811427880304436 0.029947310447989393
0 0.37557399731658675 0.5935586174378313 0.01123024141799597 0.017469264427993708
0 0.4101420841813557 0.6830885976312996 0.012283076550933174 0.021836580534992153
0 0.48278770835401735 0.6600042124943079 0.01860008734855583 0.034314626554987765
0 0.5163029600858492 0.668114942407305 0.01614347203836921 0.01934097133099314
0 0.5122670920762569 0.7099163965742901 0.016494417082681637 0.03306682195298819
0 0.4922632245504515 0.7077327385207909 0.017898197259931196 0.031195115049989112
0 0.46260836830605584 0.6965024971027948 0.019652922481493036 0.034938528855987555
0 0.36206261311056026 0.6949427413502953 0.01438874681680737 0.02807560354499003
0 0.3596059978003736 0.7436071208282781 0.016494417082681706 0.023084385136991726
0 0.35978147032252983 0.7679393105672694 0.016143472038369282 0.020588775932992718
0 0.37066076669621345 0.8106766181857543 0.021056702658742522 0.03119511504998897
0 0.4064571612160758 0.5870076432773338 0.01684536212699406 0.029323408146989537
0 0.3964552274531731 0.5916869105348321 0.011581186462308466 0.024956092039991162
0 0.39698164501964134 0.6091561749628255 0.019652922481493446 0.024956092039990233
0 0.5654352662895817 0.5190022924683579 0.023162372924616648 0.044297063370984234
0 0.42172327064366416 0.5330400942408527 0.015090636905432078 0.02495609203999102
0 0.4910349168953582 0.5168186344148588 0.014739691861119723 0.03244291965198848
0 0.34276063567337967 0.5732817926553386 0.02632087832342819 0.024332189738991445
0 0.3497167366572819 0.7982829941292162 0.011581186462308395 0.02807560354499003
0 0.18461283541250623 0.8212241024771652 0.017683880873763123 0.02172921309978719
0 0.26679087006117014 0.6975525172815671 0.02080456573383895 0.024040831514658266
