0 0.47017251120673287 0.6298270755343968 0.019107606675889757 0.027939455008801118
0 0.4003783729341295 0.5785708486297984 0.018832233217027452 0.026211397147472993
0 0.3807132244110107 0.7291576479688103 0.01702435811360677 0.02367330480504919
0 0.47882578108045787 0.6934987291877652 0.01811960008409288 0.026034696602527007
0 0.35295776526133216 0.7677913241916232 0.017273134655422635 0.028104899842062114
0 0.42769903606838655 0.5761978243604118 0.015179687076144747 0.024031274112654318
0 0.37178712420993376 0.5950356942635995 0.016912884182400174 0.022533652223186727
0 0.19529705577426484 0.6906612066575039 0.01729562547471788 0.02456947609230324
0 0.42314696311950684 0.6526401425585334 0.013544029659695096 0.023440655366874036
0 0.6088822682698568 0.43781746758355033 0.013518121507432725 0.02536199122299383
0 0.3565263615714179 0.6837053652162904 0.012144909964667428 0.02220436378761574
0 0.4045612547132704 0.7042677844012225 0.013072119818793405 0.02261555047682774
0 0.27998606363932294 0.678478193871769 0.014748096466064453 0.021982922966097607
0 0.5539752112494575 0.7030294912832754 0.009963671366373697 0.018339369032118056
0 0.4690634409586588 0.7197757297092013 0.011506716410319008 0.014324329517505787
0 0.39584104220072436 0.6250210750250169 0.012446615431043837 0.020970709529923807
0 0.4442805846532186 0.7633165901089892 0.025355418523152665 0.03658982265142747
0 0.4596090316772461 0.7837329676121841 0.018805503845214844 0.024841449878833913
0 0.49664831161499023 0.7203980434088061 0.012785911560058594 0.019084223994502315
0 0.3652723365359837 0.743727837079837 0.010619428422715928 0.02007227768132716
0 0.27739009592268205 0.8595601776499806 0.016079611248440213 0.022885546272183643
0 0.4513070980707804 0.6874738151644482 0.015020873811509874 0.018983063874421297
0 0.48704401652018225 0.8214619012526524 0.010416348775227867 0.01863927017023534
0 0.48606965276930064 0.7343789559823496 0.00930696063571506 0.014824572904610341
0 0.5388699637518989 0.7316606309678819 0.009779506259494357 0.014376228238329476
0 0.5278913444942899 0.719731531025451 0.010403580135769315 0.014090973653911073
0 0.3363039096196492 0.7806748990659359 0.014072921541002061 0.021252808747468172
0 0.581645647684733 0.8246193874029467 0.007613393995496962 0.013791590561101469
0 0.5517282485961914 0.7249204612072602 0.009785758124457465 0.014274926833164545
0 0.4665460056728786 0.8429223519784433 0.012228118048773873 0.014484170042438271
0 0.5154150856865777 0.7240160718376254 0.013176600138346352 0.017989170404128087
0 0.569107108645969 0.84595701429579 0.010571161905924477 0.014149136013454862
0 0.5845766597323948 0.7712844801537784 0.012532658047146268 0.022554421130521796
0 0.458039230770535 0.8619804382324219 0.013075404696994357 0.016265586570457177
0 0.4086593257056342 0.8608473789544753 0.009736590915256076 0.017691529827353395
0 0.36389120419820153 0.8033688863118491 0.013684908548990883 0.021685847529658565
0 0.4557905462053087 0.8243790614752122 0.011288272009955514 0.01723546157648534
0 0.3920992877748278 0.8360488797411506 0.009701437420315213 0.017630965621383103
0 0.3108230299419827 0.7226084014515817 0.017539050843980577 0.025806191526813273
0 0.5392804675632052 0.8476924189814815 0.0133209228515625 0.018905262888213734
0 0.12690953413645426 0.6438086945333599 0.016851690080430772 0.026935012252242475
0 0.6066795455084907 0.8528550230426554 0.01011742485894097 0.016379179777922453
0 0.5727842119004992 0.8640943456579139 0.009669939676920572 0.01386882640697338
0 0.5467608239915636 0.721511040204837 0.00996632046169705 0.014258679048514659
0 0.5974062548743354 0.839842101674021 0.009375731150309244 0.014229197561005016
0 0.45578802956475145 0.8243066764172212 0.012927161322699655 0.018333811818817516
0 0.4162477917141385 0.7638279479226948 0.011036819881863065 0.016311551317756558
0 0.41850300763380593 0.8366205257529122 0.014986731435388236 0.02505244657855954
