0 0.4325838221444024 0.5378128805278259 0.026764843198988177 0.031856018819926696
0 0.4404918617672391 0.6666452148814259 0.021615081363254122 0.030586572340977045
0 0.3627807564205593 0.5496692186520423 0.017699347601996526 0.02655909973898052
0 0.41533280743492973 0.6448073446014781 0.0164334774017334 0.02478587774582851
0 0.372352295451694 0.6734899120566286 0.016723977194892034 0.023213186381775656
0 0.3995803859498766 0.6716738571355373 0.012828800413343642 0.020731042932581017
0 0.3884912464353773 0.6827717298342857 0.013250165515475802 0.024153768280406062
0 0.47844841745164657 0.7026814825740861 0.009629832373725044 0.019449257556303046
0 0.4036663638220893 0.6911760730507933 0.02009529537624783 0.02369619298864294
0 0.37096426222059464 0.7097484918288244 0.01589843961927626 0.021034711672935958
0 0.41052630212571883 0.767730712890625 0.010005262162950303 0.0213083337854456
0 0.4067767593595717 0.7205399642755955 0.01762700080871582 0.024465348985460066
0 0.3506500323613485 0.775270179465965 0.015859577390882704 0.02702694174684124
0 0.37543633249070907 0.7249108302740401 0.013214588165283203 0.01842894377531829
0 0.4229101207521227 0.824620188018422 0.0195822450849745 0.029057067117573304
0 0.4577706919776069 0.8254093594021267 0.012645032670762803 0.019267612033420138
0 0.5150383313496908 0.8195958078643422 0.010191175672743056 0.01479537398726852
0 0.5408397515614827 0.8502601811915268 0.013102584415011935 0.01816558837890625
0 0.4686522748735216 0.7773195902506511 0.014815277523464628 0.023778844762731483
0 0.5530481073591444 0.7217503064944419 0.01151005427042643 0.015378551718629436
0 0.4858296977149116 0.8234849623691889 0.012500921885172524 0.016474876874758872
0 0.34660332732730437 0.8385549945595824 0.014961587058173288 0.019568266691984953
0 0.45762085914611816 0.8617620114926939 0.01252126693725586 0.01715718963999807
0 0.3719118568632338 0.8403830822603201 0.013143459955851235 0.017309871720679014
0 0.5040802690717909 0.7251775058699242 0.011989752451578774 0.015753239761164158
0 0.5399560133616129 0.7302719634256245 0.012288146548800997 0.015930505446445795
0 0.35750696394178605 0.8491801509150751 0.011189354790581595 0.01570751048900463
0 0.3174310392803616 0.87323323002568 0.010346545113457572 0.018065181779272764
0 0.6065544817182753 0.8528816317334588 0.010681099361843534 0.017156153549382717
0 0.2817208237118191 0.7663542900556399 0.01595163345336914 0.025451895631389852
0 0.5153857072194417 0.7238920941764926 0.01145442326863607 0.016599349033685377
0 0.5814702245924208 0.824400395522883 0.008416705661349826 0.014771732283227236
0 0.5251573986477323 0.8292710104106384 0.010437965393066406 0.01601890281394676
0 0.47724840376112193 0.8236975022304206 0.008866839938693576 0.015800947024498458
0 0.499539401796129 0.8376647572458527 0.011513763003879122 0.016783537688078703
