0 0.3095739020241632 0.6853388798089673 0.018350680669148762 0.02942728113245081
0 0.4911251862843832 0.6945588618148991 0.017171276940239802 0.023841622435016398
0 0.40287748972574877 0.6462653360249084 0.019892215728759766 0.029805689682195217
0 0.38834032747480607 0.724893758326401 0.011027415593465172 0.0187287978184076
0 0.47081949975755477 0.7194301228464386 0.017135673099093966 0.02489975352346161
0 0.4162409570482042 0.7383413197081765 0.01131847169664171 0.014944147180627894
0 0.43168293105231387 0.7012652644404659 0.01293092303805881 0.020958229347511573
0 0.4094712071948581 0.7134757336275076 0.01099795765346951 0.01544603889371142
0 0.38229944970872665 0.6968317856023342 0.010948022206624351 0.022724763846691743
0 0.4945852226681179 0.658468010984821 0.021212206946478948 0.022504877161096642
0 0.4499880075454712 0.7488658104413821 0.018507189220852323 0.02275914321711034
0 0.3643047014872234 0.5645962232424889 0.01627990934583876 0.026457751238787616
0 0.4533576700422499 0.7092901865641275 0.016496075524224177 0.021432334994092403
0 0.4769522084130181 0.7423381098994501 0.012009355756971572 0.01534949408637153
0 0.4317090511322022 0.8123341313114872 0.013525168100992836 0.019713225188078703
0 0.3908321195178561 0.6357074313693576 0.01594302389356825 0.026135291582272378
0 0.5005586942036947 0.3356199146788797 0.01917160881890191 0.029959407853491514
0 0.5236172411176893 0.6432795112515673 0.013735400305853952 0.027294582790798612
0 0.35668373798251646 0.586346284151879 0.01597461724805811 0.029362008350479626
0 0.49385935356708344 0.6387440177227287 0.009747224083560794 0.018291087169151225
0 0.336956121444208 0.49265599256911297 0.01597461724805811 0.02839931955210318
0 0.43348071549391476 0.4199729882916961 0.018952935718034993 0.027436630753726873
0 0.38635668751821434 0.8162614912264504 0.013587801250173186 0.022948286555848085
0 0.3689190092471588 0.8072029570596684 0.017664141625225158 0.020130075926182513
0 0.40707808442472854 0.8476644096712951 0.012908411187664583 0.015701459222422328
0 0.38986686950784244 0.8458527028379388 0.011096704354308073 0.017714466815040738
0 0.3826200421744167 0.8380019732267274 0.011096704354308073 0.020532677444706025
0 0.40786050085936554 0.7635337798801026 0.007699754041764848 0.01811706833356425
0 0.4041238555155678 0.7544752457133206 0.0056615838542387565 0.011272842518662287
0 0.39687702818214204 0.7578973586207716 0.00792621739593436 0.01167544403718594
0 0.3855538604736645 0.7548778472318444 0.00792621739593436 0.012883248592756757
0 0.3922345294216663 0.7663519905097682 0.011323167708477655 0.00925983492604388
0 0.4538325617557848 0.7323321621945198 0.006793900625086522 0.014493654666851229
