0 0.16757935285568237 0.22588701601381658 0.02608957555558946 0.04100870203088831
0 0.5855759779612223 0.7250800662570529 0.02112944920857747 0.031287157977068866
0 0.26448092195722794 0.601952729401765 0.02145218849182129 0.026333561650028935
0 0.21150485674540204 0.10493437743481294 0.016463226742214628 0.025964118816234446
0 0.4669504165649414 0.6432214901771074 0.02043914794921875 0.028256074881847993
0 0.46966446770562065 0.7273929266282069 0.013861868116590712 0.02430376594449267
0 0.5221246348487006 0.6502295600043402 0.0252945688035753 0.03632326479311342
0 0.47745145691765684 0.9196884720413773 0.019789642757839628 0.033101399739583336
0 0.40236735343933105 0.781792864387418 0.011908796098497178 0.022884133421344523
0 0.6309318542480469 0.735536410484785 0.021121872795952693 0.031905939549575615
0 0.5165334542592367 0.6852052005720728 0.020062817467583552 0.02538224208502122
0 0.41805505752563477 0.6066216127372083 0.01754527621799045 0.029569037166642557
0 0.349776996506585 0.584130440229251 0.017993105782402888 0.03323133492175444
0 0.5401145617167156 0.6982048882378471 0.023051897684733078 0.030931731800974152
0 0.5721859402126737 0.6474199883731795 0.02007293701171875 0.026340484619140625
0 0.39762885040707063 0.707847053622022 0.016475386089748807 0.026177253252194253
0 0.3901539246241251 0.7467995160891686 0.013273795445760093 0.024170769585503474
0 0.45521108309427905 0.6674086723798588 0.019642564985487197 0.02868233198001061
0 0.13539958662456938 0.33183929066599155 0.019478652212354872 0.032105716658227236
0 0.4484231207105848 0.7612458923716605 0.011417176988389757 0.015506556004653742
0 0.5780783494313557 0.6094414510844666 0.016072326236300997 0.020358992211612654
0 0.4210653305053711 0.7847765934320143 0.015866332583957247 0.024462994234061536
0 0.231243093808492 0.6383988180278259 0.017833047442966037 0.02243550618489583
0 0.4695187409718832 0.7621187516200689 0.013844543033175997 0.023326308638961225
0 0.38469502660963273 0.8256279745219666 0.012337048848470054 0.022737573694299767
0 0.3646669520272149 0.7477888884367766 0.013065947426689994 0.025689678427613813
0 0.48479249742296004 0.7481260652895326 0.008892589145236544 0.014798246783974728
0 0.4449821843041314 0.8051297694076726 0.021431658003065325 0.0225857393241223
0 0.3686781326929728 0.6791922251383464 0.023591438929239913 0.029289669460720487
0 0.35407749811808265 0.7095843185613185 0.01587088902791341 0.024854401011525848
0 0.3613051705890231 0.6833645855938947 0.01743658383687337 0.02565369782624421
0 0.4250716235902574 0.7577633327907987 0.013200150595770944 0.018030896598910107
0 0.1685684190856086 0.7062806023491752 0.015150242381625705 0.021545033396026234
0 0.28394623597462976 0.7027510654779128 0.011371586057874892 0.023275210533613044
0 0.44763027297125924 0.828038298053506 0.020329740312364362 0.02706975112726659
0 0.40839293267991805 0.7208080291748047 0.01280355453491211 0.02415941968376254
0 0.09436659349335563 0.7890987631715375 0.01947255267037286 0.030097113715277776
0 0.513422065311008 0.7267176781171635 0.01306205325656467 0.021522145212432484
0 0.601025210486518 0.42419282889660503 0.010168923272026908 0.02238859953703704
0 0.4085954030354817 0.7199655933144652 0.013630496131049264 0.025018998134283373
0 0.5969494448767768 0.3809569912192262 0.033766587575276695 0.055045634140203026
0 0.4391990900039673 0.7608745245285976 0.008376306957668729 0.014327720359519675
0 0.3530012898974949 0.8689782413435572 0.013336684968736436 0.016225367416570217
0 0.3233973582585652 0.6676067540675034 0.03098320960998535 0.04714593769591532
0 0.454245408376058 0.7439060211181641 0.010331683688693576 0.014152385570384838
0 0.3833183579974704 0.8477058410644531 0.010513967937893338 0.015311064543547455
0 0.38672192891438806 0.7316117934238764 0.008963267008463541 0.01554456169222608
0 0.09450536966323854 0.7882454012647087 0.019664327303568523 0.030869848934220682
0 0.42511277728610575 0.7572023603651258 0.011796156565348305 0.01590017624843268
0 0.1729312408628232 0.4816396852014064 0.03003083545997354 0.03732446019804001
0 0.2531906418266464 0.4688832241210635 0.017805893591311735 0.031654921940109874
0 0.3153783895933173 0.5475480674498437 0.014616778321226036 0.02456799911769714
0 0.3590958447540753 0.41266030306325663 0.012224941868661859 0.02031584542424959
0 0.35444505165186696 0.5248699144181234 0.01355373989786422 0.029292614332638963
0 0.3710550270168966 0.5114047610555393 0.015414057138747524 0.027875229768156373
0 0.36015888317743716 0.38242276568762934 0.015414057138747453 0.025040460639191266
0 0.1815138107890438 0.7746006644897017 0.017008614773790284 0.01842599933827273
0 0.3470820452276591 0.8043657403438348 0.014882537927066508 0.041104152369993444
0 0.5846711328490429 0.8844479682370977 0.029765075854133016 0.08031845865400981
0 0.7208729308422858 0.8712190456352608 0.017274374379630756 0.04346645997746421
0 0.6027427860461951 0.8131062784914771 0.022855326102280814 0.03685199867654575
