0 0.35398431619008386 0.5908561047212577 0.018204821480645075 0.02899452492042824
0 0.3646663029988606 0.6848926544189453 0.014275550842285156 0.020432884310498653
0 0.5478132300906711 0.6781821545259453 0.02405574586656358 0.028738422158323687
0 0.4585713015662299 0.6198792869662061 0.016225867801242404 0.022953504397545333
0 0.4020228121015761 0.7157778563322844 0.014600118001302086 0.019959767659505207
0 0.43401980400085455 0.7017788828155141 0.013631502787272133 0.021361927927276234
0 0.3880239592658149 0.6798024589632764 0.014468299018012155 0.020341943811487267
0 0.40336575773027206 0.7373895056453752 0.014511611726548936 0.02007020550009645
0 0.5847749710083008 0.7985057124385128 0.020735210842556424 0.028620967158564815
0 0.47253251075744634 0.7263273545253424 0.009392155541314019 0.014546806429639274
0 0.4145668082767062 0.7812348118534795 0.01276344723171658 0.018991776454595873
0 0.4716007444593642 0.776092576391903 0.013975567287868924 0.018767933786651234
0 0.5315446323818631 0.9153438144259983 0.0131683349609375 0.024002922905815974
0 0.551307996114095 0.7242454246238426 0.011256747775607638 0.016948276095920138
0 0.4857292440202501 0.7304932629620586 0.00935220718383789 0.015418394112292632
0 0.4753417703840468 0.6878090611210576 0.021459208594428167 0.024818561695240163
0 0.5156345897250706 0.7254127455346377 0.011794726053873696 0.017047693699966244
0 0.47651963763766814 0.5321275687512057 0.018205218844943576 0.029685503170814042
0 0.5211773448520236 0.8251588609483507 0.009990056355794271 0.014568752712673612
0 0.5369044409857856 0.7421481756516444 0.008267402648925781 0.01462752730758102
0 0.4237807459301419 0.7998716330822603 0.016588396496242948 0.023764763349368247
0 0.5278800593482124 0.7100479926592038 0.013400342729356553 0.01791085137261285
0 0.5031721327039931 0.7064926712601273 0.009161207411024306 0.01592386504750193
0 0.4552577071719699 0.8239020830319251 0.01163837644788954 0.01925451961564429
0 0.48795082834031844 0.7095844833939163 0.00875107447306315 0.01210912068684896
0 0.4149604903327094 0.7254330434916931 0.009813361697726779 0.012759408833068094
0 0.48729491233825684 0.8271929893964602 0.012453556060791016 0.021875828872492283
0 0.4239653746287029 0.7998442002284674 0.017302513122558594 0.02355608528043017
0 0.502643002404107 0.724286609225803 0.007978227403428819 0.01437665209358121
0 0.467409160402086 0.8621061348620755 0.012902418772379555 0.016046783070505402
0 0.5984088314904107 0.8364020453559029 0.011097643110487197 0.016969468858506944
0 0.48404947916666663 0.8491815166708864 0.009606891208224826 0.01854781162591628
0 0.4750390317704942 0.6875252193874782 0.022310733795166016 0.025624640193986307
0 0.5411853790283203 0.834784001479914 0.007559458414713543 0.014941274383921682
0 0.576762596766154 0.850317590030623 0.009722656673855253 0.01675207820939429
0 0.5664117071363661 0.7213668823242188 0.010989401075575087 0.014200752164110726
0 0.487431976530287 0.8278213783546731 0.01117563247680664 0.021170627923659334
0 0.46508330769009054 0.7077557363627869 0.008818361494276259 0.013867178080994406
0 0.3472250121629212 0.7332542528596808 0.017060139593585575 0.0303291370552634
0 0.3156125824813334 0.7962250419058722 0.02127725275155058 0.03373690526371988
0 0.41653576782990426 0.8643708253034293 0.013034713397346352 0.019083501967356684
0 0.6242313150425733 0.4385052034058657 0.012771996215704889 0.021759697256386018
