0 0.15589047802819148 0.2298035327299142 0.023532205157809787 0.037497343840422456
0 0.44094998306698263 0.6565608507321206 0.02677151891920302 0.027860617931978204
0 0.022983389182223216 0.14251956233271845 0.018474220401710935 0.030225494761525848
0 0.17635474602381385 0.625560454380365 0.015247040324740939 0.02569942709840374
0 0.37072748608059347 0.6028068448290412 0.02037954330444336 0.029261930489245757
0 0.6280287901560466 0.5983899198932413 0.01744646496242947 0.02624441076208044
0 0.5397577815585666 0.6487399913646555 0.01813613043891059 0.029170095184702937
0 0.6150322225358752 0.6259524498456791 0.01799048317803277 0.028806521568769294
0 0.5136446952819824 0.5854464636908636 0.020455890231662326 0.02663699491524402
0 0.3477400143941243 0.6099656422932942 0.017932415008544922 0.02728342126916956
0 0.4328977134492662 0.4355634524498457 0.014464616775512695 0.025749112352912808
0 0.3821453120973375 0.7033473591745636 0.01643930541144477 0.023690353205174576
0 0.5229634179009331 0.6541902518566743 0.010661549038357206 0.019360295048466435
0 0.40979486041598856 0.8076060730733989 0.0195461908976237 0.029851654429494598
0 0.36449783378177225 0.4246419506308473 0.01532377137078179 0.02075962961455922
0 0.20623118347591823 0.24079567709086855 0.021050214767456055 0.03021527514045621
0 0.3697795470555624 0.7474755181206598 0.014095014995998807 0.01672711784456983
0 0.5519928667280408 0.5507262430073303 0.014372454749213327 0.024170957965615355
0 0.3581463230980767 0.6523171884042245 0.017420344882541232 0.021055056725019294
0 0.2748416397306654 0.6482258784918138 0.015784872902764216 0.019659301381052277
0 0.3457210063934326 0.4732463742479866 0.012185997433132596 0.019906550277898342
0 0.35140648153093124 0.7162533041871625 0.013665013843112521 0.019623650444878474
0 0.2702043188942803 0.6015811496310763 0.015211608674791124 0.02329602653597608
0 0.22132134437561035 0.591056329232675 0.015344354841444228 0.02092276679144965
0 0.4071564674377441 0.7052278636414328 0.01840527852376302 0.021326371181158373
0 0.3635937637752956 0.48481849387839987 0.015888320075141057 0.024150141963252315
0 0.279751631948683 0.8425941938235435 0.015721665488349065 0.02792980052806713
0 0.39833360248141814 0.7637772030300565 0.014022774166531034 0.024621892858434608
0 0.5167131423950195 0.6971865995430652 0.01880698733859592 0.022114694854359563
0 0.21397752894295585 0.8712438889491705 0.014905280537075467 0.0227813720703125
0 0.5202837255265979 0.7168362464433834 0.021807829538981124 0.02311216754677855
0 0.43341782357957626 0.7598741790394725 0.00935506820678711 0.015988667805989582
0 0.4035431411531236 0.6863957628791715 0.01549628045823839 0.024669034981433257
0 0.34779334068298334 0.752343589876905 0.012617217169867623 0.01709332878206983
0 0.4710791905721029 0.7268216403914086 0.01340357462565104 0.018240610758463543
0 0.4451624817318386 0.39136029467170624 0.009111033545600044 0.01975269082151813
0 0.09343097276157802 0.08302159956943843 0.012878013981713187 0.020482840361418547
0 0.3933009439044528 0.7265586853027344 0.015015681584676109 0.02282997413917824
0 0.4245553546481662 0.925781344190056 0.022212346394856766 0.029361300998263888
0 0.24953507052527535 0.8525484344105663 0.010791540145874023 0.02509590431495949
0 0.4442232052485148 0.7351524447217399 0.02056627803378635 0.026257267704716435
0 0.37965948051876486 0.45231708479516297 0.013743268118964303 0.021428049346547063
0 0.3338263564639622 0.7798871405330706 0.0180660883585612 0.023928277286482443
0 0.4684947861565484 0.47014401282793217 0.014169481065538194 0.02199695728443287
0 0.20613380273183185 0.24068113020908688 0.021631691190931536 0.03060967245219666
0 0.4977158970303006 0.7872093812918958 0.013338618808322482 0.02239994943877797
0 0.42717929681142164 0.7392560464364512 0.012427091598510742 0.016715767942828898
0 0.25217401981353754 0.605333822744864 0.013350778155856662 0.020097426426263502
0 0.48355041609870064 0.7957144607732326 0.017613887786865234 0.02355961740752797
0 0.24362018373277455 0.769806073035723 0.014772362179226346 0.024209152033299576
0 0.5229200257195367 0.7442612589141469 0.02030181884765625 0.024245132634669174
0 0.3829674455854628 0.7788042845549407 0.015641106499565974 0.019758200939790704
0 0.06240373353163402 0.09946643275979124 0.02345716622140672 0.037579236207184966
0 0.2844746642642551 0.588656955295139 0.018053372701009113 0.021915953836323304
0 0.6309237745073106 0.5622314641505112 0.012711577945285372 0.019190376187548226
0 0.4243931770324707 0.9256645485206887 0.02196126514010959 0.029382022810570986
0 0.44524118635389537 0.8520000599048757 0.012274530198838975 0.028245054645302855
0 0.3846030235290527 0.7968862086166572 0.013646231757269967 0.02110234013310185
0 0.4522142675187853 0.7657948011233482 0.01320738262600369 0.0228530036078559
0 0.2995734082327948 0.634865348721728 0.014442364374796547 0.018109121440369406
0 0.32336227099100745 0.5943076286786868 0.015246073404947914 0.019998103012273342
0 0.47916181882222497 0.8147264174473139 0.021667639414469406 0.020750351894048998
0 0.4775975280337864 0.7462774912516275 0.011035336388481986 0.019298459276740933
0 0.3581356737348768 0.7870007738654996 0.017362859514024522 0.020963127230420528
0 0.4151719808578492 0.7398950082284433 0.009286801020304361 0.014577041437596451
0 0.4648409419589572 0.37167129987551845 0.015539275275336373 0.01992378705813561
0 0.4441634284125434 0.7351548465681665 0.018965509202745225 0.02579243977864583
0 0.5453706052568223 0.7312646324251905 0.013235992855495878 0.014362429395134067
0 0.4739765061272515 0.6745999889609255 0.008762359619140625 0.014406604531370564
0 0.36165473196241593 0.6823123178364319 0.009016831715901693 0.0165800400722174
0 0.3057755364312066 0.6652785878122589 0.015690008799235027 0.022880836769386573
0 0.2069825397597419 0.8691201857578608 0.011112332344055176 0.017797022690007717
0 0.29801324503311255 0.14522232734153262 0.026608325449385007 0.04446546830652791
0 0.3363292336802271 0.15562913907284767 0.012771996215704889 0.03311258278145697
0 0.4883483401112393 0.3977238586347759 0.010831516138554988 0.02819632772576213
0 0.617262724153148 0.44517621505130245 0.013732815104239364 0.022006889932302157
0 0.35450174782766714 0.40185015049708256 0.016247274207832448 0.024757751173839892
0 0.34850572996525286 0.4408779943613997 0.015860434345741154 0.018224455725187737
0 0.33583672448176444 0.4563515888450496 0.01295913538005685 0.02028760165634111
0 0.33751777967461477 0.6734452176939655 0.018181473518288697 0.02441389351864771
0 0.37861951502181 0.8844018891543933 0.01295913538005692 0.019943744001148928
0 0.4176903410930261 0.7791814466655737 0.013732815104239293 0.02613318179460876
