0 0.5762144493027006 0.20580483760363497 0.017953629157221016 0.031917562946170645
0 0.5740308998106061 0.23384053478608216 0.016497929495824692 0.02070328407319174
0 0.2651799549843586 0.15189003532969805 0.01698316271629011 0.022428557745957728
0 0.2632390221024969 0.18121968776671973 0.011160364070704958 0.015527463054893857
0 0.18074937462337343 0.2834421528781041 0.015042229834428369 0.028467015600638704
0 0.05798536984561913 0.13808784594757023 0.012130830511635793 0.020703284073191774
0 0.01455699661396296 0.10660160141959107 0.02911399322792592 0.054346120692128366
0 0.21738448276851355 0.09107413836469724 0.011645597291170375 0.014664826218510818
0 0.5631131523501338 0.6591204951228963 0.0334810922121148 0.0362307471280856
0 0.5480709225157055 0.7587550497251317 0.0131012969525667 0.023291194582340607
0 0.543461206921284 0.7992989810351322 0.018438862377686504 0.02501646825510676
0 0.517743846236616 0.738914402488323 0.015527463054893786 0.03019228927340464
0 0.5233240282719684 0.5663870352117248 0.016983162716290252 0.026741741927872695
0 0.4600010930012296 0.5788952693392782 0.009704664409308634 0.02070328407319174
0 0.439136064521216 0.6306534795222577 0.0262025939051334 0.022428557745957818
0 0.4153596367184098 0.6263402953403427 0.016497929495824622 0.024153831418723685
0 0.20573888547734318 0.6319474347768321 0.015527463054893786 0.023291194582340892
0 0.12082307189589259 0.6034804191761934 0.012616063732101246 0.01639009989127679
0 0.2799795682085543 0.7255435315243867 0.0097046644093086 0.015527463054893786
0 0.25183604142155924 0.7639308707434296 0.012616063732101246 0.021565920909574602
0 0.20040132005222347 0.8200022651083241 0.02037979525954814 0.021565920909574744
0 0.3796949950142006 0.6711974108322581 0.019894562039082686 0.022428557745957676
0 0.36246921568767776 0.6673155450685349 0.01455699661396295 0.02329119458234075
0 0.3692624807741937 0.699664426432897 0.009704664409308563 0.017252736727659652
0 0.44762764587936105 0.6828430081234285 0.013101296952566628 0.021565920909574886
0 0.46703697469797834 0.7000957448510884 0.011160364070704887 0.018115373564042726
0 0.45733231028866966 0.7225243025970463 0.009219431188843146 0.016390099891277002
0 0.45025723990695093 0.7162774450692788 0.010491161117044925 0.014920762477575096
0 0.4584403455782459 0.7897622002713355 0.008812575338317714 0.021635105592483512
0 0.42583622974085145 0.7141449940829303 0.0132188630074765 0.025738315273816852
0 0.39478239283439864 0.7299983042153536 0.011959923673431162 0.019396991220847325
0 0.37191166159924083 0.7574152052678975 0.006924166337249602 0.016039819663393188
0 0.4508051931994183 0.8111299501871673 0.015736741675567247 0.019770010282786785
0 0.4373765069696008 0.7488357668432922 0.012799216562794877 0.016785857787271808
