0 0.15088332361645168 0.2679866037251037 0.03147147761450873 0.03647081351574556
0 0.47414043214586044 0.6510522865954741 0.019722726609971788 0.026694827609592013
0 0.36720450719197595 0.6853819011170187 0.01896492640177409 0.02759627353997878
0 0.1094839937157101 0.5937388855733989 0.02171257469389174 0.028000254689911266
0 0.36469739013248026 0.5804518475944613 0.020232439041137695 0.029924039487485534
0 0.5158425701989068 0.7728669908311632 0.015452331966824003 0.02484667742693866
0 0.44683100117577446 0.6911841263005764 0.020518753263685442 0.025476761806158373
0 0.45456459787156844 0.7158036408600984 0.01519632339477539 0.019679599338107638
0 0.46938398149278426 0.7606276759394892 0.01887332068549262 0.02611075507269965
0 0.5242101616329617 0.6294805032235605 0.016536871592203777 0.02880440229251061
0 0.48682019445631236 0.6681856696988331 0.016528182559543185 0.02232586895978009
0 0.5119218826293945 0.6664357832920403 0.018435690138075087 0.02277030473873939
0 0.4179456233978271 0.5433886021743587 0.02076037724812825 0.028774873709972993
0 0.2560084660847982 0.1880056122202932 0.026542769538031682 0.03085807517722801
0 0.42770608266194654 0.7892935482072242 0.011862754821777344 0.022634247202932098
0 0.22234862380557593 0.13468412116721823 0.012739366955227323 0.02409679507031853
0 0.3792788320117526 0.7236940360363618 0.015088054868910048 0.019321959695698304
0 0.3551079697079128 0.7624058193630643 0.022226174672444657 0.03514344015239197
0 0.4197951422797309 0.6532436653419776 0.017387813991970487 0.02442654268241223
0 0.689008527331882 0.790405249889986 0.01606056425306532 0.02828475575388214
0 0.40034095446268714 0.7418154728265456 0.011201699574788414 0.02065564379279996
0 0.47053660286797416 0.6992180671220944 0.016562037997775607 0.023338459156177663
0 0.42711990409427214 0.6842644302933304 0.016880114873250324 0.02609874584056713
0 0.41964193185170484 0.7370392599223572 0.01614366637335883 0.020094883294753084
0 0.435195247332255 0.7296530641155478 0.019063499238755967 0.032071431477864586
0 0.239806161986457 0.13602973208015345 0.014216237597995333 0.021647217832965616
0 0.8937462700737846 0.7524119483100042 0.028652826944986984 0.048741140483338156
0 0.34846317768096924 0.6617683363549502 0.018108076519436307 0.03395094694914641
0 0.43945466147528756 0.7337415012312525 0.014219072129991319 0.02685061796211902
0 0.5104096995459663 0.6897500356038411 0.015569633907741971 0.019028322196301118
0 0.38621792528364396 0.7678515351848837 0.01228997442457411 0.024767133924696184
0 0.5164660612742106 0.7407591548966772 0.01302194595336914 0.016656004352334105
0 0.3491097821129693 0.668962973135489 0.015593104892306857 0.023322964891975308
0 0.5367386606004503 0.6759790020224489 0.016517745123969182 0.030737794475790895
0 0.199539926317003 0.6660704200650439 0.01879082785712348 0.03223979620285976
0 0.5075445969899496 0.8390594294041763 0.011104742685953774 0.01518814652054398
0 0.4918956491682265 0.4697115627335913 0.010136975182427298 0.021365460054374036
0 0.41249106989966494 0.6087801427017024 0.013137155108981662 0.023952719605999227
0 0.4077038235134549 0.768896974163291 0.009930186801486544 0.016553243001302082
0 0.4111809200710721 0.6758786896128712 0.015980667538113065 0.022896095558449073
0 0.3489774862925211 0.6702741458092207 0.0147804684109158 0.020897382571373458
0 0.54148621029324 0.845928145043644 0.010194884406195748 0.02082768192997685
0 0.3815347618526882 0.8575091891818576 0.014860259162055123 0.01714259018132716
0 0.3839616245693631 0.8196603280526621 0.014471477932400174 0.02921775535300926
0 0.5517094665103488 0.7271285586886935 0.011202123430040147 0.019625204580801504
0 0.41333639621734625 0.9012327782901717 0.016295353571573894 0.02861531575520833
0 0.5032466517554389 0.7261910379668812 0.011887815263536241 0.017066720091266398
0 0.5293409824371338 0.8412868358470775 0.011482609642876517 0.01638718593267747
0 0.6065323617723254 0.8536418396749613 0.010358492533365883 0.017222086588541668
0 0.5815267562866211 0.8256253842954283 0.009640163845486112 0.013442051263503086
0 0.5573685963948568 0.8425253879876784 0.01227919260660807 0.014295695740499614
0 0.5364254050784641 0.6778638627794054 0.016443623436821833 0.029063048186125578
0 0.477016740375095 0.8409052248354311 0.016025066375732422 0.017929924858940974
0 0.30466532639545885 0.11494796594134343 0.018625827814569576 0.03122043519394513
0 0.320364238410596 0.12204351939451279 0.011707663197729375 0.02081362346263008
