0 0.5089504188961453 0.6940293724154247 0.04081455866495767 0.05599886105384356
0 0.5379834175109863 0.655872533350815 0.018709288703070745 0.027367485894097224
0 0.35932695865631104 0.603318132000205 0.02502444055345323 0.03401066344461323
0 0.36997061305575907 0.6577637754840616 0.020188119676378034 0.026930444034529318
0 0.46310347980923117 0.7236840754379462 0.017258485158284504 0.024984901334032597
0 0.20235037141376072 0.5940561883243514 0.019573781225416396 0.02648666758596161
0 0.48542801539103186 0.5504094583016854 0.020021120707194015 0.025862752655406062
0 0.4134873814053006 0.6216372030752676 0.03278832965426975 0.03681140475802951
0 0.45979457431369364 0.6838471212504822 0.014292611016167533 0.026846238124517748
0 0.5210545592837864 0.6144108242458768 0.02587525049845378 0.03558246000313464
0 0.5273402002122667 0.7908338617395472 0.015879207187228732 0.02589675526560089
0 0.5126126872168647 0.7302199940622589 0.01652595731947157 0.02112513412663966
0 0.43500659200880265 0.8187628381046248 0.017182721032036677 0.027613227750048222
0 0.23489936192830402 0.8454385451328607 0.018227418263753254 0.029291411976755402
0 0.3642636272642348 0.6854642703209395 0.01615595817565918 0.025783774293499227
0 0.2953882747226291 0.6487480917094666 0.015181117587619357 0.02342619719328704
0 0.4658040735456679 0.6089492373996311 0.029519981808132596 0.04088813875928337
0 0.436998102400038 0.7017620698905286 0.014640225304497611 0.01983868634259259
0 0.34538445207807755 0.6725909621627243 0.016366243362426758 0.02987270590699749
0 0.4199228021833632 0.7376445016743225 0.018442630767822266 0.021497231942635996
0 0.009291755087259743 0.14315281385256923 0.015915721137490537 0.029510733522014852
0 0.3989886575274997 0.8212574146412038 0.016209416919284396 0.023610056182484563
0 0.386252244313558 0.7352795777497468 0.012284437815348305 0.020301394992404513
0 0.46305815378824866 0.76053645287031 0.016381687588161893 0.026590559217664934
0 0.5509970453050401 0.7268399603572893 0.013930638631184898 0.019586304087697723
0 0.42186121145884203 0.7014371377450448 0.009639978408813477 0.020082968252676504
0 0.43985887368520105 0.7544412966127748 0.009413798650105795 0.01959991455078125
0 0.19597580035527545 0.7571680987322772 0.017109248373243544 0.02434031168619792
0 0.4014888207117716 0.7218976903844763 0.011084159215291343 0.02312196331259645
0 0.40909952587551546 0.7152744575783058 0.009344153934054904 0.01503626505533854
0 0.45600157313876677 0.7886416823775682 0.01688951916164822 0.024326418652946567
0 0.40153650442759203 0.7209180196126301 0.01195836067199707 0.02290268886236497
0 0.38101279735565186 0.834901456479673 0.015021509594387479 0.025157316231433257
0 0.4524543020460341 0.7401726098708165 0.013955116271972656 0.014295271885247878
0 0.5439306630028619 0.6176641723256051 0.019978046417236328 0.02648158132294078
0 0.5084091822306316 0.8386023250626928 0.010656038920084633 0.014662000868055556
0 0.5677234066857232 0.8738781022436826 0.009276019202338325 0.014801778911072531
0 0.5438797473907471 0.6179970164357881 0.019657611846923828 0.026697888786410107
0 0.581715981165568 0.8257688828456549 0.00871525870429145 0.013230406207802853
0 0.38071817821926535 0.8344861725230275 0.01572418212890625 0.02606135238835841
0 0.5590022404988607 0.8246139243797019 0.009588665432400174 0.01595720832730517
0 0.4908369912041558 0.7264822265248241 0.010637495252821181 0.01772313059112172
0 0.4160276651382446 0.8522922845534338 0.012288649876912437 0.022985010971257717
0 0.5966698858473036 0.8365650883427372 0.015318658616807725 0.01822181984230324
0 0.15343585941526625 0.47139593995647666 0.018973602188958064 0.028628784933207946
0 0.14747464656829834 0.6123206056194541 0.016424443986680772 0.02363727710865162
0 0.2712527381049262 0.6214718524320627 0.01668527391221788 0.022836614538122108
0 0.6038094361623129 0.857455359564887 0.011686695946587455 0.01937235137562693
0 0.496462795469496 0.8568897953739874 0.010777102576361764 0.014800271870177469
0 0.4769563674926758 0.8381894429524739 0.010661655002170138 0.020655973457995757
0 0.45463246769375265 0.8268540464801554 0.011021137237548828 0.014683947151089892
0 0.3650099303987291 0.7462725227261767 0.008575677871704102 0.018566649637104554
0 0.33234409563241896 0.6561046715193163 0.010230863146438552 0.021737118446633587
0 0.33097166277131146 0.6250516451669826 0.015471061343394866 0.026173265068395467
0 0.35259047868091686 0.8757878945906654 0.013973861858550122 0.026616879730571696
