0 0.34069991111755377 0.6083302909945264 0.020417584313286677 0.029888859501591435
0 0.38292909993065727 0.6463038362102743 0.016580078336927626 0.02341286930037133
0 0.4154247177971734 0.6453755461139444 0.015969276428222656 0.02561898879062982
0 0.4488142066531712 0.6182534724106022 0.022891203562418624 0.033582852210527585
0 0.37069993548923075 0.698341793484158 0.018247286478678387 0.022505771966628084
0 0.47559499740600586 0.6174892613917221 0.018078380160861544 0.02610519785939911
0 0.5183308124542236 0.7947496720302252 0.017213450537787542 0.029590041549117475
0 0.4697100851270888 0.6800541818877797 0.0159908930460612 0.022459147888937114
0 0.45177368323008216 0.7613322882004726 0.01724341180589464 0.026972358609423222
0 0.46984375847710497 0.7378012103798949 0.016069518195258245 0.020116923767843364
0 0.43380787637498647 0.7393354251060957 0.01347706052992079 0.0225955350899402
0 0.5585227807362874 0.7395266073721427 0.013552294837103952 0.0226792229546441
0 0.005666318876642941 0.6610950187400536 0.011290151192547958 0.028739787914134837
0 0.6773999532063804 0.35131600462360146 0.017229080200195312 0.026461377555941357
0 0.43346195750766336 0.771256317327052 0.01064173380533854 0.014812563672477817
0 0.5063225163353813 0.7514646789174022 0.014533625708685983 0.021378364092038003
0 0.49233950508965385 0.7635272697166161 0.017527792188856337 0.030927446153428816
0 0.5246291160583496 0.7242955572811174 0.015027787950303819 0.022599914927541473
0 0.4408524831136068 0.8252284203046634 0.013696564568413627 0.019903583291136187
0 0.5772312747107612 0.4140778529791184 0.015787601470947266 0.02715527569806134
0 0.45264058642917204 0.7316473972650221 0.012755711873372398 0.018382508077739196
0 0.48272813691033256 0.7258148899784795 0.007747491200764973 0.01439030965169271
0 0.5819417900509305 0.8246419459213447 0.0082448853386773 0.014360404308931327
0 0.5246330897013346 0.7245141253059293 0.013742446899414062 0.022120675922911844
0 0.37149348523881703 0.7413663981873312 0.008737749523586698 0.018717353726610726
0 0.4461292293336656 0.6959551587516879 0.009327438142564561 0.01621867992259838
0 0.4280672735638089 0.7166728266963253 0.010910219616360135 0.014042136109905479
0 0.3349004321628146 0.5044286045027367 0.018080817328559026 0.0297886883770978
0 0.4639930725097656 0.8346265628014082 0.010549545288085938 0.019292384018132717
0 0.4632553789350722 0.8760756504388503 0.014683140648735892 0.022214724693769294
0 0.2807573742336697 0.6996622203308859 0.013370301988389757 0.025308915126470873
0 0.40842249658372665 0.8368036246594087 0.011777189042833116 0.022840429235387733
0 0.48113025559319395 0.6609522737102743 0.011853165096706815 0.015660933506341627
0 0.4704270097944472 0.7032996754587433 0.011765109168158639 0.01541815863715278
0 0.5244849257998997 0.7554492008538893 0.008577505747477213 0.013821401713806906
0 0.502730581495497 0.7241151362289616 0.008053249782986112 0.01295607766987365
0 0.5342012776268853 0.7775244300748095 0.024718443552653 0.030688768551673417
0 0.49629945225185823 0.7204578776418427 0.012875821855333116 0.014592064751519095
0 0.45471154318915474 0.824466045991874 0.010837554931640625 0.019387233404465663
0 0.5588769117991129 0.8687006161536701 0.010566976335313585 0.0170718534493152
0 0.3656785090764363 0.8069060525776428 0.014405753877427842 0.023520387249228395
0 0.5094159444173177 0.8375930315182533 0.008537928263346354 0.014217141233844521
0 0.5985289944542779 0.8354094234513648 0.012303617265489366 0.01436200553988233
0 0.4426184627744887 0.7749916594705464 0.01102079285515679 0.016445725052445022
0 0.4643085267808702 0.7049256548469449 0.009336259629991319 0.015153060724705826
0 0.354451404677497 0.4777761388708044 0.013437085681491427 0.02365253589771412
0 0.4984685050116645 0.6048499684274932 0.010593626234266493 0.01771752628279321
0 0.3028027436140019 0.16982024597918638 0.008514664143803188 0.027436140018921477
0 0.33373580513139234 0.47674913384926143 0.019233935997266086 0.0246789053182313
0 0.34102604781239576 0.7210403059844671 0.014718142328342836 0.038059034707633825
