0 0.40910441345638704 0.6649341112301673 0.016103559070163302 0.022912437533154903
0 0.4964770476023356 0.7301484802622853 0.009172386593288846 0.017810162202811536
0 0.38960936334398055 0.6857250354908132 0.0181732177734375 0.030716413333092208
0 0.24023972617255315 0.871940377317829 0.014222992791069877 0.0281039579415027
0 0.4040995041529337 0.6347177058090399 0.013222773869832359 0.020202212863498263
0 0.4364342292149861 0.7030320815098139 0.010862588882446289 0.016578297556182484
0 0.520071374045478 0.7137433511239512 0.010623349083794486 0.015486210952570406
0 0.4439284404118856 0.7405344409707152 0.010487053129408095 0.014791182529779128
0 0.42934955490960014 0.8076036241319444 0.010494232177734375 0.019639756944444444
0 0.4811321894327799 0.34279922202781393 0.017374674479166668 0.032246154031635804
0 0.41294275389777285 0.7411773822925709 0.012450748019748263 0.017057866226007908
0 0.3528661727905274 0.5501234501968195 0.01608456505669488 0.0284682379828559
0 0.4592959351009792 0.7114927974748022 0.009198771582709419 0.013416243188175154
0 0.4605512883928087 0.6843269018479335 0.0068733957078721784 0.01558341509030189
0 0.36996377838982475 0.8485247765058352 0.007971498701307509 0.01664451316550926
0 0.43741636806064177 0.6706952460018205 0.010234673817952476 0.013810193097149884
0 0.42385425832536483 0.6665765503306447 0.006963014602661133 0.020895545865282597
0 0.1611151339608979 0.754364792018666 0.009413468501086176 0.02832086249899433
0 0.43855520950629184 0.8625222609098628 0.010196553350409445 0.01526501554213354
0 0.43238361142578086 0.8789798557912256 0.009659892647756366 0.019558301163358466
0 0.44620262451909887 0.8742095384343088 0.009928222999082834 0.014787983806441645
0 0.4659249053416014 0.8470187294998837 0.012879856863675059 0.0186042376919751
0 0.3969640050506743 0.8610911657027879 0.01341651756632828 0.017173142484900126
0 0.5068452839189025 0.7327696288017286 0.011538205107042216 0.01240282512798359
0 0.4793414229079297 0.6962767010213158 0.009659892647756295 0.022420491577508413
0 0.44459264241113955 0.7625841122824579 0.0195881156468392 0.019558301163358466
0 0.3562085413860146 0.8567489973022401 0.011538205107042288 0.017173142484899984
0 0.38545654968061016 0.8145316886935272 0.008854901593776603 0.019558301163358466
0 0.38438322827530386 0.8319433470462733 0.011538205107042288 0.01621907901351676
