0 0.47490821944342726 0.6393633242006656 0.02272070778740777 0.02535417344835069
0 0.44649737411075174 0.6155691735538436 0.02164461877610948 0.02841261875482253
0 0.11981471048461065 0.7892785248933015 0.022557106282975935 0.037328366880063656
0 0.4386921326319376 0.6681114479347511 0.023459355036417648 0.031994478202160496
0 0.4806381596459283 0.5867818903040003 0.017081207699245878 0.027811262342664934
0 0.37271649307674837 0.7257153075418354 0.019925991694132488 0.026768437138310185
0 0.4004484017690022 0.7145653477421513 0.019548998938666448 0.030406951904296875
0 0.37555457486046684 0.6348371858950014 0.01800492074754503 0.022242181095076193
0 0.10962597197956508 0.272435235388485 0.01969690455330743 0.028792134037724248
0 0.40451533264584016 0.8128943737642264 0.01897793345981174 0.027759316526813273
0 0.4163631068335639 0.7369210043071228 0.014105266994900174 0.02240338737581983
0 0.5787865055931939 0.8089414054964795 0.01629940668741862 0.02259431061921296
0 0.2538214524586995 0.6904657151963975 0.013121869828965928 0.023256843472704472
0 0.355692187945048 0.7132281079704379 0.014346467124091256 0.019140549647955248
0 0.5368567307790121 0.5704304259500386 0.01813364028930664 0.026848969636140047
0 0.3854621118969387 0.780234890219606 0.012764904234144423 0.024450655336733216
0 0.43047967222001815 0.693867082949038 0.016799582375420466 0.022614137625988618
0 0.46824725468953454 0.7125220593111016 0.016535970899793837 0.027528927649980706
0 0.44020840856764054 0.8144832187228733 0.01672983169555664 0.0261355741524402
0 0.4064469205008613 0.6916561597659264 0.018765793906317815 0.019951102174358602
0 0.419820745786031 0.7969559563530815 0.014754162894354928 0.021334707001109187
0 0.11105040378040737 0.7177133442443094 0.017711672517988417 0.02811799225983796
0 0.38589730527665883 0.7015942467583551 0.013838953442043729 0.01884408644687982
0 0.22441018289989895 0.6474084265438127 0.013991104231940377 0.026912076973620757
0 0.4619990719689263 0.7596143086751304 0.017926904890272353 0.02639996563946759
0 0.3261229991912842 0.7685849460554712 0.01639376746283637 0.027479148205415704
0 0.5742787785000271 0.6955331873010706 0.014271312289767794 0.021357971944926696
0 0.17966281043158638 0.6206399894055025 0.020740111668904618 0.024675063145013502
0 0.5177565945519341 0.7069053414427203 0.010489622751871742 0.016506948588806906
0 0.29658644729190403 0.6835610660505884 0.011164373821682401 0.016122888635706017
0 0.4435003730985853 0.7585628179856287 0.010211494233873155 0.015848230432581017
0 0.3518987629148695 0.4629604904739945 0.013890557818942599 0.02057577062536169
0 0.27468344900343156 0.7902503307954764 0.017663002014160156 0.028628502363040122
0 0.2394698725806342 0.7044948059835551 0.010560300615098741 0.016384642801167054
0 0.3626238107681275 0.6576481807379073 0.012437952889336478 0.020362995288990163
0 0.3764836390813192 0.7613218095567491 0.016561587651570637 0.022594357714240933
0 0.4511164029439291 0.6499142587920766 0.00784068637424045 0.01527489556206597
0 0.4626873599158393 0.6620984254059968 0.010364691416422524 0.019569161497516398
0 0.3863203922907512 0.6551540045090664 0.012654542922973633 0.01908855673707562
0 0.4670381281110976 0.4782803146927445 0.018992371029324003 0.023184740984881366
0 0.4942626688215468 0.7218644883897569 0.012976593441433378 0.02251575611255787
0 0.38534412119123673 0.7461121170609085 0.016909572813245986 0.01816831989052855
0 0.5167276594373915 0.7320242281313295 0.009931246439615885 0.014270970850815008
0 0.3861109283235338 0.7463145785861546 0.017316261927286785 0.020149513527199073
0 0.2841954761081272 0.7122316949161482 0.010104656219482422 0.02083865507149402
0 0.3751537402470907 0.7616013891902971 0.013191037707858615 0.019963959116994598
0 0.3710561725828383 0.9291133645140094 0.01676593886481391 0.028822628068335264
0 0.4624173906114366 0.6623780521345728 0.008299827575683594 0.01764754307122878
0 0.13082906934950086 0.8200164606541762 0.014851146274142794 0.021485882040895063
0 0.07492019401656257 0.17783300376232758 0.01969379186630249 0.03012129701214072
0 0.5879658857981365 0.8714959886338975 0.009556717342800565 0.014915843068817516
0 0.4942730267842611 0.7227126227484808 0.012036641438802086 0.02110431812427662
0 0.36260971758100724 0.6580804189046223 0.011224190394083657 0.01980312959647473
0 0.29859737555185956 0.6104870548954716 0.016916513442993164 0.018815876525125386
0 0.13104314274258086 0.8203627503948446 0.01371537314520942 0.019034962595244984
0 0.07447675201627943 0.1775538362102744 0.020547072092692062 0.030816325434932002
0 0.5031356546613905 0.8633600870768228 0.011481867896185983 0.015110533914448302
0 0.3670311376265142 0.7971216533512552 0.018181473518288697 0.027508612415377626
0 0.3416931266595374 0.7340237736234826 0.008897316828098738 0.02028760165634111
0 0.3323921515019056 0.5976246047240805 0.011798615793783114 0.02063145931153322
0 0.3369375198814778 0.6244455018290738 0.011605195862737503 0.02544546648422454
0 0.3258158738463544 0.5028918207186236 0.023403811656520546 0.027164754760185445
0 0.2941917151203948 0.820162446334468 0.01586043434574119 0.019943744001148928
0 0.3057969109831323 0.8641762261990725 0.01586043434574126 0.02407003586345553
