0 0.37132158544328475 0.694313755741826 0.016884247461954754 0.022458582748601467
0 0.22706211275524565 0.7511175885612582 0.024800631735059954 0.03756002732265143
0 0.37129808796776664 0.5843950200963903 0.02819837464226617 0.04135155383451485
0 0.4287274148729112 0.806245686095438 0.012554168701171875 0.02119031364535108
0 0.4627919991811117 0.6044076990198206 0.020514329274495438 0.032469101894048995
0 0.5163908004760742 0.7412499792781877 0.014045079549153648 0.017487419976128474
0 0.5016729831695558 0.24647598502076704 0.018295447031656902 0.03330233067642024
0 0.4838024510277642 0.7069071075062694 0.012604978349473741 0.02098592122395833
0 0.43285528818766283 0.7052655867588372 0.01242208480834961 0.023805076693311153
0 0.4097038904825847 0.8643593022852769 0.011690616607666016 0.01770989688826196
0 0.46618647045559347 0.8050181541913821 0.01168558332655165 0.020751858934944058
0 0.5024094846513536 0.6494941475950641 0.013141791025797524 0.021710760799455057
0 0.49606980217827695 0.82297878500856 0.0139564938015408 0.020792737419222607
0 0.4286581542756822 0.8718294685269581 0.014144659042358398 0.019294832959587192
0 0.5335521433088515 0.7048885204173899 0.01199748780992296 0.022018620997299385
0 0.5482215647659145 0.5442948494233886 0.014365467381767869 0.026768253506612445
0 0.42572757932874894 0.7426118262020157 0.00906123055352105 0.01399023738908179
0 0.5179425345526801 0.6388330106382017 0.020003000895182296 0.028046266532238618
0 0.1932796968354119 0.1313682132297092 0.02156507968902588 0.03419042516637732
0 0.42327006657918287 0.5050690968831381 0.01447153091430664 0.028556399875217013
0 0.43934921423594153 0.6657680464379581 0.01482754283481174 0.020681969913435568
0 0.46176274617513013 0.7748414734263478 0.014584329393174913 0.0238999260796441
0 0.3752768896698227 0.6667591488187454 0.022622652112640865 0.025203310205490225
0 0.44557808746300237 0.7036392245207459 0.0052989360228331605 0.02055344881583778
0 0.4660512493694031 0.7460307127034114 0.00626237893607545 0.01798426771385792
0 0.45184046639907793 0.71198906310218 0.011079593502287466 0.014130496060888334
0 0.45028913157666367 0.8790881337273927 0.011320454230598003 0.018840661414517824
0 0.46474077527529956 0.8591769801870498 0.006021518207764984 0.013274102360228569
0 0.4545041943220991 0.8548950116837503 0.010597872045666392 0.011561314958908752
0 0.448000954657713 0.831558283340768 0.0067441003926967365 0.025691811019797086
0 0.3781513434476394 0.8459028778268214 0.009634429132424032 0.013274102360228426
0 0.37839220417594993 0.9011402715193851 0.014451643698635906 0.02954558267276681
0 0.21213540621546315 0.7789616606727446 0.014121893901463558 0.015281662965835068
0 0.5610764629485254 0.5276134518779197 0.017250621458832428 0.02427865242354187
