0 0.4291222492853801 0.328973063716182 0.022951364517211914 0.032448285891685955
0 0.056901766194237605 0.0682769219080607 0.03368838628133138 0.05081821076663924
0 0.3827285104327731 0.6249238708872854 0.013326830334133573 0.02431558679651331
0 0.43832619984944665 0.6877228772198712 0.02190335591634114 0.028927320315514083
0 0.47090021769205737 0.7323345137231143 0.013082398308648002 0.019426981608072918
0 0.42642576164669466 0.7365237341986761 0.013517671161227755 0.020641892044632525
0 0.3895949655108981 0.8088641225555797 0.012396150165134005 0.02195805679132909
0 0.41929682095845533 0.5915437392246575 0.023357497321234807 0.030409447940779318
0 0.44124833742777503 0.73454209315924 0.009594970279269747 0.015624058099440586
0 0.4191169738769532 0.591318059850622 0.022364775339762374 0.029873412332417054
0 0.4240342113706801 0.7360677365903502 0.010888444052802194 0.021819220648871526
0 0.40275547697614605 0.809335577186289 0.023336478993391977 0.019523328831072887
0 0.39657730792373963 0.8835107855682138 0.014495737132536135 0.0274882126365128
0 0.3558281802067215 0.798755463272299 0.018039139542711524 0.03092423921607704
0 0.45719091435087733 0.7409100877819489 0.007090101717381217 0.013368541958698615
0 0.4566537854328939 0.7537056922281319 0.009023765822121561 0.012986583617021666
