0 0.35552451345655656 0.6078137056327161 0.022624863518608943 0.036334190839602626
0 0.07289583484331767 0.15878669126534167 0.03065025144153171 0.044154720541871625
0 0.44650889767540825 0.2561889460057388 0.017718288633558486 0.02598501134801794
0 0.2207129465209113 0.14889050118717148 0.016750825775994196 0.029797130160861544
0 0.45126847426096595 0.6122774430263189 0.019712739520602755 0.022542929943696954
0 0.4158182276619805 0.2850753525157034 0.02069878578186035 0.02549976772732205
0 0.463091082043118 0.6352742277545694 0.01695288552178277 0.02569462340555073
0 0.4354907009336684 0.563486216980734 0.01832424269782172 0.024815123758198304
0 0.4950185616811116 0.6518716458921078 0.014679537879096139 0.024836928756148725
0 0.4271073076460097 0.8123833456157166 0.01544417275322808 0.022270579396942516
0 0.4143965244293213 0.6449433314947435 0.018424934811062284 0.023370907630449456
0 0.4496348831388685 0.6843013763427734 0.021461990144517683 0.03233200826762635
0 0.3965456220838759 0.5935643278522256 0.017365296681722004 0.022114459379219714
0 0.47138124042087126 0.7019806379153404 0.01352606879340278 0.02102152506510417
0 0.44013166427612305 0.7398654090033636 0.011162969801161025 0.022989767569082754
0 0.39007928636338973 0.7089293915548441 0.016068352593315974 0.027251585030261382
0 0.5292375087738037 0.660923969598464 0.017118295033772785 0.022449399218147183
0 0.1890714367230733 0.6720807581772038 0.01641433768802219 0.022747463650173612
0 0.42761927180820036 0.5965007970362534 0.01653856701321072 0.02009163373782311
0 0.4090472724702623 0.6724595670346861 0.012537823783026803 0.02135067221559124
0 0.37243827184041345 0.7237044911325712 0.016167693667941622 0.019830962758005402
0 0.041585354341400996 0.5748599488058208 0.02144595318370395 0.027261145320939432
0 0.4141498804092408 0.7392443197744863 0.017612377802530926 0.02614127265082465
0 0.2468249665366279 0.5894510010142384 0.018847756915622287 0.02404196468400367
0 0.351890484491984 0.74196888488016 0.015547222561306424 0.020867524323640047
0 0.44251534673902726 0.4594332848066165 0.012707127465142142 0.02177353847173997
0 0.35866322782304555 0.7675233770299841 0.01446578237745497 0.02497378690743152
0 0.4580108854505751 0.5744345394181616 0.014962302313910592 0.02350541103033372
0 0.16713898711734348 0.7087659482602721 0.01938947041829427 0.024968370979214893
0 0.3927668068144057 0.42165315887074406 0.014220847023857962 0.025341599075882525
0 0.5065485106574165 0.5750439019850743 0.01797718471950955 0.027187582887249227
0 0.45435592863294816 0.7521547388147425 0.01293595631917318 0.02234395345052083
0 0.4633925755818685 0.7356976874080706 0.011172506544325087 0.021531422932942704
0 0.41734411981370717 0.6095568574505087 0.011555406782362197 0.01842032538519965
0 0.41853246423933244 0.5417410297158324 0.018065585030449763 0.026385366180796687
0 0.38269747628106005 0.7814180350597993 0.009458170996771919 0.018483103057484566
0 0.5304298930697972 0.6840817722273462 0.014598740471733939 0.017426526104962384
0 0.4788318475087484 0.9096467288923853 0.019818676842583552 0.0326205595040027
0 0.37528072463141543 0.7497458516815562 0.0094297726949056 0.013928966757691936
0 0.3953306145138211 0.7538884951744551 0.01580100589328342 0.025454014907648533
0 0.5373578866322835 0.644057709493755 0.016582118140326604 0.02002122667100694
0 0.5352564387851291 0.7103168346263744 0.0198165045844184 0.023321081090856483
0 0.2237874070803324 0.6497693002959829 0.014696717262268066 0.018652927728346837
0 0.4875554243723551 0.7207748978226273 0.023913542429606124 0.03444568021797839
0 0.42857862843407524 0.7512156639570072 0.00900721549987793 0.01428307427300347
0 0.2151501112514072 0.7713167873429663 0.013560387823316786 0.023451298843195408
0 0.5521434942881267 0.8200083132143372 0.011461416880289711 0.013692879382474923
0 0.5321416854858398 0.7794218416567203 0.008568233913845487 0.017201129301094714
0 0.5152014361487495 0.7430679180003977 0.015284273359510634 0.018522898356119793
0 0.5502979490492078 0.7954774079499422 0.011940108405219186 0.021258884006076388
0 0.5109370549519856 0.6734007140736522 0.009407361348470053 0.015628814697265625
0 0.42281203799777556 0.7639639583634741 0.010117371877034508 0.015897962782118056
0 0.44428718090057373 0.8713496643819927 0.011853986316257052 0.01608201015142747
0 0.2507571246888902 0.8293309152862173 0.012710915671454538 0.021867916907793206
0 0.3952125045988295 0.7547676180615838 0.01512869199117025 0.02429340503833912
0 0.36467862188552685 0.3628484227317906 0.017206350672087537 0.016518096645203997
