0 0.566099484761556 0.6920238541968076 0.025184525383843318 0.03343266616632909
0 0.4250571065478854 0.3119418768235194 0.020643419689602323 0.028747087643470292
0 0.25459151797824436 0.20916416026927806 0.028555976019965276 0.038188416280864196
0 0.09645081559816995 0.14891106405375917 0.024724887477027044 0.03670391035668644
0 0.4534905354181925 0.6527995121331862 0.019507805506388348 0.022460513644748263
0 0.4681839413113065 0.26784898027961634 0.023621453179253474 0.03100866152916425
0 0.060227044754558146 0.0640008920504723 0.015895045465893216 0.02552854867629063
0 0.13781138261159262 0.09271926055719824 0.0202689700656467 0.030817655869472174
0 0.5140052106645372 0.612418775205259 0.028954558902316622 0.03277818656262056
0 0.172790269056956 0.16036626439035676 0.022415121396382645 0.03256937898235557
0 0.48350739479064936 0.6364651903694059 0.015033351050482858 0.021243531026957946
0 0.1076964173052046 0.6166293532760055 0.027901192506154374 0.05118914003725405
0 0.4235907793045044 0.7282408490593051 0.015340990490383573 0.025886865309727045
0 0.45105629497104216 0.6745519049373675 0.013209925757514108 0.018694512638044947
0 0.4801640775468614 0.6706616436993634 0.016019238366021052 0.0241018224645544
0 0.5330657694074843 0.3198272799268181 0.022436194949679904 0.029084758994020063
0 0.02498107569085227 0.15584419980461214 0.014736154013209872 0.02148031305383753
0 0.5251844988928901 0.6572020024429132 0.016724427541097004 0.02410384755075714
0 0.4096224705378215 0.6504514717761382 0.017902135848999023 0.0261355741524402
0 0.46497016482883025 0.5750179290771484 0.01859103308783637 0.022775956142095873
0 0.24891681141323513 0.06313796985296555 0.02501572502983941 0.031827567536153914
0 0.44473226865132653 0.7220102945963542 0.01777823766072591 0.025703712745949073
0 0.3720453712675306 0.58036090709545 0.020852857165866427 0.022341551604094328
0 0.48297182718912757 0.597842463740596 0.013061311509874132 0.020354188518759645
0 0.38417372438642716 0.6538093472704476 0.02343620194329156 0.032142168209876545
0 0.37875269518958204 0.43555695333598576 0.014671934975518119 0.02671889316888503
0 0.46683022711012095 0.9219209176522715 0.01993491914537218 0.027511879249855323
0 0.3892623053656684 0.6953507411627123 0.017103777991400823 0.020248507275993442
0 0.412455161412557 0.9144698248969183 0.018230332268608943 0.02745536521629051
0 0.17240326272116768 0.8362370243778935 0.020411690076192215 0.035506071867766206
0 0.38853604263729513 0.5864267231505594 0.010914087295532227 0.020998731071566357
0 0.3943725294537015 0.6273810775191696 0.015786303414238825 0.018926926601080248
0 0.4432396491368612 0.632396533165449 0.014357222451104056 0.023020190957151812
0 0.22517834769354927 0.21800256658483433 0.023189067840576172 0.02836493503900222
0 0.5590657128228081 0.5620883659080222 0.012626965840657554 0.021569381525487076
0 0.3483475314246284 0.6368862199194638 0.012154367234971788 0.021201051311728395
0 0.301550202899509 0.5973887737886405 0.01673248079087999 0.02327167840651524
0 0.43587960137261283 0.7039790212372202 0.015080451965332031 0.018891887900270063
0 0.0841659108797709 0.8416693416642553 0.01821764310201009 0.03775928638599537
0 0.1549559235572815 0.04710761853206305 0.013896849420335557 0.018461477609328283
0 0.41238617897033686 0.6739943233537085 0.013357957204182945 0.020917821813512733
0 0.3651606109407213 0.6948779306294007 0.010161797205607094 0.01839376378942419
0 0.3599939876132541 0.5352065474898727 0.017017205556233723 0.022898167739679783
0 0.2887732187906901 0.23216483033733604 0.017579449547661677 0.02625279367705922
0 0.2318791018591987 0.0921121762122637 0.01479959487915039 0.02375329571005739
0 0.443416436513265 0.5043972156665943 0.01883538564046224 0.02410822738835841
0 0.5818847550286188 0.5695093178454741 0.0186966790093316 0.02496841807424286
0 0.22523938947253758 0.21744374875669123 0.023661388291252985 0.028607921835816938
0 0.4435466660393608 0.6935419624234423 0.01734744177924262 0.02037669994212963
0 0.5972465409172906 0.4300024009045259 0.016742812262641057 0.0213587725604022
0 0.512465238571167 0.6542157302668065 0.014071835411919486 0.019583619671103395
0 0.25802718268500435 0.6732913123236763 0.013725598653157554 0.019450952977309994
0 0.43092971377902556 0.6589414102059823 0.013740486568874784 0.021318835976683062
0 0.5015175607469348 0.7506350293571566 0.013889736599392362 0.02181724265769676
0 0.36594320668114555 0.6711125785921827 0.00935567749871148 0.017957051595052082
0 0.3908357752694024 0.7579051359200183 0.014753156238132052 0.023273044162326388
0 0.36572746435801184 0.7688288041103033 0.011763493220011391 0.020271630934727045
0 0.5482672850290934 0.598864096182364 0.021555953555636935 0.035127992983217594
0 0.275419208738539 0.6873879138334299 0.018777105543348525 0.02956456313898534
0 0.1831124756071303 0.7049656856207202 0.01440209812588162 0.023558016176576966
0 0.49964033232794863 0.5920231195143711 0.014760070376925997 0.020172590090904708
0 0.2487468851937188 0.06278699415701407 0.02464297082689073 0.032112339396535614
0 0.5002190007103815 0.5917805094777803 0.015802542368570965 0.020608642954885223
0 0.07493935028711955 0.6837941864390431 0.01348539193471273 0.02383959734881366
0 0.4063201480441624 0.7527730258894555 0.011193911234537758 0.016825970308280286
0 0.27026620176103383 0.6351653440499012 0.03122480710347493 0.03646723429361979
0 0.40458876556820345 0.15719741656456465 0.013626707924736869 0.024540783446512105
0 0.45911086930168993 0.8020030363106433 0.01614819632636176 0.022065810215326002
0 0.3053782516055637 0.7702674159297237 0.015878836313883465 0.03155644734700521
0 0.5719362894694011 0.39221559924843874 0.012291378445095487 0.03220336819872444
0 0.4425785541534424 0.6912988968837408 0.016932540469699435 0.01842296270676601
0 0.4741166167789036 0.7468569013807508 0.010893132951524522 0.01510210390444155
0 0.568409734302097 0.7862700238639927 0.010745207468668617 0.021172464629750188
0 0.20652037196689182 0.22441091655213158 0.015369521247016061 0.02431742350260417
0 0.4052396217981975 0.7203826433346595 0.015183687210083008 0.0206020967459973
0 0.4814561208089193 0.45974444165641876 0.010633680555555556 0.015622456868489586
0 0.3510629468493991 0.747939168671031 0.017053312725490995 0.021919438868393135
0 0.37445286909739184 0.7320952003384815 0.012095212936401367 0.017414187207634067
0 0.5452075004577637 0.7484430148277754 0.008841514587402344 0.015578799777560763
0 0.4368758466508653 0.8257666693793404 0.01218949423895942 0.018617418077256944
0 0.43111235565609407 0.659192709275234 0.012837701373630099 0.020823678852599344
0 0.44315359327528214 0.7974563645727841 0.011889563666449655 0.02026192935896508
0 0.5060060554080539 0.8158427108953029 0.013007111019558378 0.01985997329523534
0 0.4610834916432699 0.7586656499792028 0.012851874033610024 0.02196017606758777
0 0.34510927730136454 0.6730649736192491 0.015396277109781899 0.025180063129943094
0 0.34499990940094 0.5589186821454838 0.018214358223809138 0.026071572009428046
0 0.33137047290802 0.29085330021234207 0.027222077051798507 0.034914864434136286
0 0.4617628786298964 0.7580258169291931 0.01320876015557183 0.02169748000156732
0 0.2064054277208116 0.22483337072678555 0.013594786326090492 0.022771694042064524
0 0.48672819137573237 0.7641223624900536 0.010721524556477867 0.01869686738944348
0 0.5827223273415326 0.16367076631977295 0.01383632923368026 0.03216650898770105
0 0.45912447475026796 0.12976232081966785 0.017050596607722568 0.022453460553379437
0 0.47680657493605433 0.12386828742440574 0.013261575139339782 0.02526014312255187
0 0.3777970155766665 0.5433737453917826 0.024312887755456244 0.04153890202375195
0 0.3556943903444336 0.6825852008227352 0.011051312616116391 0.025821479636386327
0 0.39060016425480115 0.7247488129112444 0.011997614615170633 0.022705163142688747
0 0.3832467875551804 0.7205059288896305 0.01638383931319005 0.02201712789594055
0 0.3818277148587623 0.744472489984691 0.01741589218331235 0.013531359852713507
0 0.36434731937106735 0.7513528424521724 0.009288475831099844 0.014907430346209907
0 0.2550312183782295 0.6100706416217747 0.01009005224104417 0.021598660579468784
0 0.2924055955567912 0.57822176924188 0.01812091014718142 0.02086650259372398
0 0.3335894822549308 0.6437499089660311 0.015238038078311717 0.028920240436915847
0 0.37316362961731586 0.16251347666756075 0.018546782518820918 0.02664864946387656
0 0.4020586758360827 0.5668483911383914 0.00990855504430165 0.018970225042081665
0 0.6434209140947105 0.6747980050683321 0.020579306630472374 0.03342372983604875
0 0.6404991606842114 0.6348250308725173 0.02388215831190621 0.03026202566236826
0 0.6368152107318429 0.616532313867653 0.01651425840716925 0.02077691314132757
0 0.5931159423313335 0.5639125229771169 0.011432948128040294 0.02213192921576173
