0 0.39793054262797034 0.5837360664650246 0.021190961201985672 0.025481565499011382
0 0.3698205020692613 0.6819966634114585 0.008551994959513346 0.018118870111159337
0 0.36087959342532694 0.5592342188328873 0.012101305855645072 0.020882641827618634
0 0.47841178046332467 0.45324323206772044 0.017974111768934462 0.025063361650631753
0 0.43400123384263783 0.7058976020342038 0.010233614179823134 0.01610353257921007
0 0.4920183287726508 0.9136373731825087 0.01380210452609592 0.020545771092544365
0 0.37796615229712593 0.6602526064272279 0.010383049647013344 0.019619411892361112
0 0.2510665390226576 0.6266480905038339 0.016296201282077365 0.025586634506413967
0 0.3581186797883775 0.6332442201214071 0.017799721823798284 0.023859094690393517
0 0.5337434874640571 0.7207649136766975 0.009932729932996962 0.01261553352261767
0 0.4616994327969022 0.7248488061222029 0.01216835445827908 0.015965968002507717
0 0.5095416174994575 0.7139984177954402 0.009515550401475694 0.014414045545789931
0 0.4269134998321533 0.7235256713113667 0.012553744845920138 0.01773485725308642
0 0.6144812901814779 0.8375007252634308 0.009966532389322916 0.018159183455102236
0 0.41584409607781303 0.7079898221993153 0.008315563201904297 0.01246727837456597
0 0.5662756760915121 0.8418381302445025 0.013552400800916884 0.015495582863136575
0 0.4904104073842367 0.7336203963668259 0.009379227956136068 0.016131083170572918
0 0.43566997845967614 0.7301257098162616 0.009282006157769097 0.017652723524305556
0 0.473468992445204 0.7382349320399908 0.011173354254828561 0.01762507874288677
0 0.5588001939985487 0.7370203277211131 0.011342949337429471 0.01945288387345679
0 0.527630885442098 0.7425979331687644 0.010353459252251517 0.01373969184027778
0 0.48568047417534727 0.7202020809974199 0.011185328165690102 0.011492599675684799
0 0.5389677153693305 0.735077045581959 0.014111306932237413 0.016335569782021605
0 0.5052580568525525 0.7591422281147522 0.011131339603000216 0.014577512387876157
0 0.4946198198530409 0.7205232455406658 0.00912385516696506 0.013258992889781057
0 0.36213671057210023 0.7311681568237958 0.010171215008882939 0.027123240023687885
0 0.3864625792954793 0.7069659423798984 0.007682803237550573 0.018017354164657745
0 0.501258207980395 0.742961015552236 0.009275561384052295 0.011603994488690858
0 0.49734185984046175 0.7516945482463561 0.009275561384052224 0.010016079453396286
0 0.5311804819267266 0.756580440662647 0.007283033383033697 0.010993257936654573
