0 0.516638305452135 0.6633147722409095 0.014892737070719399 0.02672652256341628
0 0.35655360751681864 0.6187555289562838 0.018266942765977647 0.026120880503713348
0 0.2889194753434923 0.6499302711015866 0.01930888493855794 0.025356716579861112
0 0.5771988232930501 0.6909135653648846 0.026415401034884982 0.03918226265612944
0 0.47140606244405114 0.6684464584162206 0.014139228396945529 0.023338741726345487
0 0.3972310490078397 0.7358208173586999 0.01424354977077908 0.021129184299045138
0 0.0587565799554189 0.21106789435869383 0.019731912348005507 0.033347494808244116
0 0.40300375885433626 0.6795810181417582 0.012856298022800021 0.02186358416521991
0 0.47385128339131666 0.639436627611702 0.012100696563720703 0.023524767086829667
0 0.41879002253214526 0.6256270467499155 0.014758110046386719 0.02020739331657504
0 0.4846799373626709 0.6492125664228274 0.011574268341064453 0.022740540681061922
0 0.5810582107967801 0.4814577926824122 0.018719090355767146 0.031148368929639278
0 0.49162459373474116 0.746487181863667 0.022548304663764104 0.029790148322964893
0 0.3630257844924927 0.7564866336775415 0.014325115415785048 0.021358913845486112
0 0.4199942350387574 0.6813165641125337 0.015296856562296547 0.024175479088300544
0 0.42477824952867294 0.7133797775080174 0.012181546952989366 0.021460215250651046
0 0.4098641475041708 0.596710205078125 0.018531454934014216 0.029169812614535107
0 0.4812601672278511 0.5746395205274041 0.01743353737725152 0.02591775964807581
0 0.14345741934246486 0.2693340042491018 0.016458047760857478 0.0240891303545163
0 0.37481868267059326 0.734376577683437 0.018787410524156358 0.01999782044210552
0 0.2511198918024699 0.8203773027584876 0.015471061070760093 0.02499804084683642
0 0.3705998129314846 0.16128980966261874 0.013728857040405273 0.02646817101372613
0 0.42858363522423637 0.5386270593713831 0.021472692489624023 0.024424329216097607
0 0.5416784286499023 0.7252616646849078 0.010375022888183594 0.014261551845220872
0 0.40859078036414254 0.743517251662266 0.011919207043117948 0.015285397753303433
0 0.4688019222683376 0.7420605553521049 0.010071754455566406 0.015270986674744406
0 0.3855025768280029 0.8102471622419947 0.015523274739583336 0.02131257233796296
0 0.439978732003106 0.7100779686445071 0.00985309812757704 0.01446448432074653
0 0.4906828668382433 0.7265864007266951 0.013580746120876737 0.014600541856553819
0 0.37401400672064883 0.7334270948245202 0.01960664325290256 0.020437217053071954
0 0.52949235174391 0.7205268483103058 0.010256396399603952 0.014272054036458336
0 0.5176407761043973 0.7215479156117381 0.010276317596435547 0.01504431830512153
0 0.5086385409037272 0.7299099910406419 0.011350843641493056 0.013990472864221644
0 0.1434071527587043 0.26925572053885755 0.01556604438357883 0.020823773042655286
0 0.41267406940460205 0.7635506523980033 0.013795190387301974 0.02115706455560378
0 0.3740517828199599 0.7343578338623047 0.01814911100599501 0.019235540319372108
0 0.2920376592212253 0.5806828487066575 0.013681968053181968 0.020138917145905672
0 0.6079717212253147 0.862812183521412 0.010981771681043837 0.01798521442177855
0 0.4649331569671631 0.8703903386622299 0.010405275556776259 0.014689315984278549
0 0.5405128796895345 0.8369403886206357 0.012026786804199219 0.015087645730854552
0 0.5448760191599528 0.7454610989417558 0.010433779822455514 0.016444971531997494
0 0.5032255657769593 0.19685607900525734 0.013248624922321 0.01863156539656423
0 0.5119261552781851 0.21056609882537067 0.013644106263285778 0.027771578609973098
