0 0.4848832024468316 0.6915767340012539 0.013587527804904513 0.02015205665870949
0 0.3720352782143487 0.7180216518449194 0.021322011947631836 0.028188964466989777
0 0.513261636098226 0.7177015233922888 0.01680151621500651 0.021651185589072145
0 0.5263602998521593 0.570033014556508 0.017277187771267362 0.02228145834840374
0 0.5383817619747586 0.6838681962754991 0.023206869761149093 0.035726052743417246
0 0.388330790731642 0.6491615154125072 0.01831825574239095 0.03145952577944155
0 0.48874097400241434 0.6617896468551071 0.012887742784288194 0.02212599766107253
0 0.3610075049930149 0.6748393023455586 0.01728524102105035 0.02291276719835069
0 0.34168244732750785 0.6491332583957248 0.013621939553154837 0.02583901676130883
0 0.3860735760794745 0.6154867808024088 0.0164032777150472 0.023254630006389852
0 0.3585804833306207 0.7450101640489367 0.013526863521999784 0.02340222582404996
0 0.47576774491204155 0.6636770507435741 0.01330423355102539 0.023317266393590858
0 0.39630140198601616 0.7480025350311656 0.010948552025689017 0.025361567367742092
0 0.45029751459757483 0.7269982938413267 0.018197589450412326 0.03168953789605035
0 0.477121909459432 0.7523894133391203 0.009741942087809244 0.021691875693238813
0 0.49009882079230416 0.7421791641800491 0.010779009924994577 0.023435145248601467
0 0.6457328796386719 0.7987180874671465 0.024917708502875432 0.04451690485448013
0 0.43703652752770317 0.6763226779890649 0.01624486181471083 0.0313434836305218
0 0.49338301022847497 0.8166909865391107 0.011603196461995445 0.021811968014564042
0 0.44297328260209823 0.7598754977002555 0.008259905709160699 0.020241913972077547
0 0.22993508974711102 0.130896297501929 0.030976454416910812 0.0432263833505136
0 0.5674300674363164 0.47624154744383973 0.015768837200402716 0.026666001119380098
0 0.5503151099870989 0.4369262893832152 0.01615344298577824 0.023247283027151865
0 0.1511500736526404 0.8926522519040339 0.02538398183479458 0.04786205329119525
0 0.17288030052636608 0.7641084516362525 0.014230414058900003 0.027349744737826
0 0.2430708563574268 0.7740227341037144 0.014615019844275672 0.02666600111938024
0 0.28672361299756594 0.8051330687429913 0.013461202488148664 0.027349744737825858
0 0.19403361872202823 0.6601794216325146 0.02038410662491078 0.027349744737825716
0 0.3374915766671551 0.5736608958758961 0.015768837200402716 0.024614770264043243
0 0.4425420156954616 0.8340758850224275 0.011047448534400246 0.019639908505600375
0 0.4786652310295598 0.9137685267175982 0.011392681301100183 0.026391127054400415
0 0.435338518808709 0.9843494479095998 0.036594673270200745 0.03130110418080051
0 0.5704971469717617 0.9088585495911983 0.01346407790130037 0.02270864420960038
0 0.39425581957140815 0.8849224110999978 0.010356983001000231 0.021481149928000463
0 0.3889047116875581 0.880933054684798 0.008630819167500121 0.029459862758400707
0 0.3895951772209581 0.854541927630397 0.01484500896810026 0.014729931379200423
0 0.4232553719742087 0.852086939067197 0.012428379601200206 0.02086740278720029
0 0.4820837060719416 0.7377621158897256 0.00729114777166302 0.0168506526278432
0 0.40540513533995265 0.7098937288513693 0.010450645139383638 0.020739264772730054
0 0.35558229223358895 0.7699511830890674 0.008992415585051034 0.019875128740533085
0 0.4761158806940753 0.7031628599545705 0.00788557911874655 0.015386495841456736
0 0.5038115732086973 0.7050434316685263 0.008654903910819271 0.020515327788608744
0 0.4605370536546004 0.7380389171952056 0.009039566306855705 0.01880571713955817
