0 0.4232512712478637 0.6258339116602768 0.01841886838277181 0.028244301124855323
0 0.4668320549858941 0.6658600230275848 0.01322672102186415 0.023265603147907023
0 0.49706133206685377 0.6829693641191648 0.017040729522705078 0.01951994719328704
0 0.3220714992947049 0.24210624930299357 0.027217547098795578 0.04175617076732494
0 0.4991073078579372 0.6641707008267627 0.015386899312337242 0.016734511763961228
0 0.4269858863618639 0.7281732441466531 0.010808918211195204 0.015167142138069058
0 0.4133958551618788 0.7115427652994792 0.01556168662177192 0.02158431064935378
0 0.4424620999230279 0.7215275234646267 0.010010454389784072 0.013114646629050925
0 0.01851729510558976 0.15273026478143387 0.01366019994020462 0.024132022151240596
0 0.5158250861697727 0.7235280731577931 0.01138798395792643 0.01770716537663966
0 0.5489989121754965 0.7289261523588205 0.010734928978814017 0.01400672064887153
0 0.1955560776922438 0.5976210229190779 0.018788642353481717 0.025220988709249614
0 0.38765462239583337 0.35089684710090546 0.012084643046061196 0.02893940019018856
0 0.39867679278055834 0.7252866250497323 0.007900926801893447 0.013626334107952354
0 0.4867370658450656 0.6998463147952233 0.011423693762885202 0.016709645589192707
0 0.4949986934661865 0.7231439425621504 0.00949451658460829 0.013646490779923803
0 0.5412551561991374 0.745880174048153 0.012035793728298612 0.019238789876302082
0 0.38432584868537056 0.7267182668050132 0.013728565639919706 0.018413637891227817
0 0.4943131340874566 0.7384163420877339 0.013795640733506944 0.018678311948423034
0 0.46476753552754724 0.720357659422321 0.01193327373928494 0.014485159038025656
0 0.49183734258015954 0.9144409556447723 0.013124042087131076 0.019781230408468364
0 0.4826571411556667 0.7538467218846452 0.01094675064086914 0.017049153645833332
0 0.6148350238800049 0.8380201834219474 0.00953425301445855 0.016379744918258103
0 0.0500336703326967 0.2259961351936246 0.014272249407238431 0.022950113555531438
0 0.32027698887719047 0.7009537308304398 0.013630575603908963 0.020049012737509645
0 0.3804387383990817 0.7072562700436439 0.010592434141370986 0.01645594467351466
0 0.5044654475318061 0.7222222928647642 0.012906763288709853 0.01526514689127604
0 0.2645399702919854 0.879216182379075 0.014403740564982094 0.025692692509403935
0 0.5042041142781575 0.7231915791829426 0.01320150163438585 0.016149450231481483
0 0.5319929387834337 0.7485376287389685 0.013046211666531034 0.019279244505328898
0 0.410242584016588 0.7475659405743634 0.010870350731743705 0.013907726900077159
0 0.44693569342295325 0.7421550279782142 0.0171660582224528 0.021612614761164158
0 0.4953681627909342 0.8602826153790509 0.01338068644205729 0.018872673128858024
0 0.5167649057176378 0.7228486096417462 0.010948605007595487 0.017052309012707368
0 0.447281108962165 0.7452251057565946 0.016900565889146592 0.025076171498239777
0 0.43499090936448837 0.7245810002456478 0.010241137610541452 0.01381556193033854
0 0.40408609973059756 0.6990438861611449 0.010153849919637047 0.016091429157021605
0 0.4746053483751085 0.8591691947277681 0.011896663241916232 0.022179874373070986
0 0.4947542084587945 0.7231086448386864 0.0095367431640625 0.012994742687837577
