0 0.23474192759295498 0.08170254403131114 0.026969178082191833 0.042074363992172195
0 0.24602495107632094 0.14090019569471626 0.03412426614481408 0.046966731898238766
0 0.09824486301369864 0.15998043052837574 0.022566046966731895 0.028375733855185922
0 0.4554488747553816 0.25146771037182 0.03907778864970645 0.054794520547945175
0 0.29170743639921726 0.151174168297456 0.023116438356164403 0.028375733855185922
0 0.013759784735812136 0.3664383561643836 0.02751956947162427 0.030332681017612516
0 0.0580662915851272 0.31653620352250494 0.01926369863013699 0.01859099804305277
0 0.2856531311154599 0.2896281800391389 0.025318003913894317 0.025440313111545976
0 0.3860995596868885 0.2382583170254403 0.01706213307240702 0.022504892367906065
0 0.5949730919765167 0.29598825831702547 0.024217221135029304 0.024461839530332662
0 0.6230430528375734 0.5562622309197652 0.026418786692759325 0.05381604696673193
0 0.5159919275929551 0.5117416829745597 0.022566046966731933 0.03326810176125249
0 0.5077360567514677 0.4598825831702545 0.018162915851272034 0.029354207436399236
0 0.5674535225048924 0.45890410958904115 0.015410958904109578 0.031311154598825865
0 0.3591303816046967 0.28669275929549903 0.02917074363992178 0.02152641878669275
0 0.34867294520547953 0.3145792563600783 0.02146526418786692 0.03033268101761248
0 0.061919031311154595 0.5880626223091977 0.011558219178082191 0.027397260273972605
0 0.4615781315424449 0.9472257204055949 0.0183298174980753 0.029130215013776422
0 0.4440814875670093 0.9296982181515429 0.013330776362236634 0.02764901764019456
0 0.4751866324122282 0.7292428402601323 0.025550654694286978 0.04344845629173435
0 0.496432557239543 0.7151714652111048 0.017496643975435617 0.027155285182333982
0 0.5754451796365498 0.7114684717771502 0.016108021437702718 0.02764901764019456
0 0.5883593692374667 0.6021067323610232 0.019162991020715125 0.031105144845218858
0 0.5339253657583336 0.557177078695707 0.028605624277299527 0.024192890435170398
0 0.4864344749678654 0.5993912038427898 0.020829338065994848 0.022711693061588392
0 0.4685212442311098 0.6450614561948972 0.021107062573541457 0.019255565856564162
0 0.47129848930657586 0.6623420922200185 0.02166251158863453 0.014318241277957782
0 0.4311672979660925 0.7721975640940059 0.011942153824503593 0.029623947471637137
0 0.40520005651048563 0.8274955993743953 0.022217960603727747 0.02567408780875226
0 0.386314789997317 0.8297173954347679 0.022217960603727747 0.025180355350891404
0 0.3768721567407327 0.8502072924359837 0.011664429316957126 0.019749298314424665
0 0.3614584465718966 0.7410924192487872 0.01860754200562205 0.030611412387358285
0 0.37131766658980075 0.7615823162500027 0.011664429316957126 0.022217960603727816
0 0.3475722211945667 0.6899911098602132 0.010831255794317372 0.02221796060372796
0 0.3379907256842091 0.6208685657597267 0.009442633256584258 0.021230495688006598
0 0.3506271907775793 0.5934664143484624 0.017496643975435617 0.024686622893030828
0 0.3807602998463851 0.5584114098403586 0.016108021437702718 0.020736763230145953
0 0.37701101899450606 0.6198811008440055 0.019718440035808412 0.020243030772285307
0 0.3883977238039165 0.6981376954149136 0.013053051854690096 0.02666155272447341
0 0.4064498167944454 0.7475109412009752 0.014719398899969675 0.02764901764019456
0 0.3772887435020526 0.7875032702876851 0.011386704809410517 0.016786903567260935
0 0.4157535877972564 0.6188936359282842 0.016663470452795794 0.03011767992949764
0 0.43338909402646536 0.6087721205421416 0.012497602839596951 0.0246866228930309
0 0.4475530439113419 0.6166718398679114 0.014163949884876459 0.021724228145867244
0 0.4354720278330649 0.6344462083508937 0.02166251158863453 0.02468662289303076
0 0.45255208504718053 0.6453083224238273 0.015274847915062822 0.026661552724473268
