0 0.37950736946529817 0.6470521526572145 0.015314870410495333 0.021591092333381558
0 0.3542717695236206 0.5945090305658034 0.017726447847154405 0.028779865782937886
0 0.4229979382620917 0.7122465063024451 0.010647111468844943 0.026142732596691743
0 0.4344640970230103 0.6910878169683763 0.012143532435099282 0.017834274857132522
0 0.47655643357170957 0.7202966949086131 0.008631653255886503 0.011750303668740353
0 0.4358922508027818 0.7254621482189791 0.010133292939927842 0.013370608106071567
0 0.5470861064063178 0.7285146360044127 0.010104656219482422 0.0127410888671875
0 0.49423533015780974 0.8624836486062886 0.010918458302815758 0.017039357880015434
0 0.5160812536875407 0.7231982902244285 0.011545022328694664 0.016791873508029513
0 0.26571226119995117 0.666049486325111 0.014947308434380423 0.025729332441165122
0 0.4886119895511204 0.7197371824288072 0.009719159868028428 0.011080000135633681
0 0.4845796955956353 0.7350888899814936 0.011434819963243272 0.01632553854106385
0 0.6146534019046359 0.836832164246359 0.009517510732014975 0.018830946934076002
0 0.2656657165951199 0.6668821735146605 0.014258702596028648 0.0240756376290027
0 0.4762004746331109 0.7541157286844136 0.012221336364746094 0.015174771532600308
0 0.38182055686364136 0.7060530247296524 0.009119365856206443 0.014682752573514648
0 0.47257242120888465 0.7390318795335739 0.008086984815881167 0.011623845787365781
0 0.5094800434005125 0.7584559376256195 0.006882540268835058 0.013153299180440286
0 0.5173949647096727 0.7635031338227651 0.008947302349485469 0.009176720358446602
0 0.5266003623192396 0.7437731850521047 0.006366349748672348 0.011929736465980768
0 0.5375263949960152 0.7413260596231855 0.009635556376369082 0.008259048322601928
0 0.4982098837102951 0.7212902201739104 0.008086984815881167 0.011012064430136234
