0 0.5948460366990831 0.6288941465778115 0.024750073750813797 0.031396088776765044
0 0.3080941836039225 0.6860561606324748 0.016367223527696397 0.029817180869020063
0 0.10725596215989855 0.8137143452962239 0.018316984176635742 0.03213981345847801
0 0.37863014803992373 0.5495126983265818 0.02310570081075032 0.04338412814670138
0 0.35775007141960985 0.5633842562451775 0.017810450659857854 0.02913439715350116
0 0.12252176470226712 0.6403492821587458 0.018321262465582952 0.025396135118272566
0 0.4524193869696723 0.737285708203728 0.020576265123155378 0.03285989643614969
0 0.47477096981472444 0.818372326132692 0.013623979356553819 0.018032780400028935
0 0.4048576487435235 0.6621668544816381 0.019771708382500544 0.026898183940369406
0 0.3971473243501451 0.747219391811041 0.011872529983520508 0.018895325837311922
0 0.40039212173885774 0.7825247446695964 0.011219792895846896 0.018567544442635996
0 0.39926771322886156 0.5857060279375241 0.011698484420776367 0.024038903507185568
0 0.3634414143032497 0.7156922375714337 0.01010274887084961 0.017582599027657214
0 0.5124294228023953 0.6163736508216388 0.02129284540812175 0.030456637158805942
0 0.42064653502570254 0.7372371767774041 0.018649154239230685 0.023164678502965858
0 0.44473185804155135 0.653453544334129 0.02128317621019151 0.028671358838493442
0 0.34788669480217826 0.7455838050371335 0.01370467080010308 0.02342035740981867
0 0.4392566283543905 0.7647484202443817 0.011892928017510306 0.0196255342459973
0 0.4493469132317437 0.7142740414466389 0.015365918477376304 0.0184909208321277
0 0.474827077653673 0.7785490059558257 0.012527889675564237 0.023339542341820986
0 0.37450500329335534 0.7967149710949556 0.01346770922342936 0.025641170548804014
0 0.433411955833435 0.8248734650788484 0.011082251866658531 0.017467545874324846
0 0.20274246401256985 0.7360687255859375 0.021492309040493436 0.0350271154333044
0 0.46611976623535156 0.7401554908281491 0.011903762817382812 0.019232196572386187
0 0.5551391972435845 0.7233847865351924 0.015249941084120009 0.016892562677830826
0 0.49034688207838273 0.710232299051167 0.011151260799831815 0.013428676275559414
0 0.41365793016221786 0.7636074960967641 0.011112584008110892 0.014484452612606096
0 0.5589963595072428 0.3335691028171115 0.010881741841634117 0.02547362998679832
0 0.5020173655615912 0.7242798746368032 0.008486800723605685 0.015484703911675345
0 0.4250684976577759 0.7766991132571374 0.014796919292873807 0.021910302432966818
0 0.45498010847303605 0.8246844727316021 0.011537022060818143 0.017644340609326774
0 0.39658967653910315 0.8176982549973476 0.016247219509548612 0.019767855420524692
0 0.47723025745815706 0.7239845652639129 0.013218296898735892 0.016409132215711806
0 0.4367121987872654 0.7141903535819348 0.01177398363749186 0.02014998447747878
0 0.5230066246456571 0.7069725460476346 0.007379902733696831 0.014739189618899499
0 0.31619050767686635 0.8521711090464652 0.016993734571668837 0.023145793396749614
0 0.5263801680670844 0.7551371962935837 0.011611726548936632 0.016104380289713543
0 0.5600384341345893 0.8687715412657938 0.013650311364067923 0.018130738058207946
0 0.42004504468705917 0.7609147436824846 0.010295417573716905 0.013194802366657021
0 0.5816252496507432 0.8244347277982736 0.009144359164767794 0.015394987883391205
0 0.587790330251058 0.848390555676119 0.009937710232204862 0.02088513786410108
0 0.6065731313493516 0.8527981322488667 0.011063310835096572 0.018822281448929397
0 0.30094016083254493 0.17691579943235575 0.014368495742667981 0.026490066225165556
0 0.3276394347787426 0.4950995903323221 0.014281718951893936 0.02389620948813615
0 0.3359354332875633 0.6657334612085449 0.022472704821362443 0.023896209488136293
