0 0.11984407239490086 0.8282903977382331 0.021999001502990723 0.03810778959297839
0 0.5399573908911811 0.6200284604673033 0.022580835554334856 0.03273697841314622
0 0.5167874495188396 0.6591734474087939 0.022272057003445096 0.0314252405990789
0 0.43215119838714605 0.7474666171603732 0.009482781092325846 0.01370804398148148
0 0.4581082926856147 0.7583493362238378 0.011088848114013672 0.018834431966145832
0 0.40108846293555367 0.6648179513436776 0.014733499950832792 0.026814307695553628
0 0.4941290749443901 0.656222684883777 0.020415412055121526 0.03380273889612268
0 0.4390730592939589 0.7121564135139371 0.011605421702067055 0.018919297206548998
0 0.4442765580283271 0.756068029521424 0.007645156648423936 0.01583301873854649
0 0.5191420714060466 0.745526890695831 0.010028998057047524 0.01912967069649402
0 0.5003372298346626 0.7293328650203752 0.010981771681043837 0.014928558726369598
0 0.3892520798577203 0.8044481630678529 0.013649622599283852 0.01893898292824074
0 0.4156071383734701 0.7820554913347851 0.01115367400107715 0.02218931970584677
0 0.5243554598839723 0.8793108074923256 0.00929472833423091 0.018412414224000317
0 0.3898474627043157 0.8368206208215555 0.013278183334615718 0.015579735112615652
0 0.1171135770113101 0.5920299342793967 0.019651711335231158 0.020772980150154295
0 0.4251674303743934 0.4943025049366255 0.012747056001231058 0.020772980150154295
