0 0.7091793052837574 0.6409001956947162 0.07870596868884533 0.10567514677103716
0 0.6158879647749512 0.6712328767123289 0.0418297455968689 0.05870841487279847
0 0.47856531311154604 0.9349315068493153 0.024767612524461812 0.032289628180039213
0 0.47581335616438364 0.9755381604696675 0.02696917808219176 0.03326810176125249
0 0.5126895792563602 0.9867906066536204 0.015961350293542013 0.022504892367905996
0 0.20171844422700588 0.12475538160469668 0.023666829745596907 0.03816046966731898
0 0.17254770058708416 0.19911937377690805 0.035775440313111556 0.047945205479452045
0 0.2842771526418787 0.24412915851272018 0.03027152641878672 0.045988258317025445
0 0.32445572407045015 0.16095890410958905 0.019263698630137008 0.03228962818003913
0 0.5014065557729941 0.25880626223091974 0.022015655577299426 0.04011741682974561
0 0.37839408023483373 0.30332681017612523 0.054488747553816025 0.04892367906066536
0 0.340141878669276 0.47651663405088074 0.020914872798434417 0.031311154598825865
0 0.37894447162426625 0.44031311154598834 0.022566046966731933 0.03718199608610561
0 0.15552764944390174 0.6878861645011537 0.014282313663272497 0.020528715620022807
0 0.18576361134806368 0.687345935142732 0.017624982818506503 0.024850550487396247
0 0.29789496755545836 0.685725247067467 0.01154740253626283 0.02377009177055285
0 0.3548722827014922 0.5487771047075776 0.017928861832618638 0.025390779845817734
0 0.41017826326990914 0.5439150404817827 0.01549782971972114 0.02214940369528783
0 0.45530429686556784 0.5641736414225949 0.021271530987852644 0.020528715620022807
0 0.46624394137360636 0.5820012102505093 0.021879289016077053 0.021609174336866134
0 0.502557483560012 0.5530989395749508 0.01549782971972128 0.0264712385626612
0 0.5466199406062782 0.604690843304219 0.027045232255984077 0.03241376150529916
0 0.5681953506082429 0.6765413479742989 0.02218316803018915 0.02809192663792615
0 0.5735132333552062 0.7826964169041539 0.012762918592711614 0.024310321128974407
0 0.5463160615921661 0.7864780224131056 0.0209676519737404 0.02431032112897455
0 0.4290187621448643 0.6200873800192359 0.025829716199535398 0.03187353214687761
0 0.40045413481831926 0.6184666919439711 0.021575410001964883 0.030793073430034356
0 0.3752321766470083 0.5666046735354923 0.02522195817131106 0.021068944978444578
0 0.3630770160825211 0.5936161414565749 0.01428231366327239 0.019988486261601254
0 0.3490985814333608 0.6322425405837232 0.017928861832618707 0.03133330278845598
0 0.37781514826696183 0.6522310268453245 0.027956869298320582 0.028091926637926007
0 0.4078991706640677 0.6932884580853701 0.019448256903179625 0.017287339469492763
0 0.3629250765754651 0.7216504994025069 0.020663772959628304 0.02755169727950445
0 0.3615576210119602 0.7519033434741198 0.016713345776169886 0.01998848626160097
0 0.3902741878455613 0.7456907058522707 0.014586192677384702 0.021609174336866203
0 0.48478056123444946 0.6776218066911422 0.014586192677384702 0.029172385354769546
0 0.4905542625025808 0.7084148801211765 0.019448256903179556 0.024850550487396105
0 0.5081792453210874 0.7148976324222364 0.018232740846730735 0.016206880752649512
0 0.49450468968603917 0.741909100343319 0.01640946676205772 0.028091926637926007
0 0.4828053476427202 0.7648688480762393 0.02218316803018915 0.03295399086372086
0 0.45211356721739 0.7205700406856639 0.012459039578599373 0.026471238562661058
0 0.4296265201730886 0.727863137024356 0.007596975352804521 0.016206880752649797
0 0.4262838510178547 0.7505527700780655 0.01671334577616996 0.02377009177055257
0 0.44603598693514634 0.7689205682644018 0.018536619860843047 0.024850550487395963
0 0.4600144215843067 0.7443401324562166 0.015497829719721211 0.018908027544758
0 0.46305321172542846 0.7616274719257095 0.009420249437477608 0.02214940369528776
0 0.4088228890743366 0.8401341307964657 0.010753443770860897 0.023213783378366343
0 0.38021104761258173 0.8121410390754944 0.00806508282814569 0.02457930004768201
0 0.3913485429466876 0.7904634619501081 0.007681031264900682 0.021506887541721652
0 0.46038181143998214 0.7964375973783643 0.014785985184933707 0.020482750039735008
0 0.4813126216368364 0.8908289371448097 0.012097624242218502 0.03243102089624714
0 0.4416592977317869 0.8414996474657812 0.012673701587086085 0.027993091720971107
0 0.42255273246034647 0.8445720599717416 0.013249778931953528 0.030041366724944823
0 0.38904423356721746 0.8174324161690927 0.00921723751788079 0.021506887541721795
