0 0.4069387515385945 0.6679035704812886 0.025476959016587995 0.027209434980227622
0 0.25846756829155815 0.20276033142466607 0.02075221803453233 0.033072977890203026
0 0.3569148646460639 0.5945163773901669 0.017581939697265625 0.027036596227575233
0 0.3470663494533962 0.57510526680652 0.020661195119222 0.029390499915605706
0 0.48632592625088156 0.6368481671368634 0.017441272735595703 0.024219465844425154
0 0.5684217082129585 0.6479318877797069 0.019780423906114366 0.02615704948519483
0 0.5947395960489908 0.547827496940707 0.020984225802951388 0.031085355782214507
0 0.43425010310278994 0.9455309267397279 0.01743202739291721 0.027354299286265437
0 0.42249275578392875 0.618954458354432 0.020136594772338867 0.03029123942057292
0 0.4120111862818401 0.5640482490445361 0.016747236251831055 0.020255854100356865
0 0.36988687515258795 0.4288297111605421 0.017360581292046443 0.02890965968002508
0 0.5113582346174452 0.7936170837025582 0.014381143781873915 0.025805767671561536
0 0.49751432736714685 0.7610090043809679 0.015913380516899958 0.026763774730541087
0 0.38892081515617777 0.7710415916969242 0.014842828114827476 0.021709536328727817
0 0.43367130226559114 0.7378885010142384 0.016041464275783963 0.0197859870062934
0 0.4448508024215698 0.2857334819840796 0.032782051298353404 0.040567633546428915
0 0.43965699937608504 0.6582255657808279 0.019153489006890193 0.02859897378050251
0 0.4008063740200467 0.6344696092016904 0.012485875023735892 0.018602300573278358
0 0.5602380434672037 0.6804579040150585 0.014965269300672743 0.02126674887574749
0 0.28786042001512313 0.6893621138584466 0.012972513834635414 0.021732236132209683
0 0.11118758718172711 0.7029781577027875 0.018121990892622206 0.029644247926311727
0 0.11179878976609972 0.5797658849645544 0.01748437351650662 0.02070024278428819
0 0.060395813650555075 0.25816401728877314 0.02115786737865872 0.03293016221788195
0 0.42086545626322436 0.7606683424961419 0.010475635528564453 0.016759142463589893
0 0.4129350317849053 0.7705790672773196 0.014553308486938477 0.01845484604070216
0 0.43106949329376215 0.8149169168354553 0.014732917149861656 0.020595032491801696
0 0.38464225663079155 0.7340597223352503 0.013797124226888023 0.022485097249348954
0 0.5511765744951036 0.7249603271484375 0.012553162044949003 0.01889574969256366
0 0.5047269662221272 0.7274927445399909 0.01289224624633789 0.018777776647497108
0 0.3123248153262668 0.6102169178150318 0.01482163535224067 0.023461424274209105
0 0.20536448558171588 0.6655258602566189 0.013944241735670302 0.020922955171561536
0 0.44011285569932723 0.6484867613992574 0.01779757605658637 0.020678955831645446
0 0.47487870852152503 0.7299460422845534 0.009626229604085287 0.014786708502121914
0 0.46262735790676546 0.4190887639551987 0.015179528130425345 0.022627465518904318
0 0.40408762296040857 0.7432756777162904 0.01233137978447808 0.017916173110773533
0 0.4133359591166179 0.7700132911587939 0.016057968139648438 0.02079061814296393
0 0.5295491483476427 0.8395863756721402 0.00915384292602539 0.018879172242717977
0 0.4850346247355143 0.7634120517306857 0.008852322896321615 0.016023706506799767
0 0.5199301507737901 0.7417672475179036 0.01354270511203342 0.017611044424551504
0 0.522344085905287 0.529060764077269 0.08932288487752277 0.09965284371081694
0 0.5984239313337538 0.835887626365379 0.009474701351589628 0.013830962004484955
0 0.6067005528344048 0.8521974351671007 0.010475635528564453 0.01772845232928241
0 0.4212306340535481 0.7415957274260346 0.011591540442572702 0.014107833673924576
0 0.5818382898966471 0.8251620634102528 0.008142259385850694 0.014418613763503086
0 0.4027766519122653 0.8273940851658951 0.010723193486531578 0.020190392011477622
0 0.4707622528076172 0.6891796677200881 0.017645835876464844 0.019916440233772183
0 0.5519312222798666 0.85985353257921 0.010223070780436196 0.019209967719184026
0 0.49108110533820254 0.7212345217481072 0.015614350636800133 0.016458817470220873
0 0.5300873385535345 0.7517162605568214 0.008780108557807075 0.01148859659830729
0 0.4879371325174967 0.8259498219431183 0.010534392462836373 0.020667841405044365
0 0.4876424736446804 0.4799026442162785 0.015378475189208984 0.019373717131438078
0 0.5160684320661757 0.7393390749707635 0.010943147871229384 0.014938024826991705
0 0.4142317771911621 0.858456317289376 0.012697166866726346 0.018292368194203316
0 0.5388482411702474 0.8559300928940007 0.008672184414333768 0.012679865330825617
0 0.34883514664143805 0.20860927152317882 0.02181882686849576 0.019867549668874177
0 0.3874230362317023 0.7868136917441225 0.0137245825890259 0.013071031037167558
0 0.38619762707196786 0.8011918258850068 0.01078360060566311 0.018299443452034582
0 0.3098525914744662 0.8497683232694174 0.015589646442277356 0.02726791205674317
