0 0.4200809796651205 0.674433814154731 0.014848603142632377 0.025588800877700615
0 0.5241850747002496 0.43997533821765294 0.016386773851182725 0.026623902497468172
0 0.3837291929456923 0.6445295074839652 0.015046331617567275 0.0223110811209973
0 0.44096687104966903 0.43763502144519195 0.013303756713867188 0.022457075707706404
0 0.26724804772271055 0.6426571740044489 0.017788357204861112 0.025144270908685377
0 0.4131455951266819 0.7451731834882571 0.021435896555582687 0.025117002887490355
0 0.3476454946729872 0.583597418702679 0.011583063337537978 0.0251664055718316
0 0.4895009994506836 0.7024518236701871 0.016466140747070312 0.018659050081983024
0 0.5261999501122369 0.7427449638460889 0.010776360829671226 0.014117017204378858
0 0.5450828340318468 0.7305507424436971 0.008565372890896268 0.013754008728780864
0 0.49659943580627447 0.7201995849609375 0.015066517723931205 0.018363387496383103
0 0.5594452752007378 0.7385491029715833 0.01161458757188585 0.0187287978184076
0 0.5045178731282552 0.7577500284453969 0.01582940419514974 0.01938624440887828
0 0.5359735753801134 0.7515060518994743 0.011585924360487197 0.01611949779369213
0 0.5468299918704562 0.7591941032880619 0.01044999228583442 0.014771402618031443
0 0.4772124820285374 0.7405153203893592 0.011922730339898002 0.017783506416980132
0 0.49022844102647567 0.739815182156033 0.01309967041015625 0.017503809045862267
0 0.5201609399583604 0.7241905353687428 0.01034280988905165 0.014518313937717013
0 0.3944873544904921 0.7264305632791401 0.00810612572564019 0.013288191807122878
0 0.41352742248111307 0.71480534400469 0.008153835932413736 0.012677934434678819
