0 0.563600782778865 0.06898238747553817 0.09576810176125235 0.1183953033268102
0 0.13896369669648231 0.6979950948211608 0.017016909880897827 0.023651785854661003
0 0.15721820002326223 0.6968950117581525 0.01763570660383868 0.02255170279165327
0 0.05666373254523469 0.7711506185111575 0.016398113157955255 0.035752699547743134
0 0.20037927144844633 0.7169715276580391 0.014851121350600991 0.020901578197142213
0 0.2777288618161598 0.6498664608145828 0.014232324627659275 0.01430107981909714
0 0.2568444724168772 0.6845190772993184 0.015160519712071831 0.014301079819097425
0 0.2961380643236757 0.6798437242815366 0.012066536097363247 0.019251453602630874
0 0.2755630732858638 0.7695004939166463 0.013613527904717593 0.02035153666563829
0 0.23797117236715506 0.7725257223399169 0.013304129543246753 0.020901578197142355
0 0.437334583939052 0.9661724458125203 0.01825450332678045 0.033552533421728016
0 0.3802505862476795 0.9040177527525975 0.009900747567067398 0.03795286567375797
0 0.388759041188128 0.5673678397461082 0.019492096772663885 0.02475186891766832
0 0.4142844060094734 0.5863442725829872 0.010519544290009009 0.016501245945112118
0 0.567745993299017 0.5970700824473102 0.018563901688251293 0.028052118106690855
0 0.6019345122415463 0.681776478298886 0.013304129543246645 0.033552533421728155
0 0.6149292434233221 0.7700581441052364 0.01082894265147992 0.028602159638194565
0 0.5480991973456177 0.7565821265833946 0.013922926266188398 0.029152201169698203
0 0.5126730849572049 0.690302122037194 0.01485112135060092 0.024201827386164467
0 0.4891588094854201 0.6938773919919684 0.014851121350600991 0.02255170279165327
0 0.45868307088054094 0.6380481765443388 0.028155250893847638 0.03190240882721703
0 0.3972674961285765 0.6165965568156929 0.014232324627659238 0.026401993512179374
0 0.38504626085047766 0.6317226989320457 0.02258608038737236 0.03025228423270562
0 0.4026819674543164 0.6589497547414809 0.01825450332678038 0.023101744323157192
0 0.37777539935591264 0.7420060259985456 0.012994731181775947 0.034102574953231934
0 0.4261962429261013 0.7114787210000881 0.018873300049722132 0.02475186891766839
0 0.47539058239996707 0.7186292609096366 0.01763570660383877 0.018151370539623457
0 0.47461708649628986 0.7444812128903124 0.022895478748843276 0.02365178585466083
0 0.48328024061747393 0.7736334140600107 0.015469918073542744 0.02365178585466083
0 0.5182422554636803 0.791784784599634 0.016088714796484424 0.029152201169698203
0 0.4557437864465679 0.7491565659080943 0.015469918073542673 0.02310174432315705
0 0.4540420954584782 0.8225871103638436 0.016398113157955193 0.020351536665638433
0 0.43300300687846005 0.8316627956336553 0.01825450332678038 0.019801495134134654
0 0.38504626085047766 0.7851842862215893 0.02258608038737236 0.025851951980675948
0 0.3500842460042712 0.7519067735656131 0.015779316435013513 0.017601329008119677
0 0.32687936889395725 0.785734327753093 0.01949209677266385 0.029152201169698203
0 0.3606037902942802 0.8080110097789945 0.02072969021854725 0.028602159638194565
0 0.40902463386446897 0.8638402252266242 0.004950373783533663 0.020351536665638433
0 0.3842727649468006 0.8575147476143311 0.017326308242367788 0.014301079819097283
0 0.3808693829706212 0.8264374010843699 0.01423232462765938 0.025851951980675806
0 0.3428133845097062 0.8357881071199335 0.009900747567067256 0.019251453602630874
0 0.40361016253872894 0.8038856982927165 0.010828942651479849 0.015951204413608765
0 0.4291355273600744 0.7851842862215892 0.010519544290009009 0.010450789098571106
0 0.49735786606439775 0.7766586424832815 0.007116162313829548 0.018701412071127237
0 0.4565172823502449 0.713678887126103 0.009591349205596416 0.019251453602630732
0 0.6024587562895565 0.7664312456715368 0.009001975557911024 0.022404916944134216
0 0.4566002046873789 0.8455188894393523 0.019404258424830515 0.016714779307528717
0 0.3978873196596699 0.8373393165867319 0.010402282866919492 0.017426046512104422
0 0.1538150001081185 0.48558118464095884 0.021807533926344637 0.0529935276867213
