0 0.3719133138656617 0.7741747255678529 0.011843813790215384 0.020914525161554783
0 0.3838174608018663 0.5593727017626351 0.01814921696980794 0.023568424177758486
0 0.4011529286702473 0.7074881895088855 0.015022383795844186 0.022221930233048807
0 0.40530371665954584 0.6414212356379002 0.022452195485432938 0.030966864691840276
0 0.6156677140129937 0.6960821504946108 0.013799455430772569 0.020146923300660688
0 0.4190812110900879 0.5964225721947941 0.016122394137912326 0.025342729356553816
0 0.4602956771850586 0.8195691520785108 0.015966415405273438 0.022440215687692902
0 0.40693827591134096 0.7493687853401089 0.012165519926283093 0.020215258186246143
0 0.44480178091261124 0.750420935360002 0.009694682227240669 0.020354753659095292
0 0.45887411965264213 0.7262366730489848 0.012072775099012587 0.01848654099452643
0 0.48262098100450307 0.6742153638674888 0.013093418545193143 0.016939092565465858
0 0.3873142798741659 0.7624915558614848 0.00905458132425944 0.016751089213806906
0 0.5088646676805285 0.7279638831998096 0.009213341606987847 0.015945104905116705
0 0.2688703801896837 0.14886465190369408 0.031581878662109375 0.049499299791124135
0 0.3757363955179851 0.6109406977523992 0.011488808525933158 0.025887901400342403
0 0.4193408628754875 0.5408464731745355 0.02439406164034601 0.02860391152154051
0 0.4057771612363423 0.5309700886040715 0.015341457022194901 0.020548679116486283
0 0.4237814806199441 0.7606747396575638 0.021225851496461345 0.02316396554949364
0 0.3458132538359127 0.7365767432391389 0.014921143131175825 0.024284802592211177
0 0.4105415930528444 0.719390575250805 0.01702271258627107 0.019054229726196324
0 0.3989829610498209 0.7345218753274904 0.02206647927849943 0.01569171859804399
0 0.48630317190902583 0.8262437066565335 0.011768788948533029 0.018307005031051204
0 0.5725725980406832 0.7999040361526738 0.012819573676080722 0.020175066768913723
0 0.5170911644261702 0.6969738343964564 0.010718004220985478 0.01681255564076153
0 0.46938553779550957 0.7065009492595548 0.00903674865690931 0.013450044512609196
0 0.4296658750942106 0.84380348699244 0.010718004220985407 0.01755978033590637
0 0.4175818507274133 0.8624841043710637 0.011768788948533029 0.013823656860181756
0 0.4389127806966293 0.8733188624506656 0.009877376438947394 0.01755978033590637
0 0.38332626860936186 0.8525833771603931 0.011348475057514023 0.016438943293189113
0 0.3698762240967525 0.855759082114759 0.011348475057514023 0.010087533384456861
0 0.36851020395094053 0.8669674525419334 0.014500829240156818 0.014570881555326593
0 0.3577921997299552 0.8495944783798133 0.009877376438947394 0.01643894329318897
