0 0.5393890274895563 0.7053096677050179 0.020165337456597224 0.024711279221522955
0 0.5878290070427789 0.5725496315661771 0.018467479281955294 0.031191366690176504
0 0.41418447759416366 0.5794456387743537 0.01402057541741265 0.02283892219449267
0 0.4032512903213501 0.6139587355248722 0.014091995027330186 0.023670102343147183
0 0.38184344768524164 0.7541338602701824 0.014087067710028756 0.02105854175708912
0 0.43619753254784477 0.7250937944577065 0.01770329475402832 0.020762784981433257
0 0.35172816117604566 0.6273505834885585 0.015444305207994249 0.0199091875994647
0 0.43934035301208496 0.5875802452181592 0.016688081953260634 0.02545877150547357
0 0.44045876132117373 0.9190807107054159 0.01574783855014377 0.02653870759186921
0 0.3645574251810709 0.749889161851671 0.009953604804144965 0.01622974725417149
0 0.44150311417049837 0.47228276288067855 0.016058153576321073 0.02261404343593268
0 0.36076252990298796 0.713981086825147 0.016078339682685003 0.024937806306061922
0 0.5013958348168267 0.5802141589882933 0.014997853173149955 0.026187802538459683
0 0.45354771614074707 0.7408419008608217 0.009455733829074435 0.016345553927951388
0 0.4393586979971992 0.4394465081485701 0.014369037416246202 0.02441815976743345
0 0.49426025814480246 0.8268145808467159 0.014803992377387155 0.024727056055893135
0 0.16145786311891347 0.63715237747004 0.019471181763543025 0.024881009702329284
0 0.3503697050942315 0.5810327647644796 0.01621397336324056 0.021042293972439237
0 0.35679287380642355 0.66490097987799 0.019973278045654297 0.025476055380738813
0 0.5020280149247912 0.6111841554994936 0.02112669414944119 0.029400484061535493
0 0.4150911569595337 0.7354075584882571 0.011302656597561307 0.014902091320650077
0 0.19534387191136676 0.6862561967637804 0.012875013881259494 0.01988705293631848
0 0.4245333009295993 0.5614410682960793 0.011547168095906578 0.016917570137683257
0 0.41532703240712476 0.8727734883626301 0.013818608389960397 0.027320673436294365
0 0.49684839778476286 0.7034361097547743 0.01294798321194119 0.030409542130835264
0 0.4643911255730523 0.737842677552023 0.01190238528781467 0.01630962042160976
0 0.1484738720787896 0.5850820188169127 0.012982553905910917 0.01898683147665895
0 0.44394118256039083 0.6981737348768446 0.015455113516913522 0.024447641254943094
0 0.3720360729429457 0.7034987696894893 0.01818537712097168 0.02430240018868152
0 0.44313245349460173 0.7012479805652008 0.012696795993381076 0.01970258171175733
0 0.36097031136857355 0.1467535602220613 0.02389572773352647 0.028320862498994296
0 0.18293345802895902 0.3499304896529166 0.027125933643679333 0.03255112037241524
0 0.5057291253693462 0.48223882033207666 0.011867595969109673 0.02411194101660385
0 0.4251990098646732 0.6905057108629922 0.015597411845115587 0.02833153069450944
0 0.3999379841589969 0.817997598988285 0.00983315094583375 0.024111941016604136
0 0.3919697411511662 0.8101612181578887 0.008815928434195755 0.020495149864113243
0 0.38688362859297626 0.7920772623954359 0.008815928434195755 0.018083955762452888
0 0.4101102092753767 0.7718835117940301 0.017292782697845652 0.024714739542019117
0 0.43740568000432895 0.8369857525388604 0.010850373457471817 0.02230354544035862
0 0.4925052327180526 0.9415285430347354 0.023396117767673415 0.0434014938298867
0 0.49708273402042347 0.7233154768344708 0.016275560186207513 0.021700746914943635
0 0.48063763674894283 0.7251238724107161 0.017970931038937578 0.0253175380674341
0 0.4972522711056965 0.7811841352743201 0.011867595969109744 0.026523135118264207
0 0.24175988359929193 0.6947253005408979 0.017631856868391544 0.022303545440358334
0 0.2459983107311168 0.7486757685655491 0.012545744310201706 0.027728732169094456
0 0.1732669011490016 0.8840040375212378 0.015597411845115624 0.03194832184700005
0 0.723923354115692 0.6995476887442185 0.023057043597127347 0.033153918897830294
0 0.960158784960846 0.7818296874633793 0.026108711132041548 0.05304627023652855
0 0.7936733672227642 0.5675348116783127 0.023396117767673558 0.036770710050320975
0 0.5272603351990166 0.48434861517102945 0.013562966821839596 0.023509142491188798
0 0.629830271789179 0.5111731495520013 0.01254574431020167 0.031345523321584995
0 0.43469308663996103 0.5367920868821429 0.012884818480747668 0.02109794838952837
0 0.35749205176427634 0.8080115258744014 0.012755990961047702 0.02113987202584184
0 0.5691550204230164 0.8459792423432287 0.008864332701744929 0.016911897620673244
0 0.5455888676305723 0.827914260793873 0.018377275113373698 0.017680620239795105
0 0.4689448202459724 0.7031890158414069 0.0095129424116287 0.01729625893023396
0 0.4633235360936464 0.7135667711995474 0.014701820090699015 0.012683923215505077
