0 0.2973338100645277 0.6065859382535205 0.015267027748955619 0.021157252935715666
0 0.4850379096137153 0.5857571966854143 0.019901487562391493 0.029123329821928046
0 0.3586648967530992 0.6997808291588301 0.017858425776163738 0.023242526584201388
0 0.46965654691060377 0.9489725842887973 0.023219585418701172 0.027047333893952547
0 0.37391715579562723 0.7284505632188585 0.01301924387613932 0.022491313793041087
0 0.12021907832887439 0.8315024199309172 0.016568991872999404 0.035825093587239586
0 0.41106605529785156 0.6742531340799214 0.010074668460422091 0.01777389903127411
0 0.49505307939317494 0.530686060587565 0.02471870846218533 0.033123675687813464
0 0.2732045650482178 0.6022149545175057 0.012750731574164498 0.02227641918041088
0 0.44178069962395555 0.7649051289499542 0.011468516455756295 0.021192527111665704
0 0.45626166131761337 0.7418724107153623 0.010662131839328341 0.020006768497419943
0 0.017319734311766095 0.6355234075475622 0.015540201630857255 0.025648093517915704
0 0.2382735278871324 0.6980651808373721 0.015762620502048068 0.023100346694757908
0 0.5517862372928195 0.7218274716977721 0.011020289527045358 0.016605801052517362
0 0.27988376882341176 0.5800654328899618 0.010609494315253366 0.017508848213855132
0 0.48136790593465173 0.7354678401240596 0.011144002278645836 0.019113988052179783
0 0.5321176846822103 0.9156015184190538 0.010961214701334633 0.01999438250506366
0 0.38845548364851207 0.6604858916482808 0.012898259692721896 0.026852219193070025
0 0.4166750378078885 0.6950322845835744 0.014514022403293185 0.016955434540171684
0 0.37851930989159477 0.677482369505329 0.018400165769788954 0.021256529254677855
0 0.41038737032148576 0.7486505155210142 0.00861154662238227 0.014217376708984375
0 0.404572950469123 0.639894061618381 0.011466953489515517 0.018120612627194253
0 0.581793467203776 0.8246512236418547 0.008391698201497396 0.014217517994068287
0 0.4073971774843004 0.6588090967248986 0.01130758391486274 0.014939673152970678
0 0.5708021587795682 0.8588628886658468 0.016078419155544706 0.014634308991608795
0 0.4213868644502428 0.7598249411877291 0.008586380216810439 0.01369763598029996
0 0.5344583458370633 0.7312742633584105 0.010522259606255423 0.014031210063416281
0 0.5409212112426758 0.8496345237449363 0.01134437984890408 0.01550971137152778
0 0.47787417305840385 0.8256953204119647 0.011651568942599826 0.017243467731240355
0 0.5929271645016141 0.8532598989981192 0.00972604751586914 0.014607935775945219
0 0.6060037877824571 0.8510863692672165 0.011560069190131295 0.01788537296248071
0 0.5020957522922093 0.7240152476746359 0.008500840928819444 0.015420183723355517
