0 0.4329805241690741 0.6722931567533518 0.02541237407260471 0.032410892439477236
0 0.44936327139536536 0.7633398786003207 0.010682026545206703 0.022778970223885996
0 0.4511571460300021 0.6932669510076075 0.011249648200141061 0.020225666187427663
0 0.4167939954333836 0.8197297932189188 0.012119690577189125 0.01915043960382909
0 0.4192753103044298 0.7424606276147159 0.012029382917616103 0.019128163655598957
0 0.3793343305587769 0.6484562438211323 0.01127044359842936 0.021880067425009645
0 0.48418042394849986 0.8165651957194011 0.020426803165011935 0.028156704372829862
0 0.40149027771419954 0.7466932461585527 0.008307642406887479 0.01090367635091146
0 0.4500318765640259 0.7638637401439525 0.01269433233473036 0.026333279079861112
0 0.46632464726765954 0.7624443901909721 0.010064548916286893 0.01837996494622878
0 0.4773570961422391 0.7330268341817974 0.015322632259792753 0.018127111741054205
0 0.42441746923658585 0.7844132081961926 0.013227833641899955 0.019062513186607833
0 0.3731668120502768 0.7300825200945573 0.014576362162729737 0.023034251318881614
0 0.3802525436571593 0.7457386127878598 0.017815553754447534 0.019075239373448908
0 0.3826819373509476 0.7268433285028396 0.01862535165237695 0.02951263450231707
0 0.4272696158950173 0.8528071640639076 0.006680832657917932 0.014756317251158606
0 0.5113873725424372 0.8378708917243202 0.00931267582618858 0.016555868135446305
