0 0.6043726136665385 0.5787086046327677 0.014604976287025267 0.024249771948268373
0 0.5085562969378333 0.6527842650720734 0.009920361251564315 0.019105880928938602
0 0.5193448223079846 0.6866116488827195 0.024883837824171792 0.029932900146219844
0 0.5489266559198938 0.7296976831706218 0.010471492432206731 0.02008566969452545
0 0.5148322977361867 0.7392996719662926 0.011284532390311786 0.019106077238688114
0 0.5018738313725434 0.7239414241728005 0.010609275227367477 0.01151251799564264
0 0.49071342496453346 0.6868319246762078 0.011160406408009891 0.02057556407731866
0 0.4884814209798919 0.7225576001427406 0.013585538196766162 0.02344170141933676
0 0.4542009842469703 0.6720126195967105 0.01474275908218587 0.0218003000343019
0 0.4456584509470122 0.7041007016696718 0.01005814404672499 0.013961989909608974
0 0.4666703272090061 0.6080814026421849 0.01901402573216501 0.024249771948268516
0 0.46109012400500105 0.5775854773133019 0.02686764505632006 0.018126092163352182
0 0.4754195347017051 0.5609290682983297 0.015293890262828356 0.019105880928938744
0 0.48471987337504674 0.5450075008575473 0.014604976287025267 0.018126092163352113
0 0.427746687576132 0.6338008577388332 0.01501832467250722 0.031108293307374666
0 0.38661852322068824 0.5872608913734695 0.011849320383812909 0.020820511268715335
0 0.35299952120149797 0.5791776340573801 0.008542533299958209 0.01837103935474886
0 0.36429771040466846 0.6241254436786655 0.009093664480600623 0.01616651463217906
0 0.3931632059908175 0.6231456549130789 0.015569455853149563 0.016166514632178917
0 0.3894430705214809 0.6494944508114148 0.02659207946599885 0.03212202771934947
0 0.40933549991823254 0.685219861432997 0.008569480109942091 0.01895865229261261
0 0.35220563251861875 0.7718879861992258 0.011235540588590638 0.027083788989446446
0 0.36972545852116695 0.7205980608004616 0.010854674805926692 0.02268267327866141
0 0.4001174199945465 0.7123314818351065 0.009554763434559134 0.013812991338849799
0 0.41555203785037276 0.7121448197899869 0.012704685445952251 0.014186315429088978
0 0.37113934823713207 0.7965283449619399 0.011602458582434494 0.01804826890600907
