0 0.5661563343471951 0.6780575175344208 0.021821022033691406 0.04041483372817804
0 0.41591837671067977 0.6780389149983725 0.02094888687133789 0.025886394359447337
0 0.23473754194047713 0.705339949808003 0.016661670472886827 0.025540151713806906
0 0.43941640853881836 0.6506860756579741 0.01671653323703342 0.020550433500313464
0 0.39411744806501603 0.7859072508635344 0.01601386070251465 0.02638936925817419
0 0.4514481491512722 0.7613359380651403 0.01616546842787001 0.025237801634235148
0 0.404348784022861 0.20375579669151775 0.01445195409986708 0.025321760295349875
0 0.42061290476057267 0.6510173891797478 0.012284888161553275 0.023167315824532214
0 0.5723538928561741 0.5764575769871841 0.024062792460123703 0.028191413408444253
0 0.5164820883009169 0.6917013474452643 0.015991104973687068 0.02051148591218171
0 0.5090560383266872 0.7367098772967303 0.010563638475206163 0.020954555935329862
0 0.5444081624348958 0.6213800171275197 0.025280104743109807 0.037293563654393326
0 0.2650701469845242 0.7079767533290533 0.013628111945258248 0.02128040643385899
0 0.34743758042653394 0.6526673399371866 0.014236476686265733 0.021637998981240355
0 0.40448023213280576 0.6610691400221836 0.013904968897501625 0.01859302285276813
0 0.5994878080156114 0.6832919650607638 0.017171594831678603 0.032843318986304014
0 0.4156737327575683 0.6782952061405888 0.023832162221272782 0.027799676965784142
0 0.47632630666097 0.659876905841592 0.013051986694335938 0.02110653159059124
0 0.3143358495500353 0.7022399195918331 0.011766539679633248 0.02809543374144001
0 0.36091040240393746 0.7023589287275149 0.008661773469712999 0.02270804511176215
0 0.4936174286736382 0.7096064767719787 0.018589231703016493 0.03179917512116609
0 0.34815324677361376 0.7217438780231241 0.01265631781684028 0.029034838264371143
0 0.4689323637220595 0.7934559480643567 0.014130804273817275 0.029403969093605323
0 0.0523502892918057 0.26321970386269655 0.017186972830030654 0.02753846439314477
0 0.2071996000077989 0.6399983064627942 0.011404487821790908 0.01661399558738426
0 0.3731384674708048 0.6568311290976443 0.018722242779201932 0.01799420957212095
0 0.5249209668901231 0.3036632537841797 0.01888344022962782 0.03285853068033854
0 0.42271812756856275 0.748214062349296 0.01146697998046875 0.01675490391107253
0 0.4293726550208197 0.8111600522641783 0.018879943423800997 0.02807334617332176
0 0.0885400606526269 0.06854575357319397 0.022748238510555692 0.0348099602593316
0 0.6823399066925048 0.5879602549988546 0.022658083173963763 0.035717010498046875
0 0.34478586756289814 0.20692725147311777 0.013617378386542001 0.020846357036187868
0 0.3981191875509861 0.3880112261251732 0.024586933197923173 0.04303764033277482
0 0.5431820934187326 0.5191415365140966 0.0181565045153895 0.03496808277037957
0 0.4202474274291169 0.540660356680484 0.011347815322118322 0.01882896764558893
0 0.2505975883634473 0.5884052389246561 0.012482596854330197 0.026898525207984178
0 0.3389214176206019 0.5652052609327697 0.009834773279169227 0.01815650451538943
0 0.34383880426018665 0.6889384768894974 0.014373899408016583 0.019501430775788576
0 0.32681708127700904 0.7027239710585893 0.013617378386542143 0.022863746426786805
0 0.20161285222296968 0.8402426811844088 0.014373899408016583 0.02219128329658716
0 0.05995429095185871 0.6704457408090082 0.015508680940228432 0.02689852520798425
0 0.020426067579813065 0.6546428572493173 0.02269563064423673 0.03564054590057921
0 0.24662585300070589 0.8822716268218842 0.01815650451538943 0.020173893905988224
0 0.48117371207604565 0.8299755190570087 0.006986113542579631 0.01098670847721948
0 0.490712444028414 0.8450225328410264 0.010479170313869588 0.016241221227193847
0 0.46102146147245043 0.8569646072727864 0.011285260338013359 0.016241221227193705
0 0.4162834651324691 0.8834760125112939 0.007792203566723614 0.023406465886249634
0 0.44086921086885533 0.8435894839092151 0.015584407133446944 0.011464391454489515
0 0.42797177048255436 0.8521877775000826 0.01236004703687172 0.014330489318112
0 0.41682085848189837 0.8478886307046488 0.010479170313869446 0.012419757409030438
0 0.4075508232042445 0.8567257657841513 0.005373933494292018 0.014808172295382747
0 0.39505642783001554 0.8624579615113962 0.009941776964440265 0.016718904204464168
0 0.38927944932365155 0.8562480828068808 0.009673080289725675 0.013852806340841824
0 0.40069905799902217 0.8507547285682713 0.008329596916152654 0.013375123363571361
0 0.3953251245047301 0.8462167402842025 0.007792203566723401 0.010986708477219196
0 0.36039455679183185 0.8519489360114472 0.008866990265581904 0.01194207443176012
0 0.3598571634424026 0.8373796052046998 0.011553957012727949 0.012419757409030438
0 0.46188958383440165 0.7466184934736421 0.008060900241438063 0.018151953136275552
0 0.6283471738200979 0.7456631275191014 0.01961485725416594 0.022928782908979452
