0 0.511573314666748 0.6407773995105132 0.017519315083821613 0.027232511543933257
0 0.49602487352159286 0.6867760787775488 0.014413409762912326 0.021172841389973954
0 0.3525998459921943 0.6467628008053627 0.017251835929022893 0.029820665901089893
0 0.4022099706861708 0.5939098169774185 0.01684607399834527 0.024820916446638693
0 0.42375967237684464 0.6867130656301239 0.012060536278618705 0.018264535032672648
0 0.49157961209615075 0.914486402346764 0.014309724171956383 0.020863945101514278
0 0.44696924421522355 0.7047723369833865 0.011001692877875436 0.017030504014756944
0 0.4058637883928087 0.6983114407386308 0.012871371375189889 0.022169937322169174
0 0.417071713341607 0.703243914945626 0.009300708770751953 0.01739869294343171
0 0.4947822623782687 0.771992082949038 0.013906213972303603 0.01891877916124132
0 0.43143441942003036 0.7257565863338519 0.010210143195258248 0.01482518513997396
0 0.536297082901001 0.7478532202449847 0.010955227745903861 0.019555645224488813
0 0.2600272099177043 0.6601430162971401 0.016615947087605793 0.023341237762827937
0 0.47951361868116593 0.7147082105095004 0.011276933881971572 0.016273404345100308
0 0.49433234002855087 0.8626360481168017 0.011780791812472872 0.016875278802565587
0 0.4077866474787395 0.7759378692250194 0.011215925216674805 0.018949249644338348
0 0.546774599287245 0.729688267648956 0.0102996826171875 0.014269275429808064
0 0.47371459007263184 0.729103512234158 0.011828687455919053 0.019247832121672453
0 0.36679146024915904 0.7039600419409482 0.009406354692247178 0.01996037989486883
0 0.4522608386145698 0.7590375829626013 0.013234827253553603 0.023413764105902776
0 0.4236516157786052 0.7030491299099393 0.010226726531982422 0.01693584300853588
0 0.42572387059529615 0.7608134422773196 0.009985923767089844 0.015034145779079862
0 0.38055737813313806 0.7705812571961203 0.010926299624972872 0.019035669020664545
0 0.48361033863491476 0.7412329308780622 0.011303636762830947 0.015276590983072914
0 0.40204124980502665 0.7273371425675756 0.014951864878336586 0.017401188979914158
0 0.4463732242584228 0.7578468322753906 0.011664231618245445 0.02286388255931713
0 0.4731631014082167 0.7358704555181811 0.010923544565836586 0.01684918815706983
0 0.5278443760342069 0.7224576502670476 0.010902616712782118 0.01564101230951003
0 0.3811583386527168 0.7060093585355781 0.009900225533379449 0.019682001184534142
0 0.4780151049296062 0.70033965876073 0.011259926689995658 0.013407389322916664
0 0.43952810764312744 0.8740076606656298 0.011020951800876193 0.023385224518952547
0 0.5265347692701552 0.7447420756022134 0.008981492784288194 0.015037254050925925
0 0.4494504531224569 0.8540731359411169 0.013566096623738609 0.02105091236255787
0 0.6142045921749539 0.8370615170325761 0.009503523508707682 0.01790844952618634
0 0.5471350881788466 0.7581679261760947 0.010417196485731337 0.014422946506076388
0 0.5160031583574083 0.7667875643129701 0.014683458540174697 0.021369510226779513
0 0.5378528965844048 0.746316956885067 0.013692590925428603 0.020339541965060763
0 0.4300427353725098 0.6944222866868863 0.008053757383831978 0.013124641662541023
0 0.4746180453371909 0.7690935434184641 0.012416209300074357 0.019686962493811393
0 0.5089527235616028 0.7615275037378882 0.011185774144211109 0.01252806704151638
0 0.5675661800772686 0.8417667902656956 0.010962058661326707 0.01153377600647545
0 0.5114695227440502 0.8555874356527653 0.010179054471232121 0.014118932697581812
0 0.5228790123711455 0.8529028498581545 0.012863640265842732 0.011931492420491735
0 0.4027997269330399 0.8736835324905111 0.014541506387474286 0.012528067041516521
0 0.43026080245707804 0.8719932377309414 0.007941899642389885 0.012329208834508165
0 0.4742768237145485 0.8567805848948145 0.010738343178442591 0.013721216283565525
0 0.4669501416500903 0.7068414968106341 0.009507908022579486 0.015312081939631099
