0 0.23995591534508598 0.20652701530927495 0.022572755813598633 0.029976856561354646
0 0.3978325261010064 0.6309984466175974 0.017152786254882812 0.023128274046344523
0 0.4695512453715006 0.6896774150707103 0.01886728074815538 0.02487300354757427
0 0.4938225481245253 0.6108624258159119 0.02213652928670247 0.027020254252869406
0 0.3804210556877984 0.6141330342233917 0.012778970930311415 0.020260987458405672
0 0.4290089607238769 0.7083599891191648 0.01197179158528646 0.018092402705439815
0 0.36907998720804847 0.6625146512632017 0.012263456980387367 0.020207204936463156
0 0.39655399322509766 0.7155196813889492 0.012361791398790147 0.021633713333695025
0 0.5854747825198704 0.429417527752158 0.011852953169080947 0.020654136751904903
0 0.5027551651000977 0.7517515111852575 0.015308168199327257 0.01904315713011188
0 0.43893652492099344 0.6816409546651958 0.01547733942667643 0.01893549789617091
0 0.4845795631408692 0.7497280262134695 0.00843418969048394 0.014287124445408951
0 0.45547874768575036 0.7019611876687886 0.010915597279866539 0.018585110888069058
0 0.42448508739471436 0.6792007022433811 0.014474577373928495 0.023501219572844328
0 0.42254324754079176 0.7223526754497009 0.010753022299872506 0.01825638759283372
0 0.6016398535834419 0.4193595839135441 0.012072245279947914 0.0195206536187066
0 0.3652439912160237 0.7900433481475453 0.013649728563096788 0.0238674776053723
0 0.4694267643822564 0.7290203895097896 0.009699132707383897 0.014445175359278549
0 0.2651733292473687 0.878814555980541 0.0131736331515842 0.026066627031491128
0 0.44408881664276123 0.6502998493335865 0.018121216032240126 0.02449398276246624
0 0.4133774042129516 0.7611440964687018 0.013619502385457359 0.02418442714361497
0 0.4873595767550998 0.7247784696979287 0.010185347663031686 0.016582394823615933
0 0.4424209992090862 0.7739330809793354 0.011459483040703666 0.02111891758294753
0 0.3915792438719008 0.7750998367497951 0.014722691641913522 0.017638830491054205
0 0.4094842010074191 0.7443559434678819 0.010633415646023221 0.014882311408902392
0 0.4608658419715034 0.7635892703209393 0.012051105499267578 0.016066280412085264
0 0.46284058358934194 0.7388818057966822 0.009977075788709853 0.01687640908323688
0 0.445139209429423 0.724339638227298 0.009417825274997287 0.013543917809003665
0 0.46153913603888613 0.7317126003312475 0.009096198611789279 0.01663627153561439
0 0.4880563153160943 0.7249701700092834 0.013077153099907767 0.018665831766010804
0 0.24144820372263592 0.8720871254249855 0.013828621970282663 0.020666522744261187
0 0.57062300046285 0.8420208589530286 0.014078829023573134 0.016051869333526234
0 0.6146776411268446 0.8381655186782649 0.0093536376953125 0.01743184784312307
0 0.3865285582012601 0.7167670167522665 0.010356134838528104 0.017469618055555556
0 0.5036120414733886 0.7251837930561584 0.011311848958333336 0.017425254539207177
0 0.4977839787801107 0.7237945603735654 0.010899119906955294 0.016683554943696954
0 0.4626007080078125 0.7360334985050154 0.00898795657687717 0.019169277615017362
0 0.4412581788169013 0.7233098347981772 0.008404175440470377 0.013019043722270448
0 0.5521237055460612 0.7520261929358965 0.012057304382324219 0.01574429170584973
0 0.4982137150234647 0.7223619296226974 0.009442753261990018 0.015061319610218943
