0 0.2603305313322279 0.70512952922303 0.014801316791110568 0.02666421584141107
0 0.4343942138883803 0.6248770113344546 0.014969004525078666 0.0224808586968316
0 0.3791600863138834 0.6204136036060475 0.015048080020480685 0.024174348807629243
0 0.40087764792972136 0.7055480862841194 0.016343196233113606 0.024349730691792054
0 0.5479568640391032 0.7389515770806205 0.018391874101426866 0.023519586633752892
0 0.38413218657175696 0.7622109401373216 0.012342797385321725 0.026228257167486498
0 0.25057360861036515 0.6473492280936536 0.01354302300347222 0.023174803933979554
0 0.44561896059248185 0.7536841498480904 0.009917020797729492 0.019698154779128087
0 0.45436721377902567 0.6471039100929542 0.017327202690972224 0.024636916172357252
0 0.3588932222790189 0.6422548411804953 0.01623421245151096 0.023321128185884454
0 0.43348550796508784 0.7589233068772304 0.010197957356770836 0.019200313238450038
0 0.4229020542568631 0.707194928769712 0.011653953128390841 0.020006580117308062
0 0.3606261809666951 0.6134449287697121 0.010680225160386827 0.01965383835780768
0 0.4839820331997342 0.8190293959629389 0.013088756137424044 0.020599459424430942
0 0.42675161361694336 0.7834334196867766 0.013185077243381076 0.024307062596450615
0 0.2584366268581815 0.5985537634955511 0.017121156056722004 0.024140487482518326
0 0.25818826092614067 0.5996313212830343 0.015723466873168945 0.024267502772955248
0 0.40779292583465576 0.7963135330765335 0.010598844952053495 0.020916220582561727
0 0.10751605365011427 0.6362741964834708 0.014438331127166748 0.0269211663140191
0 0.4283396270540025 0.6840270242573303 0.017042875289916992 0.01721747127580054
0 0.3733049233754475 0.7501648325978973 0.008450614081488715 0.019856770833333332
0 0.4649491045210097 0.764323929209768 0.009460396236843534 0.01553980509440104
0 0.3202981419033475 0.6969076321448808 0.013396263122558594 0.022989484998914934
0 0.17308415969212848 0.5851390979908131 0.01585927274492052 0.023087395562065974
0 0.20172232389450073 0.7012800287317346 0.015257451269361708 0.035545678786289545
0 0.4605324268341065 0.7313828880404247 0.01774920357598199 0.02465890955041956
0 0.0322835569580396 0.2133930465321482 0.025614104337162442 0.04062871579770689
0 0.4110414584477742 0.7599374512095511 0.011963129043579102 0.01873567369249132
0 0.4148345788319905 0.7227762481312694 0.00804244147406684 0.019184536404079862
0 0.5475164519415961 0.7186519246042511 0.012548234727647569 0.01730087657033661
0 0.36154900656806105 0.7656323232768494 0.01448143853081597 0.01960872132101177
0 0.10078346067004733 0.7971015741795668 0.028226627243889704 0.04698793387707369
0 0.5635591883627061 0.8194045779379776 0.014826259925411448 0.025714922363856942
0 0.5675369654158653 0.8441551907131901 0.013379795542444412 0.018643318713796476
0 0.5601238354531596 0.8611913267792454 0.013741411638186207 0.014143207300121646
0 0.4239948722571911 0.5654068554753086 0.019165653074312203 0.027643541541146347
0 0.45617870477820605 0.6248726134417282 0.013379795542444412 0.023143430127471446
0 0.3581807428321943 0.665052179635255 0.015549492116894825 0.026357795422953672
0 0.28206055467855784 0.7691976152088762 0.014464643829669619 0.02635779542295353
0 0.2865807558753296 0.6830526252899548 0.0068707058190930325 0.021214810950182114
0 0.2446332887692877 0.6881956097627264 0.009763634585027034 0.021214810950182114
0 0.2572898521202486 0.8727001777234011 0.01265656335096093 0.022500557068375
0 0.12276866450432103 0.6952672134127872 0.013379795542444412 0.028929287659339168
0 0.02404747036682577 0.7489471138473388 0.016995956499861818 0.04242962190036437
0 0.2807948983434618 0.595943325782389 0.013379795542444412 0.01671469953650707
0 0.3636049842683204 0.4901907075610265 0.009763634585026963 0.025072049304760712
0 0.3601696313587739 0.5429062984069336 0.016634340404119995 0.02892928765933931
0 0.34841710824716726 0.49629800162244253 0.009763634585027105 0.02314343012747152
0 0.4854696085332871 0.4956551285633461 0.010486866776510482 0.023143430127471446
0 0.3981393214116567 0.7566725471320018 0.01880403697857048 0.034072272132110726
0 0.499572636267215 0.7135890955970351 0.009040402393543517 0.01671469953650714
0 0.4874584970598667 0.7126247860083904 0.010125250680768687 0.016071826477410695
0 0.406094875517975 0.8312348654116815 0.020250501361537516 0.014143207300121504
0 0.3657746808427709 0.7881623704522208 0.011933331159477518 0.018000445654700173
0 0.39217265583191796 0.8305919923525849 0.012656563350960966 0.01671469953650714
0 0.4135080054806807 0.8614498991892137 0.010486866776510482 0.023143430127471304
