0 0.18878424657534246 0.0738747553816047 0.028620352250489242 0.04794520547945206
0 0.532482886464662 0.6204764660045442 0.031997665287229825 0.0377170547347059
0 0.560828644300632 0.8059701778145723 0.021215843288272113 0.0302973062623046
0 0.5232661676591013 0.7821651514656187 0.01843343761112145 0.030915618635004735
0 0.5034415272094045 0.8387407335676772 0.014955430514683456 0.03524380524390537
0 0.4697048583739556 0.7388832853766121 0.022607046126847264 0.04080861659820613
0 0.4637922463100109 0.6847809527653539 0.01565103193397114 0.026587432026103953
0 0.47126996156735274 0.6878725146288543 0.017390035482190102 0.020404308299102922
0 0.4481412143760399 0.6380983686264967 0.011477423418245465 0.024732494908003774
0 0.4357942891836849 0.6235680278680447 0.018085636901477714 0.015457809317502154
0 0.3733640618026223 0.5518437926348337 0.014955430514683598 0.020404308299102992
0 0.4222810837714864 0.819626888969646 0.01834549358278167 0.027802278070809337
0 0.4141609472676322 0.8121416602582743 0.01714251039702546 0.02245568613411507
0 0.37536473952699567 0.791557281302002 0.016541018804147357 0.027267618877139767
0 0.4128075911836565 0.7966365436418613 0.01864623937922062 0.02138636774677636
0 0.4132587098783151 0.7287348260458464 0.01834549358278167 0.029940914845486902
0 0.3855900966059231 0.6573578236909802 0.01473654402551304 0.02192102694044564
0 0.3807781638628984 0.6375754335252121 0.014135052432635006 0.02299034532778464
0 0.3717557899697272 0.6434566846555755 0.011127594468244552 0.018713071778429295
0 0.49530886902553645 0.7711281915193426 0.016561358674961398 0.02121585817184581
0 0.3932104938341932 0.7363851180768772 0.015587161105845909 0.015370672757153727
0 0.3959504244973302 0.7790333227692614 0.012299244310081576 0.02013341642838441
0 0.43613607422333944 0.7522970117057618 0.013273441879196995 0.019483951382307508
0 0.44703490952781766 0.7377922923433772 0.013395216575336377 0.017752044592769068
0 0.40471820261936853 0.7617142548738769 0.014978287625148851 0.02835997367869183
