0 0.3816462092929416 0.5955111656659915 0.021913475460476346 0.028555693449797453
0 0.4471702575683593 0.44994799296061194 0.012855847676595054 0.02468368153513214
0 0.46496290630764425 0.6915111777223185 0.012654410468207467 0.015200108657648531
0 0.46688797738817006 0.70656211287887 0.013362831539577909 0.016097786985797648
0 0.5253573523627387 0.7418654641987366 0.011711014641655814 0.015444720232928241
0 0.45936756663852263 0.7301846963387948 0.01083644231160482 0.01906797620985243
0 0.5042251480950249 0.7581593077859762 0.013060357835557725 0.021815076286410107
0 0.5466041564941406 0.7594125535753038 0.010911093817816842 0.015052889600212192
0 0.5444583892822266 0.7319461916699821 0.011538505554199219 0.014236968240620177
0 0.46857378217909074 0.7060778347062475 0.01276810963948568 0.016493667790919174
0 0.4188332955042522 0.7802126142713759 0.011689901351928711 0.02074719652717496
0 0.4884633488125272 0.7214815822648414 0.012046390109592013 0.013618704713421104
0 0.47223493787977433 0.7441463470458983 0.01193322075737847 0.01747946091640143
0 0.48950351609124076 0.7386770601625795 0.010141107771131728 0.018425600028332368
0 0.41536308659447563 0.7601183667595004 0.01562047004699707 0.016687087070794752
0 0.4281174341837566 0.9612292066032504 0.01732015609741211 0.025118038978105706
0 0.5156112776862251 0.7244314499843267 0.009986665513780382 0.015776457609953703
0 0.3812182497512016 0.7065373496059554 0.0074243455012631895 0.01444400969637769
0 0.48162090680197706 0.7389710893018673 0.007578090055410627 0.013032850530078265
0 0.537138653512268 0.7368477597211242 0.0077428311435716775 0.009371937459831513
0 0.5231768462906147 0.7259382387717891 0.00963735365742437 0.008346881800162577
0 0.5361913922553417 0.75237003113897 0.00617779080604123 0.014643652280986715
