0 0.6904659980430529 0.3962818003913895 0.019263698630137042 0.03718199608610561
0 0.41129829741526075 0.496232707345889 0.023274762181946896 0.024235307922789034
0 0.4851125431922922 0.4773173450646877 0.017289823335160576 0.024235307922789034
0 0.3600938206149776 0.5506143739043426 0.013964857309168154 0.028964148493089467
0 0.4437167161686867 0.5648008956152435 0.02560223840014153 0.03723961949111498
0 0.2536949077832207 0.6617421273063999 0.015959836924763594 0.013595416639613304
0 0.6102975140709063 0.5775096546479256 0.016957326732561385 0.021279782566351386
0 0.6131237351929998 0.6457822903816364 0.015294843719565137 0.028964148493089398
0 0.5519443603147396 0.6366201617766795 0.02327476218194697 0.024826412994076678
0 0.5366495165951746 0.6700175983044254 0.02061478936115286 0.03132856877823968
0 0.4784626111403074 0.6250936128865725 0.02260976897674837 0.027781938350514394
0 0.4269256377374251 0.6321868737420229 0.02260976897674837 0.024235307922789103
0 0.4443817093738852 0.6652887577341252 0.019617299553355137 0.028964148493089398
0 0.4028196340489801 0.6605599171638249 0.02161227916895072 0.036057409348539834
0 0.37189745000725066 0.6584910494143185 0.016292333527362857 0.03191967384952704
0 0.4925937167507751 0.6957306689054334 0.018952306348156752 0.023644202851501463
0 0.48095633565980167 0.7016417196183088 0.011637381090973448 0.020097572423776456
0 0.5441306901536573 0.7622299894252815 0.012967367501370503 0.01832425720991381
0 0.5005736352131569 0.7814409042421265 0.014962347116965802 0.02246199270892646
0 0.5140397476184262 0.774347643386676 0.010639891283175657 0.014186521710900735
0 0.4912637303403781 0.7610477792827065 0.009642401475378008 0.020688677495063815
0 0.47563639001821384 0.7560233861767626 0.016292333527362715 0.0224619927089266
0 0.45784782177915445 0.7790764839569764 0.010639891283175657 0.024826412994076463
0 0.40315213065157934 0.7190793192212912 0.016957326732561243 0.020688677495063815
0 0.39217974276580436 0.746270152500518 0.022277272374149105 0.024235307922789103
0 0.4759195549274669 0.9199799237682538 0.011337041506957064 0.02687298727574998
0 0.46800724470906985 0.8292835917125976 0.011573229871685343 0.020154740456812446
0 0.4690700923503471 0.8475488252515838 0.016060808801522414 0.01637572662116014
0 0.40092974912624074 0.8189962762710994 0.021493141190272666 0.023933754292464755
0 0.4269104692463506 0.7839354256847693 0.01771412735462036 0.034431014947054736
0 0.3918364970842027 0.7818359735538539 0.013698925154239032 0.026033206423378964
0 0.4076611175209964 0.7841453708978611 0.008975157859674282 0.01973485003062876
0 0.3554634889160485 0.8015708235844802 0.02125695282554439 0.023513863866281213
0 0.4306894830820029 0.8332725507613418 0.018658880813533472 0.022254192587730443
0 0.44332556059496603 0.858465976332358 0.014171301883695631 0.018055288325894595
0 0.3713469424614671 0.3953766754723976 0.010773226163422507 0.025246348180949667
0 0.42986514821278476 0.350325002425358 0.012242302458434651 0.025681630046138437
0 0.5515536346496254 0.38297114231451707 0.013711378753446794 0.028293321237271272
0 0.5298847592981959 0.404517594641362 0.014935608999290367 0.03308142175434789
0 0.5922825929390689 0.29729751392394216 0.012731994556772009 0.027858039372082432
