0 0.13622186888454013 0.7964774951076322 0.02146526418786692 0.05088062622309195
0 0.47553816046966735 0.4427592954990216 0.027519569471624265 0.038160469667318966
0 0.3890219158114845 0.5586000974726949 0.01794393794543609 0.021266889416813158
0 0.3748488054053067 0.5609117158875659 0.015603424300379132 0.02311618414870992
0 0.26692512066101715 0.647135082762254 0.014043081870341255 0.02080456573383877
0 0.2878597149306926 0.6623917643004026 0.01222268236863041 0.015256681538148626
0 0.5773266991140309 0.5478535643244258 0.01612353844372514 0.03051336307629704
0 0.5935802660935926 0.5568688761424226 0.013783024798668393 0.018030623635993878
0 0.5912397524485358 0.6978775994495534 0.02054450866216605 0.030975686759271356
0 0.536757795933045 0.6391624917118301 0.01456319601368726 0.032824981491168116
0 0.5279158554961634 0.6245992956981428 0.013522967726995318 0.01941759468491661
0 0.5179036582367534 0.7422606730150764 0.014303138942014328 0.023578507831684165
0 0.5065911756189786 0.7431853203810249 0.013002853583649382 0.01710597627004546
0 0.4691429572980684 0.748270880893741 0.016643652587071144 0.01895527100194215
0 0.42090237050272933 0.7864125847391124 0.009622111651900482 0.01756829995301956
0 0.37188161249237134 0.7829451571168059 0.013522967726995318 0.019879918367890638
0 0.4749942414107106 0.8196998899132546 0.01274279651197638 0.024040831514658266
0 0.3987975194105255 0.8809577779073361 0.017423823802090156 0.01710597627004546
0 0.4485984486359025 0.8839628818466685 0.013002853583649311 0.01571900522112273
0 0.5197240577384643 0.8661634200521618 0.011702568225284366 0.023578507831684165
0 0.3937264065129022 0.8264035833163805 0.014043081870341326 0.017105976270045318
0 0.40139809012725536 0.7313960664651827 0.011702568225284437 0.016643652587071216
0 0.39346634944122916 0.595010579987794 0.01196262529695744 0.024040831514658335
0 0.4565301893219285 0.6049505391717394 0.01014222579524649 0.017105976270045387
0 0.44716813474170103 0.6400871390777785 0.020024394518819974 0.029126392027374593
0 0.4647219870796276 0.6562684679818754 0.02444536473726082 0.02265386046573582
0 0.46615230097382904 0.6773041955572014 0.01950428037547404 0.02034224205086474
0 0.43026442508295687 0.7545122506138928 0.01274279651197638 0.021266889416813227
