0 0.16979574363992175 0.2098825831702544 0.035775440313111556 0.05185909980430527
0 0.18658268101761255 0.12426614481409004 0.019814090019569477 0.03326810176125246
0 0.08200831702544033 0.6379647749510764 0.017612524461839526 0.033268101761252354
0 0.2531800391389433 0.7079256360078279 0.02641878669275929 0.032289628180039075
0 0.2083231409001957 0.8380626223091977 0.023666829745596873 0.030332681017612516
0 0.5935971135029355 0.6247553816046967 0.02917074363992164 0.028375733855185884
0 0.5206702544031312 0.6580234833659492 0.016511741682974517 0.028375733855185957
0 0.5264493639921722 0.7901174168297456 0.01706213307240702 0.03816046966731889
0 0.5027825342465754 0.7954990215264188 0.02256604696673186 0.031311154598825795
0 0.48241805283757344 0.833659491193738 0.024767612524461812 0.03326810176125249
0 0.5438854173982814 0.9546570136797615 0.011551234056271582 0.023865612704849326
0 0.4350546293637015 0.7652722875456219 0.026390335311127375 0.027991989648404002
0 0.4391573285507255 0.6935181732356286 0.020846147220554414 0.022472442393789153
0 0.6071994796795525 0.7879153705962733 0.01596726170085006 0.028780496399063226
0 0.5269196361280557 0.8525729241503334 0.009314235992162594 0.01931841539115226
0 0.3901999578145261 0.7845642169059716 0.007761863326802185 0.012616108010548289
0 0.3893128877200344 0.8164987403076719 0.011310143704768834 0.014193121511866736
0 0.5034893663867317 0.7141309297298526 0.009367244025799621 0.017763070152627448
0 0.4714065555983678 0.7800485728743687 0.014206986772462784 0.01748552218149257
0 0.47140655559836786 0.7643671125052522 0.009211123292036305 0.011657014787661808
0 0.4851451801695407 0.7321715478536148 0.012333537967302917 0.014987590441279508
0 0.48280336916309075 0.7033065588555951 0.009211123292036376 0.016652878268088357
0 0.47117237449772276 0.7099677101628304 0.019671212454179212 0.018318166094897066
0 0.4561847840564434 0.7117717719752068 0.006557070818059785 0.010269274931987838
0 0.4226968866642096 0.7428571447423047 0.01170905503224965 0.01248965870106602
0 0.4246483958362512 0.7148247996576896 0.006244829350533081 0.010824370874257597
0 0.4337814587614058 0.7144084777009873 0.0076499159544029995 0.011101918845392333
0 0.40279149310938533 0.7202369850948181 0.009679485493326255 0.012767206672200899
0 0.40123028577175207 0.7459101724247877 0.005932587883006377 0.011379466816526929
0 0.41051946943066997 0.7443836585835462 0.009211123292036305 0.013322302614470658
0 0.37016225975284983 0.7625630506928759 0.006244829350533081 0.01471004247014463
0 0.4608927408881247 0.7382783287132856 0.011100552481149535 0.014654194694586948
0 0.4522101305315819 0.7265549729576161 0.012199617083243552 0.013872637644208794
