0 0.5704617765214709 0.6124420872441045 0.02422253290812175 0.028713132128303433
0 0.38051537672678637 0.6120940314398872 0.02000424596998427 0.026652583369502315
0 0.5201895236968994 0.6972822024498457 0.02049112319946289 0.026531831717785493
0 0.5364958180321587 0.6687490439709322 0.019488069746229384 0.02605716093086902
0 0.24712075127495658 0.6424547124792029 0.016747527652316622 0.02498122792185089
0 0.44978536499871147 0.7250643836127388 0.016170342763264973 0.020507482834804205
0 0.39210589726765943 0.3168808619181316 0.019189622667100694 0.0283471331184293
0 0.401263435681661 0.7258802814248166 0.011490477455986869 0.020092528543354554
0 0.4102639887068007 0.7295552948374808 0.01078711615668403 0.016765829957561727
0 0.500471380021837 0.7514264377546899 0.013048701816134982 0.018584121892481674
0 0.5139636463589139 0.7402564625681183 0.010494656032986112 0.014834557050540124
0 0.4330040481355455 0.7035469714506174 0.01778568161858453 0.027502742814429014
0 0.38700889216529 0.7419773384376809 0.011922227011786569 0.021951039632161454
0 0.5246781508127849 0.7275944698004077 0.011275450388590492 0.01589132238317419
0 0.26525379551781547 0.595153667308666 0.01523015234205458 0.025152889298804014
0 0.5479157765706381 0.7284716853389033 0.010532803005642362 0.014999201268325617
0 0.43408146169450545 0.6936923133002386 0.01892876625061035 0.02929805237569927
0 0.5245174037085639 0.7279858530303579 0.009080621931287978 0.01434410942925347
0 0.4922091431087917 0.7263452270884574 0.009598467085096572 0.013700273301866319
0 0.4676327440473768 0.26662807700074753 0.019818358951144747 0.02788746209792149
0 0.46598821216159403 0.7585418842456959 0.010898378160264757 0.01726046903633777
0 0.43518242571089005 0.6894089263162495 0.018302096260918513 0.022270532301914545
0 0.4106445709864299 0.7462488574746213 0.010823488235473633 0.012360137185932677
0 0.3765078051087985 0.21192052980132453 0.012239829706717132 0.03784295175023647
0 0.3037031402295635 0.7782435636515354 0.018955153242471177 0.019256028690764423
0 0.33281283985193 0.5887779956406214 0.016053854276786766 0.026820897104993406
