0 0.3866766823662652 0.5871563664189092 0.02367093827989366 0.026684325418354554
0 0.4466003974278768 0.6158372149055387 0.015358050664265953 0.023952578320915317
0 0.4107815292146471 0.69216768241223 0.020191166135999895 0.022997067298418206
0 0.4437469508912828 0.6443971233603395 0.018148183822631836 0.02600351969401042
0 0.3825131389829848 0.6696499247609832 0.01606583595275879 0.023525143847053433
0 0.5085121790568035 0.6852906780478396 0.019405259026421443 0.02569325764973958
0 0.28397320376502144 0.6408487013828608 0.01291558477613661 0.02008310953776042
0 0.1439140174123976 0.8247628388581453 0.022297581036885575 0.045472039116753474
0 0.22960303889380562 0.8398072984483507 0.017446597417195637 0.02949467411747685
0 0.4132046567069159 0.808723685182171 0.015172772937350802 0.026473528073157792
0 0.4194185336430868 0.7693301777780792 0.025237692726982966 0.0343009571970245
0 0.36251680056254076 0.7225988882559317 0.013392183515760634 0.020538330078125
0 0.5136148399776882 0.7236030248948085 0.011164294348822702 0.01849501809956115
0 0.5392086770799425 0.7339361449818551 0.011431905958387587 0.016919501033830053
0 0.4281313021977742 0.6870303448335625 0.010955572128295898 0.021261191662446954
0 0.5770441426171197 0.8630318347318674 0.009859138064914279 0.01811839916087963
0 0.4642584853702122 0.7265886141930096 0.011500623491075303 0.016034679648316938
0 0.5024245844946967 0.7250442975833091 0.008786466386583116 0.015682173363956404
0 0.56915725602044 0.8461922539605033 0.010406017303466797 0.013483306508005402
0 0.2638858291837904 0.7631836408450279 0.01727906862894694 0.025628454891251932
0 0.3357031875186497 0.7802290975311656 0.011063363817003038 0.023016423354914158
0 0.5814824899037679 0.8245088082772715 0.008417288462320963 0.01475609673394097
0 0.557150814268324 0.8575240241156685 0.0081480344136556 0.014874964584538969
0 0.5537923177083334 0.7219351780267409 0.009266535441080729 0.01576308262201003
0 0.14420385493172538 0.8255278504925009 0.021510746743943952 0.04490595688054591
0 0.6066713862948947 0.8525646351001881 0.010251363118489586 0.016551359200183257
0 0.5042783154381646 0.8464118580759308 0.00957473119099935 0.015147173846209491
0 0.4349097675747342 0.6356180214587553 0.011127418941921659 0.016820130524811922
0 0.4373985264036391 0.755139692330066 0.009055376052856445 0.01400629679361979
0 0.5961613919999865 0.8407671893084491 0.01033247841729058 0.014756002543885031
0 0.4859419398837619 0.2883974828837831 0.019759707980685763 0.03135269070849007
0 0.3769256273905437 0.8596405688627268 0.011336220635308158 0.019519099482783565
0 0.48435094621446395 0.8501791306483892 0.009410434299045138 0.014851134500385802
0 0.4874300956726074 0.824398794291932 0.013241344028049044 0.01706921612774884
0 0.48600618044535315 0.28831991737271534 0.01958290735880534 0.03219060544614439
0 0.49265379375881624 0.8422628332067419 0.008905304802788628 0.014906141493055556
0 0.42430961132049566 0.7157564280945578 0.010472695032755532 0.016851119053216627
0 0.4589949978722466 0.8258101380901571 0.011801984575059678 0.01711047137225116
0 0.4554424285888672 0.8226659798327788 0.009917259216308594 0.016898543746383103
0 0.5156693472090823 0.14191106906338694 0.018093661305581748 0.0359508041627247
