0 0.5533116658528646 0.6940406752221377 0.018634478251139324 0.025296764609254438
0 0.13297736644744876 0.6276704058235074 0.020365211698744036 0.03178259767132041
0 0.5727150970035129 0.7187949051091701 0.012674596574571397 0.02153660338601948
0 0.6289060115814209 0.5607539753855011 0.0239670541551378 0.03663960209599248
0 0.45962227715386283 0.6381279745219666 0.012450536092122398 0.02245264877507716
0 0.5441450013054742 0.7143464971471717 0.01690938737657335 0.027372148301866316
0 0.5207345220777724 0.5921295542775848 0.023715549045138888 0.029889330451871143
0 0.2806790537304349 0.09195850807943462 0.02055139011806912 0.027246351595278138
0 0.6111688613891602 0.6958045723997516 0.01786147223578559 0.02784724294403453
0 0.016296155750751495 0.22045460453739874 0.023253531919585332 0.03170752819673515
0 0.4112649493747287 0.588166719601478 0.0172580083211263 0.02629376635139371
0 0.36906947029961484 0.32742454387523506 0.017918533749050565 0.025513707855601375
0 0.39571825663248694 0.6905319072582103 0.020063983069525823 0.028886536021291473
0 0.49445430437723803 0.7315878220546393 0.01708078384399414 0.017142307611159337
0 0.34652256965637207 0.7716518920144917 0.013883855607774522 0.022097175503954472
0 0.391063306066725 0.7648807101779515 0.015598270628187392 0.015841919698832946
0 0.37413623597886825 0.6983811649275415 0.01625982920328776 0.02128007676866319
0 0.3569188382890489 0.7442220993983893 0.015207926432291664 0.025243688512731483
0 0.4778726630740696 0.8073886353292583 0.01659515168931749 0.027690651976032023
0 0.18532778157128227 0.20009065557409214 0.022865904702080622 0.03130964585292487
0 0.3446751303142971 0.6804885628782674 0.011388063430786133 0.020141460277416087
0 0.4313127332263522 0.6690155076391904 0.016165812810262043 0.026410562020760996
0 0.4260716968112521 0.742237138159481 0.015820821126302082 0.014665203329957561
0 0.41940340730879044 0.7140835420584973 0.013035641776190866 0.015388394579475308
0 0.5258824295467801 0.6670486544385368 0.018910778893364802 0.023505128460165895
0 0.21273052030139497 0.6974548528223862 0.01586690213945177 0.023502302758487654
0 0.37331340048048234 0.5942035957618996 0.015433258480495878 0.021607340118031438
0 0.3974137438668145 0.23079607221815324 0.01583674218919542 0.02723583174340519
0 0.35456975301106775 0.5913543936647014 0.012101226382785372 0.024624435989945025
0 0.5422294404771593 0.631706072960371 0.023878521389431424 0.033793649555724344
0 0.232343594233195 0.7084933151433498 0.014645046657986112 0.021956078800154318
0 0.4544996685451931 0.823754675594377 0.015682326422797307 0.02427861719955633
0 0.4916055997212728 0.815988658386984 0.013407389322916664 0.028273311662085264
0 0.3229849562722522 0.6557270604497611 0.019844097488760683 0.027371168950014776
0 0.3070754643200561 0.6542064399525381 0.0263447501143893 0.0352783955355747
0 0.3021144399478659 0.6736703823169933 0.008211350685004497 0.02919591354668256
0 0.3879863198664604 0.7235112325787257 0.010264188356255559 0.02615467255223649
0 0.36318119800550946 0.5884801324253192 0.008553490296879787 0.022505183358901063
0 0.4257927469786685 0.5258305679397296 0.01402772408688257 0.02737116895001492
0 0.4095411154145971 0.5106243629674991 0.008211350685004462 0.027371168950014776
0 0.17928115662259728 0.6499132005131301 0.010264188356255595 0.034670147336685414
0 0.12265705085725402 0.6702895151759191 0.014712003310633008 0.019463942364454992
0 0.2721720612467102 0.7444957954404038 0.016764840981884143 0.030412409944460848
0 0.24086628676013064 0.8211350685004453 0.010948467580005925 0.02068043876223342
0 0.23077316820981267 0.8226556889976684 0.007869211073129243 0.021288686961122637
0 0.38884166889614846 0.3582581891457498 0.01608056175813367 0.02189693516001185
0 0.4418733087368022 0.3722478977202019 0.017449120205634473 0.04014438112668835
0 0.487720016728077 0.7487535328326282 0.01402772408688257 0.019463942364455134
0 0.526381792869973 0.787073169362649 0.008553490296879573 0.024329927955568563
0 0.5375013302559165 0.7910267826554289 0.01368558447500746 0.02250518335890092
0 0.4413117064808414 0.8323582066794109 0.012394951211826993 0.01598651659564638
0 0.4232053561812116 0.853745573476289 0.009721530362217337 0.01728272064394176
0 0.4159142084095485 0.8362468188242979 0.013124065988993365 0.016850652627843486
0 0.40716483108355306 0.8515852333957961 0.009721530362217266 0.016418584611744648
0 0.399023049405196 0.860010559709718 0.010450645139383638 0.012529972466857942
0 0.38966607643156154 0.8651953759029 0.008749377325996344 0.019443060724434632
0 0.39724603442610484 0.9252736564750387 0.008020262548829251 0.02289960485322311
0 0.37512955285206045 0.9174964321852648 0.012394951211827133 0.023763740885420076
0 0.46323092175965486 0.7636802184541821 0.008263300807884733 0.013394108499054909
0 0.4707651077903733 0.7606557423414921 0.006318994735441237 0.0125299724668578
0 0.5259347925959565 0.7379721714963184 0.008749377325995553 0.013826176515153464
0 0.5181575683061826 0.7347316613755794 0.006318994735441237 0.013394108499054766
0 0.5160917431042116 0.7142084306108984 0.006562032994496647 0.011233768418562278
0 0.5208309891557923 0.6887164176610838 0.006805071253551986 0.016418584611744932
0 0.4505929322887724 0.7135603285867507 0.009721530362217337 0.007345156273675286
0 0.44767647318010717 0.705999138305026 0.006805071253552057 0.012962040482956495
0 0.4530233148793267 0.7010303561198927 0.006805071253552199 0.01339410849905505
0 0.45824863744901845 0.705999138305026 0.0075341860307185015 0.012962040482956495
0 0.4463397627553022 0.7677848646071185 0.01093672165749446 0.01814685667613901
0 0.2266953025936056 0.3117329517146637 0.025188366954845054 0.03616791152490581
0 0.5924110151110678 0.7730894122187459 0.014531750166256715 0.021528518764824724
