0 0.44526422023773193 0.6252458360460069 0.023497290081448026 0.025297471034673998
0 0.010400256142020226 0.23919265652880256 0.015916948931084737 0.0290042264961902
0 0.5117183791266547 0.6027174584659529 0.019469049241807725 0.029693603515625
0 0.3968937794367473 0.6356174327709057 0.022262069914076067 0.030765957302517362
0 0.49852331479390466 0.6758748749156058 0.011805693308512367 0.021508299274209105
0 0.4833047389984131 0.5944136866816768 0.016204357147216797 0.024693854061173807
0 0.4880309634738499 0.6462350303744092 0.013456238640679252 0.0213658368145978
0 0.46379335721333825 0.6752460856496552 0.017648855845133465 0.023531360390745562
0 0.3963493771023221 0.7183720153055074 0.014265219370524086 0.021701294698832946
0 0.5938401487138536 0.4495920958342376 0.020312150319417313 0.029861685670452352
0 0.19648984405729508 0.701208703311873 0.01688553227318658 0.032012091742621526
0 0.4112626049253676 0.6642982812575352 0.01398385895623101 0.02219857109917535
0 0.36403649383121073 0.6343928678536122 0.01620830429924859 0.021338474603346834
0 0.37518272134992814 0.7452847516095197 0.015254894892374672 0.023495144314236112
0 0.4701103369394938 0.7019325774392964 0.017669518788655598 0.021912610089337384
0 0.3884300655788845 0.6085136554859303 0.02041006088256836 0.022061901328004438
0 0.41977458530002165 0.5764487231219256 0.015759785970052082 0.02297281335901331
0 0.5338877571953669 0.7476369127815151 0.01281060112847222 0.01948961799527392
0 0.4109203153186374 0.7503754886580103 0.012275987201266818 0.01846294638551312
0 0.5429195033179389 0.32525054319405255 0.013746208614773221 0.022926307018892266
0 0.09345195028516981 0.08603152227990421 0.018452180756462946 0.030401329935332875
0 0.35646928681267626 0.6099239631935401 0.01769076453314887 0.021566650013864777
0 0.26489559809366864 0.8779977869104455 0.014125294155544706 0.025790932737750773
0 0.43174191315968824 0.7353420022093221 0.01154695616828071 0.015680854703173226
0 0.2558220360014174 0.6348438733889732 0.01424309942457411 0.02240578922224633
0 0.475972334543864 0.7310947842068143 0.009409798516167535 0.01734387433087384
0 0.09334203600883484 0.08561176723904079 0.01960778898662991 0.031172928986725985
0 0.5477437708112929 0.18350418114367828 0.015149169498019747 0.02388983596990138
0 0.5095858309004041 0.7447160320517457 0.01388321982489692 0.017116122775607638
0 0.5736613273620605 0.16729990641276044 0.018639882405598957 0.026194113272207754
0 0.5110635757446289 0.7330304369514371 0.010882377624511719 0.016153029453607252
0 0.5395199722713895 0.7254924774169922 0.008919133080376519 0.01306420785409433
0 0.34796575705210364 0.7550579824565369 0.013826184802585177 0.02052104620285976
0 0.47207244237264 0.7312162658314647 0.013951195610894095 0.018830146318600503
0 0.5308479203118219 0.7299085075472607 0.007599724663628472 0.012787995515046295
0 0.25562898317972815 0.6346960420961733 0.016053252749972872 0.023844071376470873
0 0.4559070269266764 0.7408086753185884 0.01248804728190104 0.015582944140022183
0 0.4512781964408027 0.756384625846957 0.015967289606730144 0.02291728832103588
0 0.4923773341708714 0.7269377060878424 0.009729173448350694 0.014913676697530864
