0 0.43942655457390684 0.6471528418270158 0.02071756786770291 0.029144758059654708
0 0.4154539373185899 0.6741227750424984 0.021679401397705078 0.029639114568262924
0 0.37448158529069686 0.6975867424482182 0.019573344124688044 0.026140801700544943
0 0.46149259143405497 0.6128835560363016 0.019695176018608943 0.028141492678795333
0 0.4607004059685601 0.6900186420958719 0.016244464450412326 0.024725925775221834
0 0.511055760913425 0.7643890851809654 0.01489792929755317 0.024160220299238044
0 0.5095016426510282 0.4619660554108796 0.014116975996229384 0.02327558729383681
0 0.3528438938988579 0.6623141677291305 0.012961970435248483 0.02506138365945698
0 0.19880181550979614 0.6902148164348837 0.015957209799024794 0.02393703696168499
0 0.2757585578494602 0.6544826884328585 0.01839568879869249 0.027299056818455826
0 0.5087248749203153 0.8381358017156154 0.01008833779229058 0.015380482614776234
0 0.39940504233042406 0.8210706357602721 0.01192784309387207 0.021423528223861885
0 0.47863613234625924 0.7237061865535783 0.01341602537367079 0.01634282241632909
0 0.09463325473997328 0.6929151982436946 0.014440788163079154 0.023390734637225116
0 0.5408775011698405 0.8463217652874228 0.012258529663085938 0.021297501929012346
0 0.5679201020134821 0.8733975916732976 0.010503662957085502 0.013924021779755016
0 0.5819670889112685 0.8259749706880545 0.00999397701687283 0.013679692774643133
0 0.49002983835008407 0.7002254297703873 0.017306804656982422 0.0235947502983941
0 0.3773472971386379 0.873008304172092 0.011423349380493164 0.015688201527536652
0 0.36456007427639436 0.6575705210367837 0.008688714769151475 0.018180611692828898
0 0.48991470866733133 0.7000152917555821 0.017689863840738933 0.02418777089060089
0 0.49793246057298446 0.7125171378806785 0.008659839630126953 0.014292822943793405
0 0.44074196285671663 0.7567744313934703 0.0107979244656033 0.016094443238811727
0 0.39497223165300155 0.85918864497432 0.01252828703986274 0.018670258698640047
0 0.5682219399346246 0.8728659829975647 0.012310769822862413 0.015227235393759647
0 0.2987373718870314 0.5712010977739277 0.02346577543523509 0.04011243664142747
0 0.33619235960096433 0.4584851508115165 0.015343007015345975 0.02166071578637087
