0 0.288672063085768 0.2463756019686475 0.022131045659383133 0.02939349044988185
0 0.5954524411095513 0.6183548680058233 0.02244424819946289 0.03472076227635513
0 0.038948944873279996 0.23556506780930508 0.019480655590693157 0.0306576387381848
0 0.3668967750337389 0.6237392896487389 0.018450710508558486 0.025168100992838546
0 0.42548745208316385 0.7598467697331935 0.017031113306681316 0.02852216178988233
0 0.3590317434734769 0.7487974520082826 0.015800767474704318 0.022444407145182296
0 0.3974780506557889 0.6753316102204497 0.02185991075303819 0.023856033513575424
0 0.29783352216084796 0.7172239091661241 0.016777992248535156 0.025843161123770254
0 0.49093792173597545 0.7745757161835094 0.014636781480577257 0.023591547836492092
0 0.4777194129096137 0.7365797301869335 0.00983058081732856 0.01802614000108507
0 0.35259642865922713 0.7697528085590881 0.01641360918680827 0.019388693350332754
0 0.4365819030337863 0.7312120743739753 0.0146689944797092 0.021203076397931134
0 0.3588928646511502 0.7948490660867573 0.014415052202012803 0.01904711311246142
0 0.012197474845581584 0.19096286208541305 0.013547632015413709 0.023904800415039062
0 0.3462956878874037 0.7020198916211541 0.015511910120646157 0.021452491666063847
0 0.5298722585042317 0.7551403045654297 0.01264603932698568 0.020384188051576966
0 0.37700225247277147 0.7205897437201605 0.015098916159735788 0.02305400518723476
0 0.5151660442352295 0.747407465805242 0.009706232282850478 0.014275350688416281
0 0.4928614033593072 0.7216855743784962 0.012530273861355253 0.014926486545138888
0 0.2475074132283529 0.12152446935206283 0.011359161800808378 0.019173257144880884
0 0.542992803785536 0.7503668231728636 0.007630878024631077 0.013146200297791281
0 0.4288458824157715 0.6428315197979962 0.02261405520968967 0.02864484433774595
0 0.4295667939715915 0.8684562400535301 0.013208945592244468 0.016907868561921297
0 0.4076577954822116 0.7931772396888261 0.012533002429538302 0.021461298436294365
0 0.5256320105658637 0.7080886040204837 0.008371353149414062 0.012683397457923417
0 0.39640822675493026 0.8207393693335261 0.012123823165893555 0.01682554645302855
0 0.4397369888093736 0.8457130149558738 0.011288669374254014 0.013755515769675925
0 0.5157018767462836 0.7745364389301819 0.012494405110677086 0.020402555112485534
0 0.516785701115926 0.7246696566358025 0.01031001408894857 0.01608624870394483
0 0.5394287639194064 0.7704168249059608 0.0123496585422092 0.018550260567370757
0 0.5039588080512153 0.7257640508957851 0.010764757792154946 0.014923378273292825
0 0.4519859419928657 0.7267047034369576 0.009694735209147135 0.013639803285951968
0 0.5752179622650146 0.8250540745111159 0.009444607628716363 0.014419649854118442
0 0.4373645782470703 0.4219899118682484 0.013067669338650174 0.02263923927589699
0 0.428929779264662 0.643678335495937 0.021966563330756292 0.025565771409022955
0 0.38193649715847433 0.6968470208438826 0.01192829344007704 0.01893205995912905
0 0.5140115949842665 0.7071024576822917 0.008109728495279947 0.012342759120611497
0 0.5919039514329698 0.8296588850610049 0.01164192623562283 0.01713335955584491
0 0.38951349258422846 0.7002314579339677 0.011388619740804039 0.020896770336009837
0 0.5430665545993382 0.7211068471272788 0.009873072306315104 0.01439596105504919
0 0.4550952381557889 0.8257201865867333 0.010712093777126737 0.01661107569565008
0 0.4376490248574151 0.4221975538465712 0.012230157852172852 0.022482036072530864
0 0.011765690313445196 0.1908887639457797 0.01514536804623074 0.02491464732605734
0 0.47322495778401696 0.7116431954466266 0.012451065911187064 0.015777917555820795
0 0.36641467942131895 0.8627162509494357 0.008960194057888456 0.015135682659384647
0 0.4215061399671767 0.8279752849060813 0.01124800576104058 0.021595613456066743
0 0.48213768005371094 0.8497394043722271 0.012149810791015625 0.015140768922405479
0 0.4721590942806667 0.7070629214063102 0.013240337371826172 0.01970583126868731
0 0.4856908321380615 0.8300901342321325 0.009808805253770616 0.014049294554157021
0 0.524664560953776 0.8398471879370419 0.011018753051757812 0.014597857439959491
0 0.47326562139723033 0.8215939086160542 0.010906272464328341 0.015623210388937114
0 0.4964401986863878 0.8584328168704185 0.010195732116699219 0.014198020652488425
0 0.38702887508000816 0.7898701253955563 0.011634910020200735 0.023839514316343582
