0 0.19105709261364406 0.09644709987404905 0.026401665475633405 0.04312154393137237
0 0.3966810703277588 0.6383308128074364 0.026591089036729597 0.03176248809437693
0 0.3724614381790161 0.6400889408441237 0.015417284435696073 0.0275772942437066
0 0.4890941778818766 0.3468442375277295 0.021621545155843094 0.027916237160011573
0 0.5088353421952989 0.6447670548050491 0.016693592071533203 0.024775092984423222
0 0.3538202312257555 0.6465644130000362 0.017692062589857314 0.025632457968629438
0 0.5297377639346653 0.6131130501076028 0.020185205671522356 0.029422194869429975
0 0.37300517823961044 0.5640035087679639 0.017726421356201172 0.026904824339313273
0 0.5277592076195611 0.72731755103594 0.012406614091661241 0.01799289091133777
0 0.5640067524380153 0.7068726339457946 0.012629085116916232 0.02145960301528742
0 0.5508596632215712 0.7950455465434509 0.014799329969618056 0.026637136200327937
0 0.419672237502204 0.5596518575409313 0.020655446582370333 0.029448002944757908
0 0.25133177969190806 0.5910511252320844 0.014998594919840492 0.020838513786410107
0 0.46218819088406027 0.744701267760477 0.02278730604383681 0.024113266556351275
0 0.438170870145162 0.6161175951545621 0.01871837510002984 0.02465245753158758
0 0.35139036178588867 0.7606583112551841 0.013488027784559462 0.023066579559702937
0 0.4260775513119168 0.47363071677125534 0.014214939541286893 0.02368856359411169
0 0.5035449133978949 0.7979674869113499 0.013804965549045138 0.019457452091169947
0 0.35009218586815727 0.5731501167203173 0.01717533005608453 0.026878262743537808
0 0.4042264090643989 0.7664878986499929 0.01794380611843533 0.02899655000663098
0 0.35379162099626327 0.6128210373866705 0.020640452702840165 0.03279697747878087
0 0.380962159898546 0.7593325155752676 0.017250537872314453 0.024489084879557296
0 0.35043087270524764 0.7316310552903164 0.015802939732869465 0.024754747932339893
0 0.5458406077490912 0.7533858028458961 0.023631678687201604 0.03222825792100695
0 0.23122505346933997 0.690561365198206 0.01225643687778049 0.020913771641107252
0 0.5682442718082005 0.679783832879714 0.01691028806898329 0.022285791090977045
0 0.34145873122745085 0.4616196008376134 0.015601502524481881 0.022613760865764852
0 0.31539920965830487 0.7185133710319613 0.012646065817938913 0.022664529305917246
0 0.49281273947821724 0.7270757180673105 0.01246907975938585 0.020575017104914158
0 0.3995349009831747 0.5842081705729166 0.011415878931681313 0.020995905369888115
0 0.5479867458343506 0.7207011470088251 0.00950871573554145 0.017690870496961806
0 0.5016607443491617 0.6876620068962191 0.017373667822943792 0.027097819763937114
0 0.43271516429053414 0.6876998948462216 0.023420996136135526 0.02924521175431617
0 0.43457006083594424 0.8675833808051214 0.01337652736239963 0.01984264232494213
0 0.3884135749604967 0.8288073127652392 0.010947677824232314 0.017706788616415895
0 0.5254205862681071 0.7511182007966218 0.014208422766791452 0.025371551513671875
0 0.443444808324178 0.7309041435335888 0.015097247229682077 0.017353764286747685
0 0.3111576901541816 0.5824186066050588 0.014362838533189561 0.019677338776765047
0 0.6546686755286322 0.7742041599603346 0.01464573542277018 0.027235996576003084
0 0.5023502243889701 0.8610970767927759 0.01079474555121528 0.019767855420524692
0 0.21913550959693062 0.6863246964819638 0.015547831853230797 0.020275163061824846
0 0.5644231372409397 0.7320803418571566 0.012019369337293837 0.01798530861183449
0 0.5125324991014268 0.7321289203785084 0.013178083631727431 0.016310185561945408
0 0.509178638458252 0.8297420077853732 0.013511763678656686 0.024944258324893904
0 0.575450685289171 0.7727729656078196 0.012956089443630643 0.019247690836588543
0 0.05606640544202593 0.6090801615773896 0.01645402444733514 0.02692418039580922
0 0.5472110642327204 0.905059767358097 0.016062630547417536 0.022078431682822145
0 0.5500735971662734 0.6907663227599344 0.015136453840467665 0.021811120304060568
0 0.6035709910922581 0.8563197100604023 0.014277140299479164 0.023157849723910107
0 0.42623062928517663 0.8619695592809608 0.00856078995598687 0.01687546718267747
0 0.4637524021996392 0.8288392431942033 0.010408454471164279 0.01436059268904321
0 0.4846576584710015 0.6689625963752652 0.017388873630099826 0.021297030978732638
0 0.5681748920016818 0.6800336484555846 0.01709853278266059 0.022476667239342208
0 0.11388578017552695 0.3020009641294126 0.01938495371076796 0.025780524736569253
0 0.3290703031751845 0.6051256627212336 0.00973600811428494 0.020832014672550154
0 0.5595438480377197 0.8411235573851031 0.012627124786376953 0.015782014823254243
0 0.5014502737257216 0.6885340655291522 0.01675860087076823 0.025656711908034334
0 0.48214218351576066 0.45203041735990546 0.010573599073621962 0.018188382372444058
0 0.36852757136027015 0.16268689544112594 0.018969588809543185 0.026412481143150802
0 0.5496854252285428 0.6906572742226683 0.0156449211968316 0.023278271710431134
0 0.3634539577696059 0.4583546438334901 0.015040318171183266 0.020041147867838546
0 0.2187310854593913 0.6865311375370733 0.013860384623209633 0.01768423009801794
0 0.45171027713351775 0.8408237975320698 0.009599791632758247 0.014444798599054781
0 0.579444858762953 0.8562466656720197 0.011212825775146484 0.014513557339891976
0 0.36603852718971003 0.3900159048906497 0.011958490641778355 0.019326853562470277
0 0.3512534842144203 0.38673033978502985 0.009349365410844968 0.016621094063724442
0 0.35560202626597615 0.8028374969850145 0.014132761667556367 0.018553779419971477
0 0.36897379307451034 0.8126941923018742 0.01348048035982302 0.02280568720371491
0 0.5231196783349101 0.925733207190161 0.029801324503311334 0.05392620624408707
