0 0.5069194369845921 0.7228809874734762 0.030797852410210505 0.03811909239969136
0 0.3481544388665094 0.5792602962917752 0.020527309841579862 0.026602238784601658
0 0.42615395122104216 0.7219735840220511 0.020132965511745878 0.023385177423924576
0 0.4747423909211675 0.5996365224399574 0.01971105314675633 0.023152665600951892
0 0.4738624331914015 0.6863025815137911 0.02076700242247547 0.02628140419567515
0 0.42194492713521276 0.7432456239377541 0.02323088406582002 0.023778413319896573
0 0.39826886849205123 0.8012699541086213 0.015839239135786373 0.019398179287284167
0 0.511190362947664 0.832589780913666 0.010450645139383567 0.019443060724434674
0 0.47015751214273466 0.863919998189045 0.012881027729938026 0.017714788660040313
0 0.4350384837092247 0.8487976176255958 0.009721530362217195 0.014258244531252018
0 0.42385872379267475 0.8673765423178333 0.013124065988993436 0.016850652627843486
0 0.3747649954634774 0.8127199382813671 0.011665836434660761 0.015554448579547823
0 0.37391436155678337 0.8280583528528657 0.011422798175605351 0.016850652627843486
0 0.3888612144886925 0.8239537066999294 0.010207606880328086 0.01641858461174479
