0 0.45253631803724503 0.7686835865915559 0.012626541985405814 0.023487985869984563
0 0.45223726166619194 0.7157977539816021 0.018051624298095703 0.024725266444830248
0 0.39269134733412003 0.7299083191671489 0.013513300153944228 0.02230420524691358
0 0.4396857948705448 0.8815638962931217 0.013312449992615286 0.019363563625622505
0 0.46530217591694095 0.8478569522040758 0.00968178181281104 0.01792922557927966
0 0.47881632969732313 0.8457054451345621 0.0076647439351421555 0.01936356362562222
0 0.4824469978771273 0.8829982343394641 0.011698819690479994 0.01936356362562222
0 0.4918024412703247 0.7307267788747848 0.00976450402260177 0.015133590280043591
0 0.4573763052932031 0.7507565307160191 0.006509669348401204 0.016023801472987317
0 0.44297992115731594 0.7547624810842659 0.006760041246416506 0.0160238014729876
