0 0.4466385708914863 0.718239372159228 0.01797583368089464 0.023298805142626347
0 0.4903340604570177 0.6753024348506221 0.022112793392605253 0.03012913833429784
0 0.22586119174957273 0.09333782431520062 0.018659035364786785 0.036217465812777294
0 0.3467422591315375 0.6753322695508416 0.014398892720540367 0.024894478880328898
0 0.41993253760867644 0.7129766205210744 0.012466245227389865 0.020233342676986885
0 0.41356550322638613 0.6461609263478973 0.020547442966037326 0.028878388581452547
0 0.37514681286282014 0.6532324331778068 0.017963568369547527 0.024217770423418206
0 0.46762659814622665 0.689181669258777 0.015254497528076172 0.025836520724826388
0 0.47139753801593043 0.14804087215383377 0.014482259232440313 0.028320862498994258
0 0.383261936739413 0.8055150477225476 0.00925799919409343 0.020998986677790158
0 0.3787925578181266 0.8353109071977906 0.018196757036666254 0.03064716974596436
0 0.4702516345790489 0.7152247406539571 0.008162067274787717 0.012782920176387052
0 0.4702516345790489 0.7312897619567138 0.008550737145015717 0.01589227913821091
0 0.35652604925416226 0.3768424528344708 0.01642270137000885 0.03284540274001777
