0 0.2534581157896254 0.19704324227792244 0.015850729412502713 0.022383419083960264
0 0.43523230817582875 0.6617418689492308 0.01844355795118544 0.028692504506052277
0 0.5011612044440374 0.7053594942446108 0.01599915822347005 0.0252333747016059
0 0.35120575957828093 0.6074634363621843 0.018314229117499456 0.02409725424684124
0 0.3892346090740628 0.7600434621175132 0.024504582087198898 0.029101195158781828
0 0.48346704906887483 0.7847482186776621 0.016110208299424913 0.02473675763165509
0 0.351000534163581 0.7077922350094642 0.018411662843492296 0.023111555311414934
0 0.4488964875539144 0.760954044483326 0.01916201909383138 0.026323718789183062
0 0.24671598275502526 0.6891051162908107 0.01721607314215766 0.024160738344545716
0 0.47474376360575354 0.5404613636158131 0.020970397525363497 0.028144459665557484
0 0.5664045015970867 0.6669725724208503 0.02598804897732205 0.03405220125928337
0 0.4843742847442627 0.8158908420138888 0.01692554685804579 0.02418574580439815
0 0.35903407467736137 0.7382113609784915 0.019524335861206055 0.034802283769772374
0 0.47079719437493217 0.44555485101393716 0.01846382353040907 0.026078306598427855
0 0.370526843600803 0.6788670810652369 0.012026098039415147 0.01921792677891107
0 0.1333217091030545 0.6794447251308111 0.01278278562757704 0.027393293969425154
0 0.45933429400126136 0.6450436674518351 0.016616026560465496 0.03152866128050251
0 0.4858460691240099 0.7328929901123047 0.015655252668592665 0.02372539190598476
0 0.44281715816921663 0.7384421501630618 0.015251583523220487 0.020675235324435763
0 0.38262410958607984 0.592526141508126 0.014229059219360352 0.02147391990379051
0 0.3528480264875624 0.793490845480083 0.014554500579833984 0.022671358084972993
0 0.40494563844468856 0.989036324583454 0.015271080864800345 0.021927350833092208
0 0.5818319585588243 0.8253457340193384 0.008934603797064887 0.013487827630690586
0 0.5678631994459363 0.8739703614034771 0.010890324910481773 0.013980912573543596
0 0.5413031842973497 0.8460600582169897 0.010156578487820096 0.021297972879292054
0 0.4984636041853163 0.8312936476719233 0.011672496795654297 0.018143830475983797
0 0.5087338553534614 0.8384168648425443 0.010136392381456163 0.014600212191358024
0 0.3061738941404554 0.7509398048306689 0.019572072558932833 0.02964664977273823
0 0.39245655801561147 0.5001736864631559 0.012634966108534072 0.024055575147087192
0 0.3597445600756859 0.4815515610217597 0.012771996215704889 0.02649006622516552
0 0.8621097445600756 0.9285714285714286 0.01809366130558189 0.031220435193945094
