0 0.3933091560999552 0.3170241720882463 0.024115165074666337 0.03330996007095149
0 0.2606748739878337 0.14994308683607313 0.02307637532552083 0.03601960782651548
0 0.44629294342464865 0.5610555013020834 0.01885411474439833 0.026885515377845292
0 0.19311891661749947 0.24995942763340329 0.01644097434149848 0.025966032051745757
0 0.39556112554338246 0.3759748906265071 0.016297790739271376 0.02321700107904128
0 0.42782693439059793 0.6910354943923008 0.014704863230387367 0.02492998853141879
0 0.43888682789272737 0.759664300047321 0.01695055431789822 0.02608438185703607
0 0.40360208352406823 0.6626144220799576 0.015677372614542644 0.022543071228780864
0 0.47415709495544434 0.7475171030303579 0.012954235076904297 0.022759331597222224
0 0.38227739599015975 0.6645447295389058 0.017078479131062824 0.02445395198869117
0 0.3869091404808892 0.7740309915424867 0.012445237901475694 0.024542631926359953
0 0.3953593836890327 0.746521090283806 0.015564388699001737 0.02123627839265046
0 0.41259229183197016 0.7077085235972465 0.016656955083211262 0.028084178029755016
0 0.46509151988559294 0.6957419595600647 0.01032167010837131 0.018505049340518904
0 0.420473747783237 0.6251956091986761 0.013637622197469078 0.021321850058473188
0 0.3655268218782213 0.7716515388017819 0.02028542094760471 0.03206780516071084
0 0.3944134314854939 0.5876793331570095 0.014696624543931749 0.024042718204451193
0 0.45239260461595326 0.759243717900029 0.011267397138807509 0.02009412977430556
0 0.31765845086839467 0.6840448968204451 0.016817887624104817 0.025581501148365163
0 0.4065708849165175 0.7634559678442685 0.015956984625922307 0.025772518581814237
0 0.4555347230699327 0.4119918258101852 0.013380580478244357 0.02255616364655671
0 0.3377249505784776 0.5966196413393373 0.013348208533393014 0.022396040551456404
0 0.5865139961242676 0.6222828994562596 0.017021814982096355 0.02808304774908372
0 0.4714179039001465 0.8266062795380015 0.01772022247314453 0.02104469581886574
0 0.4458892742792765 0.7999699204056351 0.01247445742289225 0.025061289469401046
0 0.4832873874240452 0.6884196481586973 0.016051080491807725 0.027112183747468172
0 0.37280970149570036 0.5564310050305025 0.020467016432020403 0.025637779706790122
0 0.19982906844880843 0.8388629960425107 0.015941050317552354 0.02462080967279128
0 0.43086409568786627 0.7912119641716098 0.014650980631510414 0.023122622642988044
0 0.5178705586327447 0.7363953531524281 0.012596607208251953 0.01527823930905189
0 0.2861299249860976 0.6788210456753955 0.013292895423041452 0.021155463324652776
0 0.45435611406962084 0.7385580274793836 0.01347208023071289 0.018139591923466435
0 0.3061600923538208 0.5878522896472319 0.016798840628729925 0.022911260157455635
0 0.46058946185641825 0.7143111758761935 0.013157526652018227 0.015672989833502123
0 0.485551569196913 0.7365026827211733 0.009671105278862847 0.017912735173731674
0 0.2475212150149875 0.660091988834334 0.015223185221354164 0.02159170456874518
0 0.34168997075822616 0.5020019860915196 0.014140632417466905 0.0218764411078559
0 0.40172362327575684 0.6853997736801335 0.01660389370388455 0.024681703543957368
0 0.5147646533118354 0.8265767509554639 0.010479344262017142 0.0168942110038098
0 0.4950458208719889 0.7420456026807244 0.009002473619249132 0.013651624137972608
0 0.34023145834604906 0.9142501736864631 0.018975390328301325 0.02436762680242091
0 0.4183045228322346 0.741904670809522 0.011805534362792969 0.017189355544102045
0 0.3831904066933526 0.6077633610478155 0.0217485162946913 0.034879990565923995
0 0.4532954163021512 0.8843285360454041 0.011296643151177298 0.019574859995900848
0 0.3688519530826144 0.7210922712161216 0.01161140865749783 0.02219984266493056
0 0.26696369383070206 0.808538884292414 0.013804859585232206 0.021474108283902393
0 0.4900944232940674 0.8640527607482157 0.01203510496351454 0.016808027102623458
0 0.3365961710611979 0.9914317660861546 0.011661953396267362 0.017136467827690974
0 0.24154260423448354 0.8063250412175685 0.015991051991780598 0.02376782452618634
0 0.471617168850369 0.6710732306963132 0.008802307976616753 0.01641285272292149
0 0.4007138941023085 0.6860069698757596 0.014780044555664062 0.022505724871600116
0 0.44592014948527015 0.7990255709047669 0.013402620951334633 0.025033974353178046
0 0.5879771709442139 0.8705855004581404 0.009955353207058378 0.015542866271219136
0 0.5963059777900075 0.4765430937604754 0.011518846101503825 0.02091364965946802
0 0.35009939693613346 0.8897676382532208 0.014949991748760353 0.02004224759032354
0 0.322160068094188 0.8888962361840762 0.010048355109822538 0.026142062074335115
0 0.3453203012131692 0.792824158060895 0.008332782286194274 0.019606546555751267
0 0.3314731777081698 0.48014254009861995 0.009068027782034917 0.028756268281768485
