0 0.43379006120893693 0.7246371846140167 0.013670682907104492 0.022178414427203898
0 0.3982923825581869 0.6379998054033444 0.021815935770670578 0.03310596795729649
0 0.47141030099656844 0.8053849302692178 0.014917426639133029 0.025911778579523533
0 0.45701678593953443 0.6754463337085866 0.0164745118882921 0.024751027425130204
0 0.48361979590521914 0.7005189259847004 0.021918826633029513 0.029538519588517557
0 0.21288921071687184 0.8734411457076192 0.01882693700217235 0.02960817443076678
0 0.0995655322230268 0.8380400675838763 0.019551049963794344 0.03089548636253923
0 0.35876394350552315 0.8364188568154362 0.010585726633071956 0.026057173250638357
0 0.41423751652141505 0.7498633328573178 0.009618655443628726 0.013679865519827814
0 0.4010599585636437 0.7666211681191065 0.010195774770246545 0.017099831899784305
0 0.36979932837185003 0.763885195015141 0.005771193266177192 0.01915181172775874
