0 0.3714442782931858 0.7923494503821854 0.015299108293321397 0.026993928132233797
0 0.40478836165534127 0.727065404256185 0.015176984998914931 0.02074634881667149
0 0.5477084318796794 0.6186301619918259 0.019083923763699003 0.027085480866608797
0 0.48956327968173563 0.569578335608965 0.017920864952935114 0.027260015040268135
0 0.38388458887736 0.5713230415626809 0.020497269100613065 0.02800162044572242
0 0.3917744424608019 0.6308880558720342 0.016647073957655165 0.02994612705560378
0 0.3536121845245362 0.750152682080681 0.01775662104288737 0.02137473777488426
0 0.5211946964263916 0.7504821588963638 0.014269987742106117 0.02617475721571181
0 0.36502716276380753 0.294223255581326 0.016641934712727863 0.027467021235713252
0 0.48465606901380753 0.6373150201491368 0.01659552256266276 0.024032404393325615
0 0.4470674461788601 0.646437680279767 0.013454066382514108 0.02174881358205536
0 0.4451955291959975 0.7535725581793139 0.011430501937866211 0.019938292326750578
0 0.46161344316270614 0.703216458544319 0.013952255249023438 0.02214116226007909
0 0.37222513887617326 0.5038534329261308 0.014966355429755319 0.028641547685788003
0 0.4673212369283041 0.8213787785282842 0.01890267266167535 0.027179011592158565
0 0.4018639591005113 0.3493856971646533 0.0157773494720459 0.027144019986376347
0 0.5286385218302408 0.6909340752495658 0.023389604356553816 0.03155206750940393
0 0.3604949315388998 0.720197300852081 0.019181781344943576 0.028745910267771027
0 0.20141514142354328 0.8372636488926264 0.018051783243815105 0.023502396948543596
0 0.5500777032640245 0.6765165682192201 0.017830318874782987 0.030724843343098954
0 0.42168307304382324 0.7595975663926866 0.017083221011691622 0.021136484028380594
0 0.3210512532128228 0.6029304221824364 0.015621556176079642 0.023335021219135804
0 0.4624455240037706 0.7353665622664086 0.009748352898491753 0.016997867160373263
0 0.3803443643781874 0.7226592169867623 0.01928424835205078 0.04112253071349344
0 0.3886811733245849 0.45577277666256755 0.02149279912312825 0.03271173547815393
0 0.44587335321638316 0.6729818979899087 0.010402705934312608 0.018007678750120562
0 0.3491688172022501 0.6354157718611352 0.017067776785956487 0.02821839885947145
0 0.4756972524854872 0.7073800593246647 0.011187235514322914 0.018890710524570795
0 0.40491456455654573 0.7261574121169102 0.0154365963406033 0.020349808681158373
0 0.4618590672810873 0.7028740541434583 0.014563136630588107 0.022741859341845097
0 0.40256827407413065 0.6895065072142047 0.01822034517923991 0.028220047185450424
0 0.36134820514255095 0.686152305132077 0.010199758741590712 0.015415003270278742
0 0.2126828428483067 0.719028213268977 0.011053741306736775 0.024329927955568847
0 0.2259736508480735 0.5891906169676246 0.01658061196010511 0.03228394286412005
0 0.26134202660927636 0.8549561987264171 0.017896533544240506 0.025265694415398342
0 0.387670498686268 0.8314284995585703 0.012632847207699242 0.02620146087522798
