0 0.388535910182529 0.717002750914774 0.02159391509162055 0.028021211977358216
0 0.41931053002675367 0.6839106995382427 0.019368516074286565 0.025753916045765813
0 0.4213306374020047 0.6362760096420477 0.01509184307522244 0.02657732551480517
0 0.5731579992506238 0.7256456304479529 0.01924928029378255 0.0326464146743586
0 0.5168631606631809 0.6398848309928988 0.014661947886149086 0.02687331776560089
0 0.40171641773647737 0.425885636129497 0.015870518154568143 0.026749740412205826
0 0.3901937007904052 0.6134084065755208 0.017832597096761067 0.024578800907841435
0 0.465069850285848 0.6423910635489005 0.012855370839436851 0.021057223096305942
0 0.3514833715226915 0.4608418499981915 0.01491816838582357 0.030316859115788967
0 0.540746291478475 0.7374794806963132 0.009693304697672525 0.016193389892578125
0 0.5813337432013618 0.6273543746383102 0.024321026272243924 0.03533558786651234
0 0.45223940743340385 0.7270005544026692 0.014134301079644095 0.015695501256872108
0 0.3510489728715685 0.6229238627869406 0.015411112043592665 0.02322962254653742
0 0.48502776357862687 0.7312082596767095 0.010131782955593534 0.01735484747239101
0 0.46806788444519043 0.7284851545169029 0.012337207794189453 0.017544404959972993
0 0.210373858610789 0.7506335929588035 0.01775438255733914 0.0291701422797309
0 0.24314979712168378 0.7311103020185307 0.023037460115220808 0.03524869753990644
0 0.34129119396879204 0.5246665626978313 0.01747536109737034 0.02457563219000001
0 0.3641134939093877 0.6463854957143411 0.01617122967219345 0.025039323363396305
0 0.35563663964573794 0.6556593191822657 0.012258835396662775 0.02411194101660371
0 0.4028461972371412 0.829543509205851 0.018518666237511923 0.01947502928264157
0 0.42006073204947625 0.8432223988210399 0.01173718282659202 0.017156573415660573
0 0.3886311647027132 0.8701164868780209 0.0182578399524764 0.020866102802830255
0 0.35446292136307866 0.8332530385930207 0.01460627196198118 0.02411194101660371
0 0.47952912503754247 0.8404402517806624 0.014867098247016557 0.014374426375283064
0 0.5297381849068528 0.7242856128449074 0.008346441121132173 0.016692882242264347
0 0.3321622739925539 0.7609172155432095 0.00860726740616748 0.025039323363396163
0 0.31546939175028976 0.682785252825945 0.01017222511637982 0.02364824984320762
0 0.3419432596813806 0.7196487011109451 0.01669288224226413 0.027821470403773675
