0 0.29576312171088326 0.2916458977593316 0.039410538143581815 0.04069858127170138
0 0.4077718257904053 0.551337018425082 0.020170953538682722 0.033304567690248844
0 0.4022536410225762 0.6526341614899812 0.017309003406100802 0.026200800766179592
0 0.39385314782460523 0.6095232786955657 0.021749258041381836 0.03446588398497782
0 0.2413532733917236 0.6131214565700955 0.020315329233805343 0.03147784574532214
0 0.2949497964647081 0.6842431197931736 0.01859071519639757 0.025980396035276812
0 0.4105032285054524 0.7316822946807484 0.014548301696777344 0.025933630672501932
0 0.35563863648308647 0.7869204062002676 0.01843441857231988 0.0314382388267988
0 0.365173856417338 0.7574354807535808 0.015049484041002061 0.02336238343038677
0 0.5068957010904949 0.3567875638420199 0.01777097913953993 0.02826113759735484
0 0.4354533751805624 0.9695762822657455 0.019022597206963435 0.025846410680700233
0 0.4100175698598225 0.6839843797095029 0.013302326202392578 0.02300766367971161
0 0.33757683965894913 0.195241086276961 0.021146244472927518 0.026382010660053773
0 0.45375559065077037 0.6086784645363136 0.017261293199327257 0.026414565098138502
0 0.7708066834343803 0.7752550619619863 0.0394446055094401 0.06117611166871624
0 0.20666009187698367 0.7055281415397738 0.01763649781545003 0.025949124936704284
0 0.5207657019297282 0.7296586448763622 0.010500219133165147 0.020816708788459683
0 0.37354101075066454 0.6323155297173394 0.02001010047064887 0.030556619903187688
0 0.5861581166585286 0.7863113968460648 0.010733180575900607 0.02117976435908565
0 0.2805039882659912 0.6396585158359858 0.014540142483181424 0.020305021309558257
0 0.4485292302237617 0.7159892659128446 0.016997257868448894 0.026083251576364777
0 0.3802348242865668 0.6867055539731627 0.014955838521321617 0.02219315517095872
0 0.38885421223110617 0.7402866504810475 0.012883663177490234 0.02398681640625
0 0.4270334508683946 0.6130686865912544 0.014983071221245658 0.01890615769374518
0 0.4873253239525689 0.7368091065206644 0.02020650439792209 0.027470812385464893
0 0.45462587144639754 0.9200327837908708 0.0198009279039171 0.023260516884886187
0 0.39179168807135684 0.762701623233748 0.02045827441745334 0.025219199098186727
0 0.4548517333136664 0.940903228006245 0.018170674641927082 0.024401158462336033
0 0.3372613059149848 0.19489223574414666 0.02230612436930339 0.02795596181610484
0 0.4456716643439399 0.24439321918252074 0.018033663431803387 0.02577383724259742
0 0.42588773038652206 0.6288742489284939 0.01328672303093804 0.01907466370382427
0 0.39892374144660103 0.7277256059057919 0.011788474188910592 0.021023032105999227
0 0.39605302280849886 0.4229850769042968 0.011031521691216361 0.022048102484809026
0 0.19497479995091754 0.8415126565061969 0.014910499254862465 0.021637810601128474
0 0.46027149094475633 0.5773701137966579 0.02658520804511176 0.029329370569299767
0 0.3605527347988552 0.4083319769965278 0.013054211934407554 0.026025089216820986
0 0.38078623347812235 0.776288444613233 0.012958897484673392 0.01767043125482253
0 0.3795454237196181 0.8413875721119068 0.011432806650797524 0.022410545820071372
0 0.43110152085622144 0.722712293083285 0.01602302657233344 0.021447358308015047
0 0.44960735903845894 0.46683127791793255 0.01774663395351834 0.023231082492404513
0 0.4426471657223171 0.4521023785626446 0.012007554372151695 0.016231301390094523
0 0.4450538025961982 0.7519931793212891 0.010079569286770292 0.019241474292896413
0 0.43666834301418733 0.16231776461189176 0.013010078006320529 0.028915887997474198
0 0.45730344454447425 0.49322019977334103 0.012559943728976779 0.020036579650125386
0 0.4599896272023519 0.578012631263262 0.02606598536173503 0.02940990306712963
0 0.4307575093375312 0.7231363602626472 0.0165202087826199 0.022409745204595873
0 0.5479344262017144 0.7222165472713518 0.013672192891438804 0.023055229657961997
0 0.4811617798275417 0.6854320102267795 0.010677814483642578 0.015568391776379243
0 0.5878368748558892 0.8703501666033711 0.010774453481038414 0.015976423098717208
0 0.5479210482703315 0.7225505452097198 0.013217873043484159 0.02142338693877797
0 0.5315255324045818 0.7301559448242188 0.012191719479031034 0.02163215919777199
0 0.13462224115771967 0.41078895131503584 0.010641532790819247 0.020703023962013064
0 0.32125382010020315 0.5821833117593682 0.018070527380636393 0.02998368987601893
0 0.3177401064428572 0.6268018978843963 0.02469638742020315 0.03712266365602339
0 0.33139339379711585 0.7553116736903454 0.013854070991821246 0.030340638565019163
0 0.3204506855499526 0.7305037398048296 0.0160626910050102 0.019989126584012668
0 0.2642312670324171 0.8018934776048746 0.015259556454759675 0.023558613474015003
0 0.2829041453257414 0.803678221049876 0.012047018253757641 0.020703023962013133
0 0.5038665384634124 0.9475202949510992 0.04276691480083961 0.0710327891110451
