0 0.3508420652813382 0.591515835420585 0.017613914277818467 0.025330861409505204
0 0.45994488398234057 0.6340481322488667 0.015079710218641493 0.023326826684268904
0 0.43799100981818306 0.749158223470052 0.018165747324625652 0.0260702062536169
0 0.37658675511678064 0.722550168449496 0.016924593183729384 0.020948103916497877
0 0.3971860541237725 0.7371547369309414 0.0103813542260064 0.01974204734519676
0 0.45684610472785103 0.7668420061653043 0.014860735999213327 0.024642614670741705
0 0.43424212932586675 0.6964801270284771 0.012300888697306313 0.024281254521122685
0 0.3648639520009359 0.7521482397008825 0.010668966505262587 0.019321206175250773
0 0.4743719100952148 0.75936100806719 0.014363606770833336 0.02276973959840374
0 0.561033805211385 0.5263356809262877 0.026149378882514104 0.03823748930000964
0 0.4937868383195665 0.7752376838966653 0.015720738304985896 0.025620778401692704
0 0.2252916561232673 0.8681232782057774 0.018075399928622775 0.027251255365065584
0 0.5530456966824001 0.7233493004316165 0.013157420688205294 0.0176239013671875
0 0.34512783421410453 0.7037232245927976 0.013300180435180664 0.025764041476779513
0 0.5252957079145644 0.752141151899173 0.009946982065836588 0.017167880211347415
0 0.2885875436994764 0.6098259348928193 0.014498869578043617 0.021386040581597224
0 0.35543339782290984 0.7947463518307533 0.011048661337958444 0.020991855197482638
0 0.39457550313737655 0.8424381209008487 0.012432707680596244 0.019121900016878857
0 0.5977405971950955 0.83746662846318 0.010645866394042969 0.013891808780623072
0 0.43656163745456267 0.7204706874894508 0.009428554111056857 0.01686185671959394
0 0.4835550255245632 0.695734824663327 0.010296662648518883 0.020247329900294174
0 0.5031471517350938 0.7349077154088903 0.011370288001166452 0.013922561833887924
0 0.40343463420867925 0.7565731472439237 0.012841145197550453 0.01567558006004051
0 0.5817735724978977 0.8253771934980227 0.008320755428738065 0.01352343147183642
0 0.3746201594670613 0.829922334647473 0.011216402053833008 0.022774213626060958
0 0.5090220239427354 0.20238365950407805 0.020312839084201388 0.02780607011583116
0 0.44471943378448486 0.6906620543680073 0.012935929828219943 0.025793381679205248
0 0.5256502363416884 0.5580792839144483 0.011565208435058594 0.023271442931375386
0 0.5111948913998074 0.8377206590440538 0.007902834150526259 0.013035244411892362
0 0.46095924907260466 0.7368554951232157 0.008708053165011935 0.013454578540943287
0 0.2996481921937731 0.6812985738118489 0.01598260137769911 0.02036567970558449
0 0.416472421752082 0.7311713371747806 0.011537260479397245 0.016385631796754438
0 0.4521543184916178 0.6872159698863087 0.01074632008870443 0.022708468967013888
0 0.45032832357618546 0.6887911572868443 0.013224760691324867 0.024245085539641203
0 0.5291038089328343 0.8392087677378712 0.009944385952419706 0.01973498309100116
0 0.3515324062771267 0.5014470182819131 0.012530326843261719 0.024761199951171875
0 0.23803081777360702 0.8854512344171971 0.012090656492445204 0.021927256643036266
0 0.49851838747660326 0.8368159164617092 0.01191568374633789 0.016314094449266976
0 0.38628645737965905 0.5218742982840832 0.01756972736782498 0.02908150943709008
0 0.33545692555159656 0.4785125259464202 0.008814503853055272 0.024550025546287272
0 0.3378893143671199 0.6453304820015081 0.011165038213870063 0.022983002639077484
0 0.4320575971972607 0.8905695669798468 0.011458855008971867 0.024550025546287345
