0 0.17622970872455174 0.6380381643036265 0.017257094383239746 0.02755906846788194
0 0.35699025789896643 0.6299892708107278 0.015556441413031686 0.02615069165641879
0 0.41728093889024526 0.7211834471902729 0.01811287138197157 0.018716694396219136
0 0.392163077990214 0.7539778579900295 0.014825635486178927 0.018890051194179205
0 0.38559015206372194 0.512350148845442 0.022447501810282447 0.03089548636253923
0 0.40441708906589424 0.8213050124708343 0.025343953656770495 0.03347011022608413
0 0.6114906853110716 0.8550234623755641 0.013373680899665957 0.022860992990881925
0 0.6102047544553347 0.8806277745253519 0.012859308557371137 0.01371659579452924
0 0.3865521820457872 0.8169196465529702 0.010501183399838751 0.01416251554307749
0 0.39089749931468587 0.8343009156285652 0.009052744310205797 0.01416251554307749
0 0.4477487335827783 0.8462103036988805 0.006880085675756434 0.01866877048860232
