0 0.3625775045818752 0.6510848528073158 0.01958489418029785 0.026002766173562886
0 0.44164967536926264 0.7313786494879075 0.014893372853597008 0.020701608540099344
0 0.5494429005516901 0.6714825571319204 0.022574795616997614 0.03119263825593171
0 0.1888480583826701 0.7002319053367333 0.018991417355007596 0.028450200587143135
0 0.2979806794060601 0.6370146480607397 0.023860931396484375 0.0320990291642554
0 0.4616206487019856 0.729212607866452 0.01812532212999132 0.025069107244044174
0 0.21627428796556264 0.6795493231879339 0.016480763753255207 0.023067992410542054
0 0.4303079843521118 0.9434562965675636 0.016804880566067167 0.02842524022231867
0 0.5287614663441975 0.5907312322545935 0.01610263188680013 0.024362022494092403
0 0.3989931477440728 0.46060971860532407 0.01954295900132921 0.03200389720775463
0 0.47146362728542757 0.774001415864921 0.011675410800509982 0.01726880485628858
0 0.39963038762410485 0.6909784858609423 0.01405064264933268 0.020470984188126932
0 0.44944857226477725 0.6981340573157793 0.010330968432956271 0.015714857313368056
0 0.5569856696658665 0.815402513668861 0.016346666547987197 0.026529476966386956
0 0.4841545952690972 0.804465776608314 0.015075895521375868 0.027667575412326388
0 0.48175650172763396 0.7345490396758656 0.010922061072455514 0.015708311104480132
0 0.43663489818573004 0.7615129447277681 0.013860146204630532 0.016855122130594136
0 0.6139531930287679 0.8357481779875578 0.008517000410291884 0.01297562210648148
0 0.5351450973086886 0.7534134240798008 0.009380181630452475 0.014274926833164545
0 0.49870970514085555 0.730974762528031 0.013391653696695961 0.019507090250651043
0 0.47778707080417215 0.6922278934054904 0.010746849907769095 0.01528511518313561
0 0.3464998139275444 0.48737945085690343 0.012946711646185983 0.021772643666208527
0 0.5305815272861057 0.7148953896981698 0.008526272243923612 0.017023486855589312
0 0.460578997929891 0.6831451934060933 0.009684933556450738 0.015744009135681906
0 0.4328887992435031 0.7050903461597585 0.009240680270724826 0.014538282229576583
0 0.3631343709097969 0.6838901896535614 0.009141577614678277 0.019866331124011382
0 0.511897881825765 0.7061051733699847 0.01708168453640408 0.026243798526716818
0 0.5305045710669624 0.7147289323218076 0.010043197207980685 0.018217958050009645
0 0.4748098850250244 0.746047008184739 0.00977468490600586 0.013840051344883295
0 0.47454820738898384 0.7458447114920911 0.009443018171522353 0.013487168300298997
0 0.5411988629235162 0.7266257957175926 0.007554743025037978 0.011554294162326388
0 0.5501741833157009 0.7300910243281612 0.010092311435275607 0.014885184205608604
0 0.47688208685980904 0.7082020323953512 0.008108350965711806 0.013518345208815586
0 0.5288233227199978 0.7910501456555025 0.018477545844184026 0.026872517150125386
0 0.26433058579762775 0.8817473046573592 0.013619237475925021 0.025319794077932098
0 0.6350954373677572 0.4693920700638383 0.011276139153374564 0.02152426448869117
0 0.467650228076511 0.6960249535831404 0.008992354075113932 0.014002199526186343
0 0.39967856142256 0.6908916190818505 0.013627608617146812 0.01952705854251061
0 0.3795410262213813 0.8685637109073592 0.01154417461819119 0.015850490993923612
0 0.5260449780358208 0.745676087744442 0.008700635698106553 0.014538470609688466
0 0.5242856873406304 0.7594697269392603 0.009100490146213107 0.014520621594087577
0 0.45158660411834717 0.8548274099090953 0.015902015897962783 0.019081963433159724
0 0.4905195236206054 0.7260762673837167 0.010832150777180992 0.014712628023124034
0 0.538242154651218 0.7400112152099609 0.008908218807644315 0.012810742413556134
0 0.523786226908366 0.8686237570680219 0.00942389170328776 0.01950628963517554
0 0.5262801117367215 0.7455995112289616 0.009121417999267578 0.014092009744526427
0 0.5182911290062798 0.8253171002423322 0.012501239776611328 0.017323246708622685
0 0.2856506563899391 0.8433544899995163 0.010307489495557825 0.023559975989846434
0 0.35682141719259985 0.790780839874026 0.02012414615799365 0.03184959717145901
0 0.400014706507318 0.7881630647640431 0.01276165366116679 0.023123680138182577
0 0.398124448483445 0.7673824387987693 0.009381210945795004 0.012753541677943616
0 0.5524567534181796 0.7556473444181567 0.012002431651237657 0.012263020844176537
0 0.5072062065031683 0.8191697923909911 0.012002431651237728 0.011281979176642523
0 0.42581040564994665 0.698624297492736 0.011174677744255845 0.010055677092224755
