0 0.5096083482106527 0.692431273283782 0.020322958628336593 0.026466840579185958
0 0.550947109858195 0.7288652820351684 0.019907792409261067 0.02558847121250482
0 0.4868770440419514 0.7869817710217133 0.017408953772650823 0.030304284743320795
0 0.3813836309644911 0.3116777561329029 0.019034544626871746 0.027417430171260127
0 0.39781857861412895 0.682079197447977 0.018570449617173936 0.026277188901548034
0 0.5393764707777235 0.8072249801070602 0.011957380506727431 0.02160418475115741
0 0.4382976426018609 0.6044408303719979 0.014484617445203993 0.024244002353997877
0 0.3465219338734945 0.7169829003604842 0.01293092303805881 0.02324083116319444
0 0.5578756067487929 0.7858570475637177 0.011481232113308378 0.019927743040485148
0 0.5300441318088108 0.7609677962314936 0.010480562845865883 0.014827822461540317
0 0.4390288723839654 0.7882713270776065 0.012325763702392578 0.024618596206476658
0 0.18937536742952132 0.8287843303915895 0.014217787318759494 0.020882688922646605
0 0.4629181226094564 0.7250474764976973 0.0107826656765408 0.01913033002688561
0 0.3912045823203193 0.8257650681483893 0.011140214072333444 0.01976917408130787
0 0.5018609099917941 0.7236309522463951 0.008522828420003256 0.015451454821928048
0 0.4511615435282389 0.723261774322133 0.014076974656846788 0.016304816728756753
0 0.5193037192026774 0.740428806822977 0.009070661332872178 0.011838983606409144
0 0.42787335978613955 0.7256469255612221 0.008911424212985568 0.0170871122383777
0 0.4855733977423774 0.8282312463831019 0.008885171678331163 0.014736599392361112
0 0.5990046130286323 0.8360031504689911 0.008998288048638238 0.013111632547260802
0 0.455390559302436 0.8234338171688127 0.010607719421386719 0.017245539912471065
0 0.5037173165215386 0.836151217236931 0.013806237114800345 0.017272384078414353
0 0.5546595255533854 0.7611164752347971 0.009751637776692709 0.015147315131293405
0 0.5110259321000841 0.7267456525637779 0.009176201290554471 0.014438582055362654
0 0.44107206662495924 0.8575672573513455 0.013049708472357858 0.0168887479805652
0 0.5911083486345079 0.8288006252712674 0.011083867814805772 0.014587590723861883
0 0.4733916653527154 0.8424647766866801 0.010670397016737197 0.017607135537229937
0 0.44200387265947133 0.7565738772168571 0.008482429716322158 0.01426004480432581
0 0.6040565172831218 0.8512967427571614 0.011915100945366752 0.015843803499951774
0 0.5006574789683024 0.8574099128628955 0.00972445805867513 0.015380105854552469
0 0.5752119223276775 0.8257581922743055 0.00823301739162869 0.01392279730902778
0 0.4424270259009468 0.7562727751555265 0.008994473351372613 0.014670289592978397
0 0.4134836726718478 0.8152247299382717 0.007792896694607204 0.012839800045814042
0 0.5740281475914849 0.8536370830771363 0.012350877126057945 0.013970740047501928
0 0.5991965664757622 0.8354097060215325 0.0096128781636556 0.01386939154730903
0 0.534188085132175 0.8310738551763841 0.013414647844102647 0.015823646827980323
0 0.5895514223310682 0.8497257939091435 0.010658846961127389 0.014230045271508486
0 0.320364238410596 0.22894985808893098 0.021286660359508075 0.0283822138126774
0 0.25065861016609914 0.7183317987209348 0.017432644843826138 0.0264338144037103
0 0.3469865411193925 0.769159879388289 0.012049033936173998 0.022332015616927662
0 0.3705718841433926 0.8552976539107243 0.013587208481217488 0.021420504775420426
0 0.33775749384913156 0.6307655023230168 0.010510859391130438 0.021876260196174044
0 0.3401929368787837 0.6934318726766401 0.012305396360347842 0.020508993933913332
0 0.4295352417033928 0.7777466255160606 0.015638107874608807 0.022332015616927662
