0 0.27326932485322897 0.22162426614481412 0.02586839530332682 0.045988258317025445
0 0.3710392768275008 0.6397835068626528 0.01590023365598718 0.020522676012598353
0 0.37365301386684124 0.6628231148390605 0.02199895341444801 0.026330980544465775
0 0.4282147745630712 0.6922518578005225 0.01698929075571229 0.027105421148714726
0 0.45075825652738183 0.6934135187068958 0.015464610816097063 0.026330980544465917
0 0.47221268139196726 0.7073534495833778 0.014375553716371954 0.026330980544465775
0 0.5650003462885501 0.7114192627556849 0.018296159275382563 0.01974823540834933
0 0.5074981314230621 0.7342652605810304 0.013504308036591866 0.01974823540834933
0 0.48005389250998837 0.7437521579830805 0.019167404955162653 0.027105421148714868
0 0.441283459759773 0.7199381094024239 0.019603027795052696 0.024394879033843325
0 0.42843258598301626 0.7141298048705564 0.007841211118021078 0.01510159178285548
0 0.4137303151367267 0.7278761255959761 0.012850873776756658 0.016263252689228836
0 0.39499853302145416 0.7338780402789058 0.011544005257086525 0.01510159178285548
0 0.3832367163444226 0.7474307508532633 0.00805902253796603 0.016650472991353523
