0 0.35814832316504586 0.6089864660192419 0.020386563407050237 0.03151316701630016
0 0.38417467806074357 0.6511940661771799 0.016693830490112305 0.02528447280695409
0 0.44286535845862496 0.6145351786672333 0.016582515504625108 0.025123925856602045
0 0.42002830240461564 0.6419253172697844 0.013820992575751413 0.024293828893590858
0 0.385931650797526 0.6804378886281707 0.015669292873806424 0.019893175289954667
0 0.2742842435836792 0.6962299817874107 0.016970237096150715 0.026656492256823882
0 0.3832606077194214 0.6048393249511719 0.014451265335083008 0.025684121214313273
0 0.39811951584286165 0.647806355982651 0.011597924762301974 0.02008456948362751
0 0.4669438203175863 0.6596282676414207 0.014782746632893883 0.022448598602671687
0 0.44325827227698433 0.7195070996696568 0.01412298944261339 0.024039091887297453
0 0.4569641749064127 0.7513442098358531 0.011318842569986977 0.020751717649860148
0 0.5315869649251302 0.9161820588288484 0.011986732482910156 0.024058589228877315
0 0.5409930811987983 0.5880265883457514 0.015075524648030601 0.023815202124324846
0 0.47878856129116476 0.6831446518132717 0.01247178183661567 0.017676741988570603
0 0.4064678748448689 0.7149673509009091 0.015239742067125108 0.02112320323049286
0 0.5509421295589871 0.7268166483184438 0.01116270489162869 0.014586601728274499
0 0.4743461608886719 0.72728865823628 0.009261661105685763 0.01527753288363233
0 0.40902370876736116 0.6455457475450304 0.010652489132351346 0.020800225528669943
0 0.5335787137349447 0.7284569681426625 0.009197870890299479 0.014983518624011382
0 0.4374542501237657 0.7597499188081717 0.011051919725206163 0.02275561109001254
0 0.4771031273735894 0.6547728879952136 0.013044887118869357 0.020959500913266784
0 0.4823786152733696 0.7068687015109593 0.009835826026068794 0.0139582598650897
0 0.5029645760854086 0.724591737912025 0.010611481136745878 0.01580598619249132
0 0.5173094272613525 0.7212563031985436 0.009444713592529297 0.014087912477092979
0 0.48620494206746423 0.7339483661416136 0.011520067850748696 0.014120408046392747
0 0.4088577959272597 0.6447595431480879 0.010590076446533203 0.020934257978274497
0 0.4857018258836534 0.7324080761568047 0.012407302856445312 0.01570816981939622
0 0.5818197462293837 0.8246939388322241 0.008656289842393663 0.01463996039496528
0 0.4629472626580132 0.7046581315405573 0.009525087144639757 0.0169552461600598
0 0.5067905055152045 0.7244845967233915 0.010942406124538846 0.016493667790919174
0 0.5984126196967231 0.8374145884572726 0.01127974192301432 0.017354706187307098
0 0.47639857398139107 0.656738139964916 0.013029840257432725 0.01995435173128858
0 0.5691303147210015 0.8555513075840326 0.01387257046169705 0.022879235538435568
0 0.43710129790835917 0.7593444306173441 0.012408653895060219 0.02473501511562018
0 0.47772441969977486 0.8531163062578366 0.01489612791273329 0.024061509120611498
0 0.5459715260399712 0.8589742213119694 0.013762633005777992 0.020733303493923612
0 0.35843328634897864 0.882356196273992 0.012371089723375108 0.022858890486352236
0 0.3939312655700388 0.8303740958950143 0.008242539354204367 0.02589903838426963
0 0.3784046216702586 0.8284998233803631 0.014759896052877437 0.023513600638350028
