0 0.4561636712816026 0.5941311871563947 0.022267447577582464 0.03161263171537423
0 0.5031496948666042 0.6597544116738402 0.017817232343885634 0.025654969391999422
0 0.18731210629145306 0.2493835731788918 0.024519642194112137 0.03418821170006269
0 0.16148995028601754 0.10468137117079747 0.021038611729939774 0.03200709378277814
0 0.4045655859841241 0.678635467717677 0.019651333491007488 0.02499111787772473
0 0.38201966550615096 0.6578156742048853 0.013945235146416556 0.023350656768422063
0 0.3615572055180868 0.708700038768627 0.012550009621514212 0.020082685682508684
0 0.5097773604922824 0.689637784604673 0.014455636342366539 0.02269396369839892
0 0.4391850630442301 0.9251220608934944 0.015756766001383465 0.02729034423828125
0 0.5024313396877712 0.7357308187602478 0.021962271796332464 0.029963269645785107
0 0.47109789318508566 0.7492149965262708 0.012461768256293405 0.019992922559196567
0 0.3768296639124552 0.7143187346281831 0.013717359966701932 0.02237428264853395
0 0.533471663792928 0.7499669392903645 0.01601870854695638 0.020757981288580248
0 0.4270160728030735 0.7258118288016614 0.011909643809000649 0.02001072447976948
0 0.21525609493255615 0.6372614260073062 0.012888881895277236 0.019634670681423612
0 0.23009235329098174 0.6735296602602358 0.014092895719740126 0.02106197969413098
0 0.35814764764573837 0.7704942491319444 0.013147989908854164 0.018544609164014274
0 0.5512270927429199 0.727110238722813 0.014235072665744357 0.017414187207634067
0 0.3422984679539999 0.5952202125831887 0.015133460362752281 0.02316773967978395
0 0.42356786462995744 0.7967959509955513 0.011912690268622506 0.02360464025426794
0 0.3929194476869371 0.7047275496117862 0.012369659211900499 0.023651311426986885
0 0.20645444260703194 0.6872703646436149 0.013947897487216525 0.02703169834466628
0 0.4527111583285862 0.6320452278043017 0.015397919548882377 0.02491986310040509
0 0.35719442367553716 0.7459644506007065 0.012575785319010414 0.021568628005039545
0 0.4188237720065646 0.9061901422194494 0.015948242611355253 0.02824750358675733
0 0.017178896814584732 0.6581565715648509 0.014683663017219968 0.024017663649570795
0 0.42860990100436736 0.7606238141471957 0.012512260013156466 0.0155909502947772
0 0.36577451229095465 0.7893119152681326 0.012137068642510306 0.021321049442997685
0 0.22869894239637584 0.7030725125913267 0.00933890872531467 0.020620039951654127
0 0.2061614592870077 0.6574973824583453 0.011972904205322266 0.018227895100911457
0 0.4924474027421739 0.7654907556227696 0.011329174041748047 0.01633335631570698
0 0.34451209174262154 0.7269666459825304 0.01527754465738932 0.02259624151535976
0 0.5683388445112441 0.8737320134669174 0.0084279908074273 0.014597386489679781
0 0.5818048583136665 0.8262712455090181 0.008910708957248263 0.013354266131365741
0 0.4858335653940836 0.7062595744191864 0.009505536821153428 0.013836095362533758
0 0.4822652869754367 0.8295099234875337 0.023532602522108294 0.04381448251229745
0 0.5079992347293429 0.8383972262158806 0.010661602020263672 0.015707416298948687
0 0.519372198316786 0.8258833708586516 0.01281505160861545 0.015854446976273147
0 0.5404464933607314 0.8450499640570748 0.01110161675347222 0.020999390401957946
0 0.5596792962816026 0.8248805764280719 0.010178036159939237 0.015759785970052082
0 0.5230197376675075 0.7103337652889299 0.008114920722113715 0.012911714153525272
0 0.3706056541866726 0.7545754467999494 0.012615203857421875 0.01954947577582465
0 0.32591301865047884 0.6826920214994455 0.011140267054239907 0.024568722571855706
0 0.3401376671261257 0.8806266784667969 0.010868072509765625 0.020396385663821372
0 0.46689894464280873 0.7041236971631463 0.01122638914320204 0.01497791431568287
0 0.36695988972981763 0.7323211622826846 0.009327994452582465 0.01755735609266493
0 0.246034926838345 0.842988708872854 0.013012170791625977 0.024554688253520446
0 0.4097367525100708 0.7561875802499276 0.011871629291110568 0.017039828830295138
0 0.5140976376003689 0.7271989422079957 0.010125690036349826 0.014118618435329862
0 0.36015799310472274 0.8807297694830245 0.012602117326524522 0.01754270953896605
0 0.3547298908233642 0.8277676429277585 0.010485278235541452 0.022171208887924385
0 0.45377699534098315 0.7391237329553675 0.0145466062757704 0.016763475206163194
0 0.206745445728302 0.6873462818287037 0.014221045706007216 0.02631312240788966
0 0.5580978393554688 0.7547868092854819 0.010329140557183158 0.01538015294958044
0 0.354156811731315 0.2114474929044466 0.01756149479659413 0.029328287606433287
