0 0.40062077840169263 0.6049986003357687 0.024556901719835066 0.030557514708719136
0 0.39860763814714223 0.6846653031714169 0.020486805174085833 0.025636272665895063
0 0.3859363264507718 0.29694559544692806 0.020020511415269636 0.028928356406129438
0 0.42363443639543324 0.31593359252552927 0.019286606046888564 0.02608007266197675
0 0.187520424524943 0.14906515898527922 0.035223298602634005 0.04307064009301456
0 0.4139853053622775 0.6593790878484279 0.01772695117526584 0.024607999825183257
0 0.5681562688615587 0.6934609354278187 0.019576761457655165 0.030508677164713546
0 0.16168686416414046 0.26362341421621815 0.022456102901034884 0.03198590690706983
0 0.12109137905968562 0.12035337495215145 0.013811826705932617 0.020595821333520205
0 0.22279495663113064 0.09550464300461757 0.019961939917670354 0.025579758632330248
0 0.5006146960788302 0.5925600263807509 0.017997847663031682 0.024303907229576583
0 0.37526182333628333 0.5692177996223355 0.02812711397806804 0.03043718691225405
0 0.47612367735968697 0.6263998055163725 0.018117533789740667 0.025095433364679783
0 0.40310770935482454 0.7121051505759911 0.017458730273776583 0.025960898693696954
0 0.4666220876905653 0.939425951168861 0.02074962192111545 0.025110409583574456
0 0.3187179300520155 0.2483823917530201 0.03746859232584635 0.0409876741008994
0 0.4324929979112413 0.61930458633988 0.012517346276177298 0.023425961718147183
0 0.4511937300364176 0.617752922905816 0.013280709584554039 0.022647057050540122
0 0.4474827316072252 0.5476602624963831 0.018642663955688477 0.02267390121648341
0 0.5222916073269314 0.6177487785433545 0.013939009772406686 0.020249731746720682
0 0.39046774970160586 0.7482688103193118 0.013404687245686851 0.025242511137032214
0 0.3821451001697117 0.7076734848964361 0.011989143159654405 0.022191271369839893
0 0.46926111645168733 0.7086958002161096 0.011518372429741752 0.020400106171031062
0 0.431764112578498 0.5811274728657287 0.01683110660976834 0.020025794888720097
0 0.5305774211883545 0.45799439041702833 0.013890743255615234 0.028145118995949073
0 0.4011101457807753 0.4184720781114366 0.01509984334309896 0.02305899726019965
0 0.37927122910817457 0.659011040204837 0.021210538016425237 0.028643949532214507
0 0.5706936518351237 0.9444380866156683 0.017231199476453993 0.028166876898871526
0 0.4636671543121338 0.7414656980538074 0.018806934356689453 0.0253249274359809
0 0.44152816136678064 0.948802900903019 0.022820684644911028 0.04161636917679398
0 0.4551939699384901 0.45422763588987747 0.012040403154161241 0.026122010784384645
0 0.6209530035654705 0.5331891613242067 0.021374119652642146 0.03311001812970197
0 0.5110807683732775 0.6384634559537158 0.013151539696587455 0.022120770112967786
0 0.5216069751315646 0.5867049841233242 0.01682101355658637 0.022327894045982833
0 0.363035241762797 0.6350684460298515 0.020738416247897677 0.02462288185402199
0 0.5115379757351346 0.6995970879072024 0.013054105970594618 0.024413261884524497
0 0.36516012085808647 0.6080752243230373 0.017105950249565974 0.022792109736689815
0 0.3853548367818197 0.1973342189082393 0.013158851199679904 0.02355674461082176
0 0.3569347725974189 0.7534834543863933 0.016713062922159832 0.020884714008849344
0 0.44591785801781547 0.7332882822295765 0.014671564102172852 0.027396308051215276
0 0.1458927657869127 0.7049445635006752 0.015878491931491427 0.02404248272931134
0 0.3658055199517144 0.2860193370301046 0.019325521257188585 0.020842563958815584
0 0.4661393430497911 0.5372815544222608 0.015393310123019747 0.022864165129484953
0 0.37731501791212296 0.4280850916732976 0.011675092909071181 0.025250281816647378
0 0.29933550622728133 0.09023525685439875 0.016262584262424044 0.026951012787995516
0 0.3920954068501791 0.17786841922336155 0.014742533365885414 0.02094991707507475
0 0.5399679872724745 0.46171120066701626 0.012235694461398654 0.029752236825448496
0 0.45477422078450525 0.8190076380600163 0.014382998148600258 0.019221458906008872
0 0.4383430083592732 0.8133099873860676 0.017808781729804143 0.026095449188609187
0 0.48282880253261995 0.737200301370503 0.014569653405083548 0.02276408819504726
0 0.3492117722829182 0.4768680289939598 0.017752435472276475 0.027635974648558062
0 0.5523467593722873 0.5678886131004051 0.023657374911838107 0.03822571554301697
0 0.42061244116889107 0.760467694129473 0.013022369808620878 0.028592851426866316
0 0.5891515413920085 0.6077016665611739 0.012657059563530814 0.02220775462962963
0 0.33366492059495717 0.7419939158875265 0.02241489622328017 0.029217519877869406
0 0.36112753550211596 0.7263245288236643 0.011352274152967665 0.019853379991319444
0 0.1742149856355455 0.17542013709927778 0.0153507391611735 0.02406280423388069
0 0.33060102992587626 0.2914716814771111 0.025221612718370222 0.03180193018030237
0 0.41001154316796196 0.8234579769181616 0.016920804977416992 0.024055386766975308
0 0.3041030300988091 0.6585635667965737 0.016873412662082247 0.023177770920741705
0 0.4476973348193698 0.22937144762204018 0.016394694646199543 0.023880734855746044
0 0.37151387002733016 0.4513851448341652 0.011937936147054039 0.021167284176673417
0 0.44656385315789116 0.7582023761890554 0.013969898223876953 0.023521658814983602
0 0.5270349714491103 0.7951318952772354 0.014517360263400607 0.020418755802107443
0 0.43244331412845183 0.7524263358410493 0.010960181554158531 0.021860852653597607
0 0.534418609407213 0.8706819510754243 0.013540850745307077 0.01812254352334105
0 0.37358088930936617 0.13197729422894985 0.024479659413434263 0.03122043519394513
0 0.3437795648060549 0.18448438978240303 0.012771996215704818 0.015137180700094639
0 0.3693235572374645 0.25638599810785245 0.021286660359508006 0.0283822138126774
0 0.3175978166798094 0.5970991029669586 0.015567549297859742 0.02471039571088838
0 0.2183626780976575 0.3246945996410745 0.01473357344261725 0.023721979882452934
0 0.3545787344539302 0.6780532583067795 0.014177589539122338 0.02471039571088852
