0 0.26994556850857204 0.25610747160734953 0.019832928975423176 0.02819706481180073
0 0.18445567289988196 0.2629155170770339 0.017019987106323242 0.024969477712372203
0 0.4407050079769558 0.6826943527033299 0.016646014319525823 0.023441220507209683
0 0.45983857578701437 0.6641564074857736 0.014726373884412978 0.020690070258246526
0 0.36538884374830455 0.7621755011287736 0.017662101321750216 0.024976989369333527
0 0.16117539670732284 0.6300661298963758 0.020852857165866427 0.03401546713746624
0 0.26425158185496495 0.6950442702681912 0.012155119632376614 0.03090069617754143
0 0.4124647643831041 0.6638346542546779 0.02077640427483453 0.02091923466435185
0 0.4239326185650296 0.7391624921633873 0.01634150081210666 0.026683854468074846
0 0.3749051358964708 0.7064497441421321 0.022880713144938156 0.03445561726888021
0 0.44120693206787104 0.7406892894226829 0.010371526082356773 0.014151349479769483
0 0.49277027448018385 0.7196171607500241 0.010193347930908203 0.018729127483603395
0 0.4608827961815728 0.7074218090669607 0.011694219377305772 0.017772627465518904
0 0.41477015283372665 0.7180522871606143 0.009535418616400825 0.015234017077787423
0 0.41283579667409254 0.6877940613546489 0.015988588333129883 0.02327539891372492
0 0.4789769119686551 0.7341009775797527 0.019236829545762803 0.03125390888732157
0 0.45648540390862363 0.7391658830054013 0.00941557354397244 0.016117048852237654
0 0.477896875805325 0.7214763311692226 0.018449942270914715 0.023313640076437114
0 0.539136701160007 0.7393470811255183 0.010501172807481553 0.013434563154055749
0 0.544063541624281 0.7261427420156974 0.013251145680745445 0.013279385036892362
0 0.4199634393056234 0.7689174134054302 0.008689774407280816 0.016100659782503857
0 0.5001340972052679 0.6906772189670138 0.009888966878255209 0.016929061324508103
0 0.4971541563669841 0.8528626053421587 0.011861324310302734 0.02152318130304784
0 0.5184910562303331 0.7205858112853251 0.008848932054307725 0.014326213318624614
0 0.4998224576314291 0.6911637106059509 0.008626302083333334 0.015050252278645836
0 0.5185494422912598 0.7204956007592471 0.010999679565429688 0.01531346638997396
0 0.4581659899817573 0.7724829544255764 0.01010751724243164 0.018043188401210455
0 0.45990800857543945 0.8714742778260031 0.012165281507703993 0.02131163043740355
0 0.5384176042344835 0.7662479494824822 0.012472470601399742 0.019433904577184608
0 0.27809618539326836 0.6948689213400489 0.014759896052877402 0.02215049335496758
0 0.07307712821833236 0.7512070100744679 0.0116406044949556 0.0252931653223726
