0 0.4819671312967937 0.6227565341525608 0.023444175720214844 0.036304615162037035
0 0.5764430363972982 0.6497284689067322 0.016963958740234375 0.024989657931857638
0 0.5091889434390597 0.7170070601098331 0.014991389380560983 0.021461298436294365
0 0.4489695760938856 0.5624241063624253 0.01832368638780382 0.023397045370973188
0 0.23643244637383357 0.6373410401520906 0.01941892835828993 0.024004288661627123
0 0.4049166573418511 0.6938668239263841 0.013856199052598741 0.02258074725115741
0 0.6291047202216254 0.5559343879605517 0.02035299936930339 0.035305541238667054
0 0.3757095204459296 0.6295526999014396 0.015291293462117515 0.023068887216073496
0 0.4967909918891059 0.7413258493682485 0.01559681362575955 0.025902642144097224
0 0.3990695741441515 0.65785003002779 0.017294141981336806 0.023452429123866705
0 0.37057114972008603 0.7339713720627773 0.018614689509073894 0.026169812237774884
0 0.5451471275753446 0.2523734245771243 0.020294878217909075 0.026730714020905672
0 0.37363713317447234 0.34837646248899856 0.015401442845662437 0.02138356809262876
0 0.3782053258683946 0.3972029273892626 0.013007958730061851 0.02814949883355035
0 0.3443309730953641 0.58761759157534 0.018265777164035372 0.02473105913327064
0 0.4245627191331652 0.6352544007477937 0.024692270490858294 0.02673514095353492
0 0.3758486641777886 0.7735806924325448 0.012774043613009982 0.021746929780936536
0 0.10446166329913668 0.06487195285750025 0.014382905430263944 0.022824204998251833
0 0.24299475881788463 0.30715145299464097 0.022178332010904953 0.02763533886568046
0 0.40044099754757356 0.7528122795952692 0.014619164996676974 0.018480842496141976
0 0.3942030270894369 0.47820830639497736 0.017213238610161677 0.02293899912893036
0 0.3843282593621148 0.7017331535433545 0.014831384023030601 0.021490685733748068
0 0.4190284676022 0.7530904934730058 0.011687808566623263 0.016941070556640625
0 0.4288532071643405 0.749386422428084 0.013363175921969943 0.01790896757149402
0 0.516517268286811 0.7419634689519434 0.009713066948784722 0.013710963873215664
0 0.3385127385457357 0.7506369602533034 0.015334341261121962 0.024367344232253084
0 0.36816407574547655 0.5331958488181786 0.016450749503241643 0.026525002938729746
0 0.3528818289438883 0.7867995132634669 0.016852166917588975 0.023782188509717403
0 0.43692362308502203 0.810907999674479 0.012693802515665688 0.02006304705584491
0 0.38034941090477836 0.721241185694565 0.01354755295647515 0.020338176209249614
0 0.4883561134338379 0.7047361209068768 0.012100007798936632 0.015910207489390434
0 0.5285931163363986 0.7565350002712674 0.010992156134711373 0.01835556972173997
0 0.31941311889224583 0.6342760250892169 0.01392446623908149 0.02104441324869792
0 0.42423245641920304 0.6350862950454524 0.024422645568847656 0.027237974567177855
0 0.41942546102735734 0.7520224959762009 0.013676060570610892 0.019475301106770832
0 0.5751033888922797 0.8243789201901283 0.009542359246148003 0.015328583893952545
0 0.5276430936613056 0.11778618732261117 0.014368495742667946 0.02365184484389783
0 0.3381948871156038 0.4670997289952141 0.010289397701908313 0.021075867756566
0 0.17615001500549632 0.4149560000750288 0.013644636082965426 0.022666499285363243
