0 0.49820897314283585 0.646180823997215 0.025004863739013672 0.030297879819516784
0 0.5466578536563449 0.5941255828480662 0.02595196829901801 0.032777762707368825
0 0.4405172533459133 0.5721702575683595 0.017064438925849065 0.028543071982301313
0 0.4107597404056126 0.6350626533414111 0.014631430308024086 0.023820100007233797
0 0.43231659465365935 0.6682500956970968 0.017760594685872395 0.02243880283685378
0 0.4351318412356906 0.6973801365605108 0.014527161916097008 0.02465768507969232
0 0.357311553425259 0.7754840850830078 0.013530704710218642 0.024798593403380594
0 0.09774667355749342 0.6586323490849249 0.019382178783416748 0.03578214292173033
0 0.4074361854129367 0.6140819832130714 0.013041443294949003 0.01972316223898052
0 0.5317854351467556 0.9164253517433448 0.012416415744357638 0.02387491861979167
0 0.47793870502048075 0.7091119554307725 0.013647927178276908 0.015711372281298226
0 0.5049329863654243 0.7475999196370442 0.013650576273600258 0.01956821959695698
0 0.7968347602420383 0.914303532353154 0.01561382081773546 0.026522412712191357
0 0.4931394524044461 0.7584615636754919 0.010448826683892142 0.015517152385947147
0 0.5487573146820068 0.7568849398766035 0.008896986643473307 0.01540793901608314
0 0.4869213898976643 0.8262651231553819 0.01288747787475586 0.019482082790798612
0 0.5815413528018527 0.8239675922158324 0.008869753943549262 0.016238271454234184
0 0.4278377294540405 0.7997154895170234 0.011450582080417208 0.021237597053433643
0 0.5021136336856418 0.72180825692636 0.009129259321424697 0.017271253797743056
0 0.5621481206681994 0.7724770439995661 0.01203648249308268 0.01898334644458912
0 0.5507795545789931 0.7271386134771655 0.010611534118652344 0.014892672315055942
0 0.47542005115085184 0.7363322458149475 0.012805726793077257 0.016484060405213156
0 0.5374627908070881 0.7423930462495781 0.010233508216010202 0.015197235860942323
0 0.48359619246588814 0.7245731353759765 0.013680193159315322 0.013870757303120177
0 0.5810609658559163 0.8219387384108555 0.008623176150851779 0.015909924919222607
0 0.598512093226115 0.8385745389961902 0.010245482126871742 0.015019169560185185
0 0.5650015142228868 0.8564070713372878 0.010560830434163414 0.018239527572820217
0 0.6039592425028484 0.8582933684925975 0.010737842983669706 0.017905247064284337
0 0.3738998174667358 0.9056638081868491 0.02700601683722602 0.03508023862485533
0 0.28896641438032167 0.7795648060548723 0.01809366130558189 0.041627246925260125
0 0.3416508987701041 0.728476821192053 0.014900662251655632 0.03595080416272466
