0 0.4275317456987169 0.6147298459653501 0.01829385757446289 0.022704983934944058
0 0.41183367040422225 0.6498725090497806 0.019419802559746638 0.03070365058051215
0 0.49668012724982363 0.6962819511507764 0.016872247060139973 0.03103562343267747
0 0.4771833154890272 0.7601636721764082 0.016114287906222872 0.023750681936005016
0 0.42962539196014404 0.6826266300531081 0.016651444964938693 0.021897822250554592
0 0.43956498305002856 0.7469544351836782 0.017609251870049372 0.021604326036241316
0 0.464133103688558 0.8079262721685716 0.01349767049153646 0.027792565616560568
0 0.37340475453270805 0.7131030000286337 0.015601396560668945 0.021745045979817704
0 0.3448686202367147 0.5718812589292173 0.01939437124464247 0.028439227445625964
0 0.43369179301791716 0.7141745061050225 0.0137839847140842 0.025001949734157987
0 0.5312493642171223 0.6973262363009982 0.015240987141927086 0.02294554533781829
0 0.4198453028996786 0.7354491433979553 0.012323988808525931 0.02413544831452546
0 0.34576943185594344 0.6527975105944975 0.012774785359700523 0.026298240379050927
0 0.35325075520409477 0.7854534667215229 0.01911796463860406 0.030328161922501932
0 0.38095973597632515 0.780021267172731 0.015644046995374892 0.021707464147497108
0 0.34440432654486763 0.6049752412018953 0.013069788614908852 0.019440733356240355
0 0.4093874030643039 0.7325317947952835 0.00984795888264974 0.022419399685329862
0 0.3931790987650553 0.6859443805835866 0.011751810709635414 0.019752737916546102
0 0.4815173149108886 0.7019711953622324 0.011754353841145836 0.021162480483820408
0 0.5858252578311496 0.9567238136574073 0.034846888648139104 0.04511835545669367
0 0.45036702685885954 0.7233612154736931 0.010888311598036025 0.017061775113329476
0 0.5130884382459853 0.7246352301703558 0.012859132554796007 0.016688123161410107
0 0.4882191287146674 0.826960669623481 0.010291894276936851 0.017468393584828316
0 0.552130487230089 0.7214912838406032 0.013739903767903648 0.017337704882209683
0 0.46607446670532227 0.7439014293529369 0.009278827243381076 0.012452867296006944
0 0.4646569357977973 0.7247699690453799 0.009699821472167969 0.012027316623263888
0 0.5361946423848469 0.7585431087164232 0.01342423756917318 0.015916471128110534
0 0.5351979202694364 0.7305157979329426 0.009049574534098307 0.013057850025318287
0 0.3472753233379787 0.5025621814492308 0.01531036694844564 0.021447876353322723
0 0.3673723803626166 0.8481528670699509 0.012352784474690758 0.017815201370804397
0 0.5408364931742351 0.7496252884099514 0.010328716701931424 0.012482019118320795
0 0.35408747196197515 0.8637562504521122 0.011669556299845375 0.01677769790461034
0 0.40439155366685653 0.8585261121208286 0.011607646942138672 0.016085871943721065
0 0.3830254607730442 0.8293335997028116 0.0106761720445421 0.021370310842255016
0 0.2767707276772746 0.5648373477015219 0.026126690088678187 0.03724993438385795
0 0.19543281546531013 0.7783396783293769 0.011640604494955582 0.01793515359222795
0 0.48194468698348275 0.3970984723133179 0.014583862800840066 0.02503283729799371
