0 0.3724381658766005 0.671027054021388 0.020227061377631292 0.029864558467158565
0 0.42239693800608324 0.6963990529378254 0.022205591201782227 0.027548754656756366
0 0.45009256733788383 0.7152459179913556 0.014392349455091689 0.0208786858452691
0 0.4913433922661676 0.7094133165147569 0.013015429178873696 0.01913310863353588
0 0.41137117809719514 0.7302367834397304 0.007346683078342015 0.017539836742259837
0 0.47600041483762345 0.8435545049313388 0.012896031524526277 0.015908029817102688
0 0.4186262337693228 0.8774760391001598 0.016054243326451577 0.021990511805994782
0 0.3105574938559376 0.6964441877281553 0.013159215841353315 0.024797811185483454
0 0.16672726470994617 0.8934230275222794 0.019212455128375758 0.042577373922245414
0 0.45627277566399493 0.7388128929776269 0.0074781002786286875 0.013959120520106864
0 0.49207418074792986 0.7288420926061221 0.01028238788311441 0.012629680470572993
0 0.5808614391424843 0.7393348475470907 0.030286306128446155 0.03755668139933519
0 0.5394514588495779 0.7353465273984887 0.011030197910977223 0.015620920582024382
0 0.5218779231948005 0.7316905672622701 0.010656292897045816 0.014291480532490226
0 0.5549685169277325 0.7419937276461588 0.012151912952771652 0.015620920582024382
0 0.4653247898376709 0.8362177911568803 0.011217150417943031 0.016618000619174893
0 0.4767288927625797 0.8558270318875065 0.010469340390080219 0.01262968047057285
0 0.42167137946117583 0.8465209515407688 0.010656292897045887 0.018612160693475915
0 0.3985827448509097 0.8682905323518878 0.01046934039008015 0.019609240730626424
