0 0.489995453092787 0.7022137112087674 0.016668054792616103 0.027038668408805942
0 0.447975820965237 0.7275373906265071 0.013467417822943795 0.01972749498155382
0 0.47036706076727974 0.6322539529682678 0.017879486083984375 0.02816423957730517
0 0.49716054068671334 0.573736897221318 0.027359750535753034 0.03836808381257234
0 0.375686354107327 0.598521880161615 0.018831411997477215 0.02749996420777874
0 0.38969386948479545 0.6911819363817757 0.02165402306450738 0.02802643952546296
0 0.4193298419316609 0.7194820922098042 0.014378786087036133 0.01911784984447338
0 0.40258969200981987 0.591290838924455 0.022815492418077253 0.031531063126929014
0 0.3589345084296332 0.6132477418875988 0.014369805653889976 0.024840696358386382
0 0.4826887713538276 0.730555475494008 0.01354625489976671 0.022056155734592013
0 0.39325005478329134 0.7645443339406708 0.013723876741197374 0.018399791953004438
0 0.42449257108900285 0.7398042090145158 0.011630164252387155 0.016164991590711806
0 0.5409703784518771 0.7998204878818841 0.01585494147406684 0.02454861299491223
0 0.5170485443539089 0.7274307674831815 0.010899172888861764 0.017674057571976272
0 0.39558543099297416 0.8336613031081211 0.011204613579644095 0.01800254539207176
0 0.20021723388848664 0.5883015528200176 0.02534395365677046 0.043768605680264014
0 0.46011595260768495 0.45816121187452974 0.013199488492182922 0.02225201125118957
0 0.3712316936704278 0.8092508084116073 0.022980468510170694 0.030640624680227546
0 0.4351119245885806 0.8262733776784004 0.012858119285452645 0.01799528751061004
0 0.4985817899976233 0.8097371675335157 0.013952427309746511 0.020913442242059974
0 0.4725919744206447 0.7129517022737494 0.00629227113968966 0.01702256926679297
0 0.46602612627488155 0.7127085227127953 0.007386579163983455 0.014590773657250936
0 0.4609649516625226 0.7129517022737495 0.006565848145763056 0.015077132779159398
0 0.4371637521341316 0.7029813402746279 0.010395926230791446 0.013618055413434575
0 0.48367184316661976 0.7949032143153104 0.01532031234011363 0.03307242028976944
0 0.33503679993942526 0.7884331554079949 0.013879225259483477 0.02724440513898628
