0 0.4583704471588134 0.6300754311644001 0.018131097157796223 0.023342650613667054
0 0.5197480254703098 0.6825443079442154 0.017690075768364802 0.026506070737485534
0 0.4331837892532348 0.6900465223524305 0.019583781560262043 0.027756679205246916
0 0.45109356774224174 0.7607160733069904 0.0132396486070421 0.025945639904634454
0 0.4516641828748915 0.6659034917384018 0.019319640265570745 0.025723869417920528
0 0.6128257910410564 0.6360532501597463 0.01743904749552409 0.027879126277970682
0 0.3943528996573554 0.7106155348412784 0.019473261303371854 0.028702394461926118
0 0.3955942259894477 0.6554030665644892 0.018182383643256292 0.02500326839494117
0 0.35113423400455046 0.6924014856785904 0.01447198126051161 0.02054873807930652
0 0.47946974966261124 0.8111537415304302 0.01361619101630317 0.02602113323447145
0 0.3957726558049519 0.6560328919210552 0.019682751761542425 0.027626508547935958
0 0.44823356469472253 0.7335144561014058 0.014031383726331923 0.020958088062427663
0 0.4826643996768528 0.7082738523130064 0.009932994842529297 0.016759142463589893
0 0.47976623641120064 0.8115092618965808 0.015693929460313585 0.026696570125626932
0 0.4563502470652262 0.568846078566563 0.02187151379055447 0.03422937275450907
0 0.09992758870383782 0.11585807385952206 0.020275162925416357 0.030895486362539196
0 0.5531226773535737 0.8349446663350689 0.012673842034288113 0.020600022608112736
0 0.4854927329739027 0.7366152016532816 0.007460729745589773 0.014469294052052675
0 0.4754885726332256 0.7334500435793952 0.008478101983624668 0.017785173938981415
0 0.5537634267992412 0.705124701349888 0.007224209280873239 0.014818890832560357
0 0.14448418561746382 0.7530184861239936 0.012225584936862361 0.025686077443104693
0 0.46529823233227563 0.9391283699676056 0.01711923885062518 0.03463202342195444
0 0.43048982523512 0.8816739199749886 0.008559619425312661 0.01731601171097708
0 0.3962513475338694 0.8373344354423347 0.007378982263200555 0.017840739338582667
0 0.39020058207804503 0.8389086183251506 0.007083822972672635 0.01679128408337192
0 0.3811982237169404 0.8399580735803615 0.012691849492704889 0.015741828828161317
0 0.3872489891727648 0.94726487342566 0.0064935043916165116 0.020464377476609456
0 0.5638015371854576 0.46593750721195 0.011237993823465046 0.02622198558808478
