0 0.5571569521223766 0.6384447977270246 0.016599168035740776 0.0227303922651587
0 0.5410064102497639 0.6775251212706306 0.012112906404459594 0.019540161771802927
0 0.45678326296324756 0.6189034686318412 0.01662821417539078 0.02664163807524865
0 0.45729647945014235 0.6645227119113767 0.012317195685474545 0.025181822290303444
0 0.43707574986648823 0.6168962219275417 0.010880189522169204 0.0226271446666496
0 0.41172285541388626 0.5876999062286388 0.014780634822569567 0.021167328881704462
0 0.3724104725177465 0.5672624852394068 0.019502226502001462 0.024816868344067374
0 0.38164836928185253 0.6296696100458115 0.011290762711685077 0.018247697311814193
0 0.4208581088806133 0.6710918829436298 0.011701335901200878 0.016422927580632775
0 0.41018320595320196 0.6827704092231909 0.009237896764105927 0.019342559150523044
0 0.5369270885893137 0.7052735011016198 0.022376238828612144 0.025911730182776295
0 0.5202988744139229 0.7308202773381598 0.005542738058463712 0.00839394076343467
0 0.5016177942909532 0.7335574319349318 0.008006177195558522 0.011678526279561084
0 0.5270733320409339 0.7649434713112523 0.010469616332653402 0.015328065741923922
0 0.4873503759552786 0.7341048628542869 0.01108547611692703 0.014233203903214168
0 0.4076991771892093 0.8215113329778765 0.018475793528211854 0.0189776052042869
0 0.433462644831327 0.8229711487628215 0.011290762711685077 0.016787881526869056
0 0.29542586461679365 0.6187291354657468 0.019514289441689706 0.030231661103316158
0 0.33849668917023723 0.706450512765533 0.017005309370615295 0.033205267113478244
0 0.45147247575389216 0.4136421351760924 0.01676541051514432 0.021939919933398055
0 0.4412602327591105 0.7131162328576004 0.0072499879625726035 0.012888867489018026
0 0.44674950935934404 0.7352114342673457 0.007871415502221736 0.013625374202676283
0 0.4728494660246056 0.6913892848046842 0.007457130475789029 0.017307907770967006
0 0.35437107308085813 0.5710250655102869 0.00742189996432451 0.020493567750191417
0 0.3602928017757978 0.5995195466971969 0.0056848595471420535 0.011790819801480055
0 0.4701063019956141 0.7122216627703495 0.008843114851109987 0.013475222630262778
0 0.471685429647598 0.7317326622037507 0.00536903401674536 0.013194488825465527
0 0.4787915040815256 0.7324344967157436 0.004421557425554994 0.011229352191885623
0 0.556563540941734 0.7372069713972951 0.009632678677101936 0.023020171993365608
0 0.4255612740062132 0.7060743129628172 0.009678316599472438 0.01745892406179337
0 0.4839869940662636 0.695953197564676 0.004127517373304457 0.013410477902536825
