0 0.429553508758545 0.7027689380410277 0.017848650614420574 0.024562176362967786
0 0.4410636954837376 0.8181945894971305 0.018928792741563585 0.024230862841194058
0 0.5454214943779839 0.7077430207052349 0.02070723639594184 0.030037161744671102
0 0.43767429722679985 0.6731029086642795 0.02109773953755696 0.029727700315875773
0 0.41791522502899175 0.7915840148925781 0.008817116419474283 0.021296089078173222
0 0.40912347369723845 0.7415677058843919 0.008584552341037326 0.0173680340802228
0 0.16254263272555264 0.7024711663414129 0.013001305251257058 0.020072190563344208
0 0.29013439087015735 0.8561493009626996 0.012317026027506655 0.02007219056334435
0 0.38388064452395826 0.8838245940121591 0.010948467580005996 0.024329927955568847
0 0.37806427112208013 0.8211750295265695 0.012317026027506657 0.02797941714890413
0 0.37566929383895376 0.8327317453054647 0.011632746803756361 0.026762920751125564
0 0.4054354400720949 0.8284740079132402 0.012317026027506657 0.02189693516001185
0 0.4001322760880295 0.8704431336365963 0.010606327968130743 0.024329927955568847
0 0.4240820489192926 0.8670977685427056 0.008553490296879645 0.02128868696112278
0 0.4418733087368022 0.8604070383549243 0.012659165639381768 0.020072190563344208
0 0.5925858077678214 0.7225988602803919 0.029424006621266017 0.040144381126688417
0 0.5221050477215331 0.8323876601798962 0.01163274680375622 0.023721679756679635
0 0.47232373419369367 0.8269134263898928 0.011290607191881036 0.021288686961122637
0 0.4610331270018125 0.7259442253742825 0.013343444863132348 0.022505183358901063
0 0.444439355825866 0.7794700668765339 0.021212655936261485 0.02128868696112278
0 0.4466632633030548 0.7350679483576208 0.011290607191881108 0.023721679756679635
