0 0.5089968310462104 0.5736802889976973 0.023020691341824003 0.02774532930350598
0 0.45747931798299146 0.6599678227930893 0.01793193817138672 0.03029858624493634
0 0.37917529335309674 0.26247593208595615 0.02874421648878998 0.026323977811836697
0 0.1843485368622674 0.29318117212366174 0.016994807455274794 0.024141193907937886
0 0.3532407283782959 0.7390210422468774 0.015451431274414062 0.025053471694757908
0 0.49918760193718803 0.9395826834219473 0.019256326887342665 0.03387309886791088
0 0.42111639181772875 0.806658285635489 0.015191793441772461 0.02207805492259838
0 0.4858132733239068 0.7173740010202667 0.019510004255506728 0.023119561466169943
0 0.3953268792894151 0.7493276007381486 0.010012997521294486 0.019334534068166473
0 0.3843756914138794 0.782445106977298 0.016117758221096463 0.019709222110701197
0 0.4270470407274034 0.7471207041799286 0.010034455193413627 0.0188625947928723
0 0.45508297284444177 0.7345671477141203 0.01420863469441732 0.016671922471788194
0 0.46094632148742676 0.7099212128439067 0.012198395199245878 0.022650306607470097
0 0.4193422264522977 0.7406924212420429 0.010650687747531466 0.02164967854817708
0 0.5039902793036567 0.8130450778537326 0.014043490091959633 0.031475867754147374
0 0.43647634983062744 0.7277577011673538 0.007683568530612523 0.016768137613932293
0 0.43602364593082 0.6325273631531515 0.010804944568210177 0.021416982014973954
0 0.4557429419623481 0.7348960593894676 0.015027681986490883 0.01799774169921875
0 0.4145463175243802 0.7774711185031468 0.010896020465426974 0.024146892406322337
0 0.25237951354500054 0.4298063394700463 0.012405328355570724 0.02940522276876024
0 0.31481966626804 0.6866119516505529 0.014886394026684896 0.019603481845840206
0 0.17243406414243345 0.5863891507136949 0.023432286893855833 0.022053917076570288
0 0.28959549861171274 0.8449100675557127 0.015162067990141992 0.020583655938132068
0 0.24107688104325828 0.886812510001196 0.01405937213631354 0.02401426526115415
0 0.5904936297251678 0.8294723256021135 0.012681002319028068 0.020093568891986137
0 0.5262615962396571 0.7155270873731672 0.006616175122971128 0.012742263199796185
0 0.5596181458179695 0.7341503951267155 0.013232350245942185 0.01764313366125606
0 0.4482458645812899 0.8583874613247278 0.010475610611370883 0.016172872522818266
0 0.4128217602770489 0.8539766779094137 0.009097240794085195 0.018133220707402132
0 0.3893894733831931 0.8596126789400926 0.012405328355570759 0.020583655938132352
0 0.37560577521033667 0.8444199805095666 0.01295667628248502 0.01764313366125606
0 0.358100478530809 0.8130544095562223 0.01654043780742761 0.02352417821500822
0 0.3565842717317949 0.7951662323718931 0.009097240794085195 0.021073742984278283
