0 0.3578388690948486 0.7339361449818551 0.017131646474202473 0.025579899917414158
0 0.47872103585137266 0.6795100930296344 0.014581362406412758 0.022043110411844136
0 0.3691403733359443 0.6922455540409794 0.011025826136271157 0.022267141459900656
0 0.47318029403686523 0.7073279015811873 0.018441412183973525 0.02267521987726659
0 0.49666733211941183 0.7269704135847681 0.01273759206136068 0.021065841486424576
0 0.4740196863810222 0.6471874802200882 0.014259550306532118 0.021852987783926504
0 0.4389406840006511 0.6876960095064141 0.015651702880859375 0.02393067913290895
0 0.48258026440938306 0.7860788886929736 0.013994481828477647 0.022109702781394677
0 0.4100395970874363 0.6772761874728732 0.01317779223124186 0.025040991512345682
0 0.514787064658271 0.7365121252742814 0.012418164147271048 0.014581656750337577
0 0.47672573725382494 0.7528525458441839 0.011681556701660156 0.015389053909866899
0 0.44496617052290177 0.740573035346137 0.009398221969604492 0.01669452808521412
0 0.3885662423239814 0.752790074289581 0.01119271914164225 0.020844777425130204
0 0.5355591773986816 0.7493255285569179 0.012224833170572914 0.01507431783793885
0 0.35795781347486705 0.5765685328730831 0.016323619418674044 0.025625864664713546
0 0.5190526644388835 0.7206652605975116 0.010019196404351127 0.013088650173611112
0 0.4584524631500244 0.8098943262924382 0.01078939437866211 0.020755720727237654
0 0.4091097646289401 0.7446183569637346 0.011573976940578885 0.020393748342255016
0 0.5017205344306098 0.7912342636673538 0.012074258592393663 0.02174372731903453
0 0.4141393899917602 0.7363673316107857 0.008641322453816732 0.015418488302348573
0 0.3780275450812446 0.5554101967517241 0.01521174112955729 0.020275115966796875
0 0.462699227862888 0.7500798967149522 0.013882160186767578 0.02863429505148052
0 0.5256113476223415 0.7577156961700062 0.008589532640245225 0.01531855265299479
0 0.5457284715440538 0.7273301489559221 0.011671596103244357 0.013575895332995757
0 0.3780993620554606 0.5550877841902369 0.015461868709988065 0.021220407368224344
0 0.4225244522094726 0.8275077725634162 0.013948281606038414 0.019788012092496143
0 0.43939741452534986 0.7378449381133656 0.009659396277533637 0.01571377412772473
0 0.443273729748196 0.7639007097409096 0.012267907460530601 0.017139670289592977
0 0.4221261342366537 0.772530025906033 0.013288391960991752 0.01715926182122878
0 0.5357223086886935 0.7338978331766011 0.011199315388997398 0.013694480613425925
0 0.5171953307257758 0.8261641985104408 0.013065761990017362 0.015882798183111498
0 0.44316232204437256 0.8708294527030286 0.013307068083021376 0.018151365680459105
0 0.35801006688012016 0.5769543588897329 0.016686730914645724 0.02576380600163966
0 0.5555818353831599 0.1371807000946074 0.027672658467360448 0.04351939451277202
0 0.39942936643487725 0.7452660629957524 0.013530959071059456 0.023701287784601135
0 0.3661989228338929 0.772858606983795 0.010347203995516025 0.01379627199402151
0 0.3497155965792217 0.856253240039203 0.010546188687737513 0.015918775377717083
0 0.4620271164302578 0.6827741102705005 0.015098510738761704 0.025713990277779004
