0 0.22077879640791148 0.13043555506953486 0.016450696521335177 0.026442045046959396
0 0.24166988001929388 0.6602561150068119 0.02739241388108995 0.0447504961932147
0 0.47922446992662215 0.5612442110791619 0.01806460486518012 0.02576729103370949
0 0.45357105467054576 0.6955827783655237 0.014408641391330294 0.021643273624373068
0 0.3511123127407497 0.7373221597553772 0.012949466705322266 0.022620212884596834
0 0.37047898769378657 0.6642197032033661 0.017144070731268987 0.02665644516179591
0 0.4887664582994249 0.6627845057734737 0.01681073506673177 0.022241145004460842
0 0.5157115459442139 0.8067542182074652 0.01721991433037652 0.024330044970100308
0 0.09912911057472229 0.6293065577377508 0.01761071549521552 0.022365617163387346
0 0.46866893768310547 0.7481912448082442 0.017614894443088107 0.027931637234157987
0 0.3776006168789333 0.7398141225179036 0.014272424909803603 0.021478959071783373
0 0.4739418294694689 0.6165686242374373 0.014365143246120878 0.02195202862774884
0 0.5109009212917752 0.6908306074731143 0.016832351684570312 0.024942845474054783
0 0.4990571869744195 0.7958063196252892 0.017314910888671875 0.026294096016589507
0 0.5559023486243354 0.5539028026439525 0.0209800402323405 0.029898090127073687
0 0.3535150951809354 0.7800288494722344 0.021685547298855253 0.0411455601821711
0 0.5920717981126573 0.678012400497625 0.018950568305121526 0.026978999008367092
0 0.44245963626437723 0.6416971418592665 0.013131883409288194 0.020074396957585842
0 0.40340301725599503 0.7078580032160252 0.015669451819525823 0.027091791600356865
0 0.5015754964616563 0.7447971767849393 0.012833648257785372 0.020517419885706017
0 0.44322544998592794 0.7272619553554206 0.018085347281561956 0.01989350495515046
0 0.43203438652886283 0.7516321488368658 0.019469261169433594 0.030439070713372877
0 0.440614898999532 0.8251549520610291 0.014869928359985352 0.020808938108844523
0 0.1921057833565606 0.6932600280384957 0.021130137973361544 0.034468521306544174
0 0.45359370443556046 0.45631900834448547 0.015424675411648221 0.021820868974850503
0 0.21942249933878583 0.7478717050434631 0.016310320960150823 0.02784441724235629
0 0.5445575714111328 0.39381619441656424 0.019548522101508245 0.028536596415955344
0 0.4108745257059734 0.755257217972367 0.012497901916503906 0.022030488944347993
0 0.44853330983055956 0.6602895053816431 0.01620136366950141 0.02398281332887249
0 0.6992141140831842 0.37939964106053475 0.027975453270806208 0.043034259183907214
0 0.5052468981713286 0.5803056593032735 0.01726855172051324 0.0244058679651331
0 0.3874110380808512 0.7908360987533759 0.014723141988118492 0.02420533733603395
0 0.38130365477667916 0.7683964246585046 0.01774242189195421 0.02418777089060089
0 0.46735607253180617 0.7127769140549648 0.015209568871392142 0.027865798385054975
0 0.31849302185906303 0.6699785067711348 0.013083087073432077 0.027419431709948882
0 0.5449237823486328 0.7700288089705103 0.013606071472167969 0.020817415213879243
0 0.5116854508717855 0.7143614027235243 0.01254415512084961 0.01628508391203704
0 0.3235171106126573 0.7064391713083527 0.011604997846815322 0.016878575454523533
0 0.3804557853274875 0.7689192501115211 0.01659891340467665 0.022813961829668206
0 0.4026015202204386 0.37620870566662445 0.016725407706366643 0.024671460375373745
0 0.15996465418073866 0.29959788145842375 0.020660082499186203 0.02694676246172116
0 0.123290306992001 0.7392317454020183 0.013729823960198295 0.020308082486376347
0 0.41314783361223006 0.5765987443335263 0.013778818978203666 0.023740697790075233
0 0.5817622343699137 0.8253908981511623 0.00878053241305881 0.014499711401668596
0 0.5869573222266303 0.5172421726179712 0.020212438371446394 0.027487907880618247
0 0.6991926299201117 0.37817036664044407 0.029161135355631515 0.045407095073181906
0 0.5270032087961832 0.7046841279959973 0.010465357038709853 0.017184504756221065
0 0.5525758796268039 0.6619304845362534 0.025622208913167313 0.030363436098451966
0 0.5497095849778917 0.7286390139732832 0.014524247911241319 0.017860035837432484
0 0.4555105103386773 0.8152672096535012 0.012321366204155814 0.023164913978105706
0 0.5965473122066921 0.8376985243809076 0.014996369679768883 0.01671619179808063
0 0.5675476127200656 0.8736724853515625 0.008850680457221137 0.014431988751446759
0 0.48275791274176705 0.8228935901029611 0.010941770341661241 0.015553792317708336
0 0.5419694847530788 0.849175535602334 0.0085245238410102 0.016485897111304014
0 0.49438268684957437 0.13197729422894985 0.015964995269631074 0.029328287606433287
0 0.30040799432355725 0.06244087038789026 0.02288315988647117 0.026490066225165556
0 0.08301797540208136 0.5269631031220435 0.024479659413434236 0.03784295175023658
0 0.5507923368022706 0.6324503311258279 0.05747398297067164 0.0596026490066226
