0 0.3653024170133803 0.6263492960988739 0.018011278576321073 0.0263789141619647
0 0.4074898958206177 0.7227939558617864 0.014392561382717557 0.02454545762803819
0 0.5237092706892226 0.6726360556520062 0.015752209557427302 0.022610322928722993
0 0.46507461865743005 0.6555836759967568 0.019407113393147785 0.027254504921995562
0 0.4357273843553331 0.6838777801136913 0.021439446343315974 0.02408062970196759
0 0.473180956310696 0.7250852938051576 0.010475847456190322 0.0158339606391059
0 0.43014959494272875 0.547268620243779 0.022942304611206055 0.034208321277006175
0 0.44682097434997553 0.7911001370276933 0.012893517812093101 0.02139560087227527
0 0.43997131453620064 0.7375775560920621 0.015001244015163846 0.019777180236062886
0 0.4650127622816298 0.6551603623378424 0.01782512664794922 0.024883223168643904
0 0.4121490981843736 0.6811200601083262 0.015609979629516602 0.02468509438597126
0 0.4699547555711534 0.6149062639401284 0.026274257236056857 0.034313719949604554
0 0.35671773221757674 0.7124901759771654 0.014899598227606881 0.02298388069058642
0 0.4080062177446153 0.7230655999831211 0.015910625457763672 0.025800163363233028
0 0.45236992835998535 0.7114527431535133 0.009607368045383029 0.016407012939453125
0 0.41225122080908877 0.6809331163947964 0.01592140727572971 0.02367175066912616
0 0.4558684227996276 0.5561229364751626 0.015247684982349342 0.030343651706167735
0 0.40580139748445093 0.4774317330505011 0.012971911104386748 0.023465757319436235
0 0.4583764875602997 0.827450142049964 0.012136814976282153 0.012491692607167409
0 0.45518258888233076 0.8444842683324655 0.00872998971978184 0.013248764886389779
0 0.4204755565817343 0.8304784311668533 0.015117787075719917 0.010977548048723093
0 0.39332741781899794 0.8429701237740208 0.012775594711875869 0.015519981724056891
0 0.4013121645139204 0.832371111864909 0.008729989719781983 0.012491692607167693
0 0.38789779006645064 0.8777954486182458 0.010433402348032104 0.015519981724056891
