0 0.5520430405934652 0.72745888321488 0.016653325822618272 0.025781655017240546
0 0.42974396546681715 0.5605344419126157 0.022503720389472112 0.033743587540991514
0 0.5196241802639431 0.6831729794725959 0.017352634006076388 0.027583416597342786
0 0.4114569690492418 0.8176853980547115 0.014138936996459961 0.02299358226634838
0 0.5037738747066921 0.7361223432752821 0.011288483937581383 0.015651608690803433
0 0.5002617714254843 0.5417445168998438 0.019799232738274383 0.03398488991090773
0 0.3493312902672553 0.5176626981072204 0.015020107594553024 0.027106995524176513
0 0.05007304036771799 0.6774587814455961 0.013990996573332968 0.032727477364521605
0 0.415495779815954 0.9692361712773498 0.02687744078561323 0.034036576459102574
0 0.5804422657331426 0.9077085138320493 0.024668336063508035 0.036654774648264235
0 0.5123282034682323 0.8648355184845263 0.015831917175087327 0.018981936871422675
0 0.40445025620542796 0.843562658197587 0.015831917175087255 0.023563783702455366
0 0.38475240576665654 0.8389808113665539 0.012518260091929533 0.01832738732413219
0 0.36984094889244645 0.8406171852347799 0.014359180693683839 0.020291035966003505
0 0.3516158349350785 0.8425808338766514 0.01840920601754334 0.028145630533488487
0 0.5252606506350723 0.7124138713082246 0.014580743579979582 0.016147708737026676
0 0.45427382252051546 0.7330209887202916 0.015536857913093059 0.01954722636587434
0 0.4327612500254635 0.7362080364973363 0.00788794324818575 0.02167192488390441
0 0.4416053076067626 0.7296214710914438 0.010756286247525964 0.020397105773086396
