0 0.40700387954711914 0.16341783382274488 0.021617677476671003 0.02962153634907287
0 0.38963566886054146 0.7195970276255665 0.016817675696478948 0.02447147133909626
0 0.3650773233837551 0.7056064841188031 0.01918959617614746 0.028139185022424767
0 0.38519161277347136 0.6383446116506317 0.02541825506422255 0.032244741180796684
0 0.4237154192394681 0.6944791063850307 0.03660268253750271 0.04540243266541281
0 0.19409947925143772 0.2854089854676047 0.02548215124342177 0.03310318935064622
0 0.41271587212880456 0.973910578974971 0.021565092934502497 0.03249462739920911
0 0.46478684743245446 0.8117885825074748 0.018563588460286457 0.024958669403452937
0 0.48494230376349556 0.7279918576464242 0.017214298248291016 0.026763586350429205
0 0.44009085496266687 0.6282152246545862 0.016850074132283527 0.021348647129388502
0 0.5162567562527126 0.7230825306456766 0.018225775824652776 0.02748800207067419
0 0.34868923823038733 0.6395081885067033 0.024449772304958768 0.034802754720052086
0 0.35687924755944145 0.7930085217511212 0.014669550789727103 0.022977805431978204
0 0.5354357030656602 0.3045711399596414 0.017136626773410372 0.029196162282684703
0 0.45832337273491747 0.9819042535475743 0.016077147589789495 0.026902469587914736
0 0.44254913594987655 0.651848898993598 0.017627477645874023 0.023170800856602045
0 0.30208420753479004 0.7048904277660227 0.015901883443196613 0.029040819332923417
0 0.5509146319495307 0.5975304356327763 0.04279936684502496 0.04730314089928144
0 0.15852646032969156 0.05092427612822733 0.021284633212619357 0.03235893779330783
0 0.39744857947031653 0.5711423850353854 0.016822417577107746 0.024716742244767557
0 0.40887814097934294 0.7717792605176385 0.012280305226643883 0.019823380458502123
0 0.28253832128312856 0.6019091665008922 0.015731996960110135 0.024030520592206794
0 0.5226627720726862 0.7498406068778333 0.012172116173638236 0.014895639301818094
0 0.5304927031199137 0.8135770632896895 0.013553460439046226 0.024577388057002315
0 0.3740403122372097 0.7957544444519796 0.013937950134277344 0.027269669521002123
0 0.3741470840242174 0.7954418982988523 0.014414972729153104 0.02832860122492284
0 0.6181496249304878 0.6239103858853564 0.014336321089002822 0.021703508165147566
0 0.4599874284532335 0.598109092241452 0.012789090474446617 0.020217565842616705
0 0.4894532892439101 0.8639210359549818 0.012582619984944664 0.016778733995225694
0 0.5634836090935601 0.7146903379463856 0.00895955827501085 0.0166825188530816
0 0.2741645442114936 0.7307173882001712 0.012833012474907767 0.022383560369044174
0 0.5915030747398298 0.477767265846736 0.017561494796594204 0.02649006622516552
0 0.36187322611163675 0.5089877010406813 0.021286660359508006 0.02649006622516559
0 0.35357603381276526 0.40554482044265655 0.019460382610131007 0.02187118352096455
0 0.3366880006281113 0.45664385830527393 0.013868318641702545 0.019087578345569015
0 0.397372065596526 0.6388373877532666 0.012302540730542546 0.026643078107356857
0 0.2724453565418343 0.65534018986454 0.01252622328927977 0.0246547886963603
0 0.28418869087553406 0.6505682952781477 0.011407810495594077 0.025450104460759064
0 0.3093529787334621 0.7336787926578134 0.016105144229074 0.020678209874366617
0 0.3433527276615071 0.7678773705269579 0.021026160521291005 0.022268841403164003
0 0.3284778375054874 0.7957134222809128 0.015881461670336775 0.024654788696360015
0 0.28295843680247984 0.7575382655897747 0.013420953524228275 0.02863136751835384
0 0.3922067171239357 0.14758751182592245 0.010643330179754003 0.026490066225165556
