0 0.40291566318935823 0.6581760689064308 0.018642955356174044 0.029663415602695795
0 0.4465977880689833 0.7362759672565224 0.016604317559136286 0.025352807692539545
0 0.04079833461178674 0.23114118458312233 0.02494386500782437 0.04075916902518567
0 0.17265258474129966 0.7037653391947252 0.029213459167804316 0.03836642485301241
0 0.3299052140454715 0.6480872348348661 0.020002008078857082 0.027137227335057402
0 0.3547724590828847 0.8028876225337686 0.010001004039428522 0.02339416149573921
0 0.4480712993980795 0.8609051430432018 0.01763334922741343 0.018715329196591454
0 0.48017978605098155 0.8620748511179888 0.011316925623563776 0.019183212426506203
0 0.4417548757942299 0.8279193753342097 0.017633349227413362 0.024797811185483597
0 0.4323747808975037 0.7458691417985602 0.011898190434100115 0.01642416875609129
0 0.4571510127426299 0.7457447162776809 0.00937857363629071 0.017170721881368253
0 0.440913482267858 0.7568185876359544 0.010218445902227131 0.012940254171465852
0 0.46030053373989177 0.7104078683479088 0.012038169145089626 0.015179913547296309
0 0.43223480218651433 0.7133940808490163 0.008818658792333026 0.010202892712117233
0 0.49660709918900253 0.37984284170209986 0.03846057853756754 0.03681696407015011
