0 0.35271994272867835 0.6497587274622033 0.02002318700154622 0.028868734100718562
0 0.5277210606469048 0.6752565642933788 0.02786991331312392 0.03490419741030092
0 0.5003655221727159 0.6384651984697506 0.019583808051215276 0.030440671944323882
0 0.41853479544321703 0.6193442639009453 0.014504671096801758 0.023544028953269677
0 0.5094301435682509 0.7268996533052422 0.01282585991753472 0.02184220302252122
0 0.36969516012403697 0.6986672201274353 0.018496566348605685 0.028237331060715666
0 0.42718756198883057 0.7408292087507837 0.019551462597317167 0.025537043441960842
0 0.45052198568979895 0.7792706195219062 0.022876765992906355 0.03152442272798515
0 0.43782810370127356 0.6008805639949846 0.019277387195163302 0.022531203281732252
0 0.4094985061221652 0.6583859478985822 0.01084407170613607 0.0204745634102527
0 0.4185910489824083 0.5718166680983555 0.015752315521240234 0.024250831133053628
0 0.46977742513020837 0.7030652599570192 0.010305934482150607 0.01738272772894965
0 0.2059998843404982 0.6476814835159866 0.01992430951860216 0.029045575930748458
0 0.5031839741600884 0.6790256029293861 0.01024272706773546 0.021071587079836997
0 0.43347077899509 0.7078835993637275 0.014099068111843534 0.018534672113112462
0 0.4303931262758043 0.6572801095468026 0.015284193886650931 0.022991886845341435
0 0.3970430692036946 0.7107490256980614 0.015311241149902344 0.020836724175347224
0 0.488818539513482 0.710185957543644 0.010846879747178819 0.015461203492717979
0 0.4558997948964437 0.7247779045575931 0.021784623463948563 0.024529963363835842
0 0.6104467974768744 0.45190688710153837 0.013748751746283639 0.019963205596547066
0 0.34895886315239794 0.7573755523304879 0.010996447669135202 0.021269715862509645
0 0.47494430012173117 0.8411021762424045 0.011362764570448134 0.015778623981240355
0 0.46908436881171334 0.7481593850218221 0.010904524061414931 0.015052889600212192
0 0.4526996347639296 0.8515370215898679 0.012862576378716361 0.018048227569203316
0 0.5519862174987793 0.7262312806682822 0.012031449211968314 0.021853976779513888
0 0.47827680905659997 0.7252989639470607 0.012285073598225914 0.016906408616054205
0 0.3985388941235013 0.6909560215326003 0.014026191499498155 0.01658263029875579
0 0.41123852464887833 0.9058173850730614 0.016902791129218206 0.027117505485628857
0 0.2751332256529066 0.6714379581404321 0.01123621728685167 0.01946390411000193
0 0.5817567507425945 0.8246193403079185 0.00837940639919705 0.01431688850308642
0 0.5676537619696723 0.8732882370183497 0.011049800448947482 0.014513839910059799
0 0.49398803710937506 0.7319584363772544 0.009176890055338541 0.015322602825400272
0 0.38605027728610564 0.8267768577293114 0.0125324461195204 0.018541124131944444
0 0.508568286895752 0.8383696285294897 0.011019918653700087 0.01510271613980517
0 0.4252445432874892 0.7765345161343798 0.011879444122314453 0.015541830180603781
0 0.45566389295789933 0.724583943684896 0.022056685553656682 0.024191679777922453
0 0.4551550812191434 0.8240118144470969 0.013088173336452909 0.01698284384645062
0 0.39707634184095597 0.7097035867196543 0.01654375924004449 0.022977617051866316
0 0.27493348386552596 0.6710203429799022 0.012769937515258789 0.02103927989064911
0 0.39937779638502335 0.691265082653658 0.012772083282470703 0.01814962316442419
