0 0.5119519763522677 0.653720267025041 0.023069381713867188 0.03871931853117766
0 0.38082173135545516 0.7499974568684895 0.010062058766682945 0.01302752082730517
0 0.37025181452433265 0.6551961781066141 0.016010708279079862 0.023700808301384067
0 0.44417595863342285 0.7425808376736112 0.01653358671400282 0.02300968876591435
0 0.5056731965806749 0.7283614358784241 0.012248569064670138 0.017767070252218364
0 0.4057407246695624 0.7601569140398944 0.011256032519870333 0.021368662516276046
0 0.38960843920551375 0.8084739146292017 0.013093633063982679 0.02534668721521598
0 0.4317990346339025 0.7577805401987697 0.016003329300423415 0.02534668721521598
0 0.49450298852919766 0.8061461576400493 0.01280266344033862 0.024829407884293175
0 0.549059792962459 0.8281305292042671 0.022986600267880776 0.031554039186289344
0 0.5017772291202992 0.8410625124773364 0.017458177418643642 0.023277569891524904
0 0.3718591790171096 0.8423893904077383 0.015712359676779357 0.026381245877061445
0 0.34552642807732215 0.711259080018815 0.011347815322118393 0.02586396654613864
0 0.33170537095422914 0.6965166190875158 0.01222072419305057 0.018104776582297148
0 0.32894115952961056 0.7583314991327873 0.01309363306398275 0.03414043584090294
0 0.3430531862763476 0.8382511557603561 0.01222072419305057 0.022243011229679296
0 0.3778240563018128 0.8749779882558731 0.01251169381669456 0.023277569891525046
0 0.33039600764783095 0.8509244993679641 0.011347815322118322 0.021725731898756494
