0 0.4104630682203505 0.7580104404025607 0.013654708862304688 0.02541888201678241
0 0.3719384007983738 0.6958776874306761 0.0187529722849528 0.023719693407600308
0 0.3941571182674831 0.8026254912953319 0.010370572408040367 0.02092469768759645
0 0.07576923237906563 0.7966428686071325 0.02785726388295491 0.0438466955114294
0 0.5129777590433756 0.6784141210862148 0.013376235961914062 0.02224557193709008
0 0.3984270095825195 0.7628847522500121 0.014587720235188804 0.020658186924310377
0 0.4896778530544704 0.6907806161009235 0.010696517096625436 0.01790114979685089
0 0.4772883786095513 0.7344300069926697 0.013978269365098741 0.018399462287808643
0 0.4335505565007527 0.6908740997314454 0.02332901954650879 0.03169255197784047
0 0.4217135376400418 0.7272872924804688 0.01098685794406467 0.01772845232928241
0 0.3873863617579142 0.6930200317759572 0.015077193578084312 0.031116485595703125
0 0.4636860953436958 0.7287351349253712 0.008726014031304253 0.014513839910059799
0 0.03342071423927943 0.2252801023883584 0.018951053420702618 0.02864837646484375
0 0.46274382506118855 0.8518516025443509 0.016764840981884105 0.023721679756679492
0 0.42305563008366703 0.8603670773287999 0.009922048744380447 0.01885569416556578
0 0.39859264783459125 0.8329959083787851 0.01163274680375629 0.02128868696112278
0 0.39089450656739955 0.8399907626660109 0.008553490296879573 0.017030949568898137
0 0.39140771598521235 0.8226556889976684 0.008211350685004533 0.01885569416556578
0 0.3826831558823951 0.8147484624121085 0.01265916563938191 0.012773212176673496
0 0.1941642297391678 0.8530680989421293 0.01334344486313224 0.020072190563344208
0 0.1611477571932124 0.9166300357260527 0.02531833127876375 0.03771138833113142
0 0.42938521290335785 0.5863512637292068 0.013001305251257023 0.019463942364454992
0 0.4796797358490102 0.6429183462259042 0.012317026027506586 0.026762920751125564
0 0.4647966627324395 0.6854957201481493 0.010606327968131067 0.01824744596667697
0 0.460006708166187 0.707696779407606 0.00581637340187811 0.013989708574452066
0 0.5314525520481922 0.7234997346286918 0.009152707675802674 0.016699677162868198
0 0.5109793901417913 0.7254266204551766 0.012043036415529968 0.0162714803125381
0 0.49845463226964015 0.7234997346286918 0.00770754330593924 0.014130496060888476
0 0.4829191152936066 0.7264971125810016 0.007948404034249776 0.015843283462208292
0 0.46882876268743656 0.7138653054962678 0.00626237893607545 0.013702299210558521
0 0.4467637748284455 0.7398190200984687 0.007525021872050246 0.02136135241098131
0 0.44002766653975556 0.738416507061384 0.008131878474634958 0.018556326336812104
0 0.40216387053287783 0.6520606766261158 0.009588334320838214 0.019850953755659474
