0 0.5072200828128391 0.6705617315975236 0.022176265716552734 0.029029704906322337
0 0.43814898861779106 0.6576616263683931 0.012296438217163086 0.02065559669777199
0 0.25349578592512345 0.057734955976038796 0.018408272001478408 0.03205030641438049
0 0.5614541636572944 0.25090433050085 0.02727672788831923 0.03578032976315345
0 0.4566162427266438 0.7082270869502315 0.012479888068305123 0.015295428994261189
0 0.43168252044253885 0.7179339609028381 0.00974122683207194 0.01596479062680845
0 0.4453583293490939 0.7394721890673226 0.01570362514919705 0.020384800286940584
0 0.43141260412004256 0.6906244018931449 0.011701822280883789 0.023259716269410688
0 0.3624253670374553 0.6956926510657793 0.018852843178643122 0.030609130859375
0 0.37344415982564294 0.7004354500476225 0.014500512017144095 0.02657092059100116
0 0.09318393799993727 0.7603289521770712 0.022091898653242327 0.03779051038953993
0 0.4839306672414144 0.7260455849729938 0.012496365441216361 0.015621703348042052
0 0.42277794414096415 0.7339977452784407 0.01164595286051432 0.018543996928650656
0 0.3897421227561103 0.6992291109061536 0.011315849092271592 0.024222385736159334
0 0.4720292356279161 0.7080597583158518 0.010072761111789279 0.016194284698109566
0 0.5241861431123771 0.7080869762770196 0.012058522966172961 0.021488754837601275
0 0.466076480017768 0.7325286629759235 0.014404508802625868 0.016574106098693094
0 0.2744416528277927 0.682687830041956 0.015114492840237088 0.028376073013117283
0 0.40091449684566927 0.7228914661171996 0.010512961281670462 0.016367264735845873
0 0.35736564016514316 0.45445452184335977 0.013313277186081081 0.02103826518294305
0 0.5817902130317426 0.4286546531024619 0.009763069936459487 0.019986351923795737
0 0.43711926760966163 0.6303590205439271 0.010354771144729682 0.020512308553369323
0 0.42055163377809407 0.8404786940585696 0.012129874769540479 0.0147267856280601
0 0.27159085459605375 0.7245052572375968 0.018342737456378374 0.02261613507166359
0 0.5222129189802223 0.7338274136323767 0.00867451578717727 0.01858471758392369
0 0.5365592335513231 0.701996142025869 0.006672704451674676 0.016607619968612822
0 0.5323331873985956 0.6990304956029024 0.00489331659789471 0.01937555663004815
0 0.5251044242426146 0.6849931025341942 0.0073399748968423495 0.01660761996861268
0 0.5150953675651025 0.724732764601946 0.008229668823732083 0.013048844261052892
0 0.507199333963954 0.7249304743634771 0.008896939268899687 0.014235102830239441
0 0.4990808768810831 0.7290823793556303 0.00778482186028711 0.015421361399426275
0 0.3424209501117765 0.7596009038025013 0.008674515787177199 0.020561815199234845
