0 0.5127125189983581 0.8782371808498343 0.012002634077214793 0.019559848125831537
0 0.5837281039552122 0.8426738206210497 0.015203336497805324 0.02311618414870992
0 0.5055109385520292 0.7096668533653956 0.010002195064345614 0.019559848125831537
0 0.49770922640183957 0.7722583673680563 0.012002634077214722 0.02596125296701274
0 0.4768046387173572 0.7562548552651032 0.011002414570780274 0.019559848125831537
0 0.4738039801980535 0.7270928998774999 0.018604082819682902 0.015292244898377305
0 0.4600009510092565 0.7118006549791227 0.008201799952763409 0.011024641670923216
0 0.4421970437947212 0.7233587470534776 0.011002414570780274 0.01209154247778656
0 0.4505988876487716 0.759455557685694 0.012202677978501626 0.023827451353285626
0 0.4032885049944167 0.637117598498675 0.016803687708100697 0.025249985762437106
0 0.47760481432250484 0.6054662078950568 0.016603643806813794 0.025249985762436963
0 0.45539994127965755 0.5805718557349077 0.0202044340299782 0.0245387185578614
0 0.41299063420683196 0.5738148172914386 0.012202677978501626 0.02453871855786133
0 0.3807835660996389 0.5898183293943916 0.01180259017592789 0.026672520171588516
0 0.42229267561667344 0.6794379971709287 0.010402282866919563 0.026672520171588446
0 0.36658044910826815 0.7100224869676833 0.017803907214535217 0.035207726626496766
0 0.382984049013795 0.7135788229905619 0.009402063360484832 0.02311618414870992
0 0.34007463218775213 0.7350946559289764 0.016803687708100767 0.024183084955573406
0 0.3964650078636347 0.8833116841063667 0.013267520937435223 0.01719030961385215
0 0.3897188107768032 0.8749164166205321 0.01056904210270254 0.016390760329486796
0 0.44323864099899934 0.8583257689699539 0.013267520937435223 0.015990985687304404
0 0.5051912175797348 0.8621236280706888 0.008095436504197764 0.013192563192026085
