0 0.4430511395136515 0.6591150495741103 0.02295915285746257 0.031735220073181906
0 0.3603156407674153 0.7417690135814525 0.01636913087632921 0.02388932969835069
0 0.4167348411348131 0.5590501714635778 0.02072903845045302 0.02882380544403453
0 0.3530749877293905 0.6606327339454934 0.019692553414238825 0.0334268734778887
0 0.4651085270775689 0.6162983223243996 0.01692893770005968 0.030189749635296102
0 0.38007638189527726 0.7416357581998095 0.012734572092692055 0.02173817010573399
0 0.42281954818301726 0.8177320221324025 0.019290049870808918 0.03198138578438464
0 0.4616528352101644 0.7962109365580994 0.013139777713351779 0.024486070797767167
0 0.4592524899376763 0.7130920975296585 0.014243390825059678 0.022872077094184026
0 0.3738076951768663 0.9186631190923998 0.020430194007025823 0.032774748625578706
0 0.5890882809956869 0.6535278131932388 0.021439764234754778 0.03349379551263503
0 0.4987774689992268 0.2909715205063055 0.014153109656439889 0.023948481053481865
0 0.469049957063463 0.7136865545202185 0.013416449228922524 0.020548078748914934
0 0.09650540683004591 0.6847044626871746 0.017898208565182157 0.030253798873336225
0 0.3523136774698893 0.6292821625132619 0.019456333584255643 0.028254756221064815
0 0.5506954987843832 0.7268485316523798 0.012841383616129555 0.017810633153091244
0 0.5054687923855251 0.6558124400951244 0.01594066619873047 0.022218398105951002
0 0.39730962117513025 0.7532586933654032 0.011068238152398002 0.021174866476176696
0 0.4947242206997342 0.6737021222526645 0.013329188028971352 0.020615424638913003
0 0.46872509850396044 0.46165506339367524 0.01418219672309028 0.028931087917751737
0 0.4477261834674412 0.7368201738522377 0.012549426820543077 0.0178500516915027
0 0.4233652618196275 0.758410018167378 0.015322711732652452 0.019894588140793788
0 0.21486826075447932 0.6917875784414785 0.014581190215216745 0.02388396086516204
0 0.3674719598558214 0.7120094063841266 0.015024185180664062 0.02233768981180073
0 0.36456467045678037 0.8088496643819926 0.013829628626505532 0.02586440098138503
0 0.3382192585203383 0.9160947446469908 0.018222517437405057 0.03105389630353009
0 0.25107382403479683 0.609633598798587 0.01905565791659885 0.030490263008777007
0 0.14986054102579754 0.6953676718252676 0.016614066229926214 0.02771113831319927
0 0.4907160600026448 0.7275407579210069 0.01003800498114692 0.01508133499710648
0 0.5679121017456055 0.8736141817069348 0.01049719916449653 0.014472490475501542
0 0.5018829769558377 0.7248898494390794 0.008450931972927518 0.014261363465108989
0 0.5385826428731282 0.845913781060113 0.015626271565755207 0.024074130588107638
0 0.30658674240112305 0.640719802291305 0.013336976369222008 0.0240865636754919
0 0.4527670012580024 0.8806371806580343 0.012100961473253038 0.020847085081500773
0 0.4840045770009358 0.7078208216914424 0.007268534766303169 0.014479130874445406
0 0.5817921956380209 0.8260248443226754 0.009050157335069444 0.013507984302662037
0 0.4846267700195312 0.7612908210283444 0.01107438405354818 0.01591279771592882
0 0.5082946353488498 0.8380874822169174 0.011176427205403648 0.016464610158661266
0 0.47827823956807447 0.8402385476194781 0.01168468263414171 0.01860884678216628
0 0.5594366921318902 0.8249052542227286 0.010906431410047743 0.015686317726417823
0 0.6065581639607748 0.8530318648726852 0.010124948289659288 0.017723366066261573
0 0.33722620540195036 0.7595599374653379 0.011023256513807509 0.02261423181604456
0 0.2599005831612481 0.8296163111557194 0.017412636015150283 0.02388509114583333
0 0.519995715883043 0.825235296178747 0.010252581702338327 0.014500841682339892
0 0.2508803870942858 0.6097428121684509 0.01860674222310384 0.030200534396701388
0 0.43560238679250074 0.7200437475133826 0.013256894217597116 0.014315946602527007
0 0.34442891860797514 0.6158165068822534 0.014332416890480672 0.041572390512739685
0 0.32670198192764377 0.6039706106608815 0.03821977837461539 0.02950298681549256
0 0.28760214286677077 0.6562713600156184 0.013829525069762134 0.015198508359496259
0 0.28370473125620144 0.6712463608992397 0.014080970980121456 0.021009702732244905
