0 0.5439808368682861 0.6237027203595197 0.017667293548583984 0.026556132752218364
0 0.5035696029663086 0.6933071466139805 0.019556575351291232 0.023687480408468364
0 0.3900587293836805 0.6448690861831478 0.016095214419894747 0.0245396649395978
0 0.4017121791839599 0.6192425621880424 0.021355946858723954 0.031163015483338156
0 0.33519727653927267 0.7469167827088156 0.021147966384887695 0.03148387390890239
0 0.3975650072097778 0.7464333522466966 0.01831968625386556 0.021765061366705248
0 0.45036412609948057 0.6680346594916449 0.013879007763332792 0.018809801266517167
0 0.4142664935853746 0.7245165977948977 0.01622727182176378 0.017698688271604937
0 0.36383427513970273 0.7952294997227044 0.013275305430094399 0.023324095172646605
0 0.44791650772094727 0.6488153434094087 0.013726764255099826 0.016549098638840663
0 0.4764265484280057 0.7301294067759574 0.0115916993882921 0.016397876504026812
0 0.47498488426208496 0.7099303021843051 0.012363910675048828 0.01617992071457851
0 0.5315103001064724 0.9161384488329475 0.012896113925509982 0.02337721836419753
0 0.3079286548826429 0.5867313573389876 0.015066279305352103 0.025971918930242092
0 0.3820775747299194 0.7738145663414471 0.017557011710272893 0.024542867401499812
0 0.5241066614786785 0.7369512393150801 0.01396528879801432 0.019070943196614582
0 0.42660346296098495 0.740770975748698 0.01810288429260254 0.021380671748408565
0 0.551062371995714 0.72656876363872 0.010611746046278212 0.015961635259934413
0 0.4654817316267225 0.7567889366620852 0.013345771365695529 0.01611883846330054
0 0.5341853300730387 0.724675308039159 0.008204301198323568 0.015377468532986112
0 0.45171917809380424 0.7266399006784696 0.009959220886230469 0.014639724919825424
0 0.46106693479749894 0.7243116873281973 0.00979010264078776 0.01430426703559028
0 0.5018190013037788 0.7234940470000844 0.010960525936550565 0.016010472803940006
0 0.4868947135077583 0.7213872509238162 0.012578858269585502 0.01771248711480035
0 0.29230158858829075 0.10460956008345994 0.013181077109442819 0.021291332480348188
0 0.4873379866282145 0.825832884988667 0.012004905276828341 0.01983868634259259
0 0.2499870989057753 0.6253938792664328 0.013817045423719618 0.023071901297863618
0 0.4307964775297377 0.7757009576868127 0.00844015015496148 0.01680204603407118
0 0.43215452300177676 0.7220216444980951 0.0114951663547092 0.014219401795187114
0 0.31586843066745335 0.851575356942636 0.015379640791151259 0.0248483728479456
0 0.3836949666341146 0.7422673967149522 0.008983029259575738 0.017163453278718172
0 0.4117530584335327 0.9362853250385803 0.013230032391018338 0.02004778826678241
0 0.48719231287638354 0.8253657494062259 0.013168228997124564 0.020782376513069058
0 0.4860017034742567 0.7206901974148221 0.010731273227267794 0.015585864031756366
0 0.2502448691262139 0.6256790396607952 0.01261856820848253 0.02178262781213831
0 0.4553710354699029 0.824056507628641 0.011253092024061415 0.018644073863088348
0 0.44502358966403543 0.7075622935353973 0.008122232225206163 0.012284832236207561
0 0.5818649133046468 0.8250098051848235 0.008556736840142144 0.014530040599681713
0 0.4650990962982178 0.8495918556495949 0.010493543412950303 0.017757651246624227
0 0.5619290669759115 0.7725245864303024 0.012113359239366319 0.019481658935546875
0 0.5986559920840793 0.8374872560854311 0.010950565338134766 0.01512343795211227
0 0.4209546910391913 0.6104538058057244 0.010666661792331271 0.01756776409384645
0 0.5147385862138536 0.721101337009006 0.010310226016574435 0.012946093523943866
0 0.5018200344509549 0.8203757015275367 0.011485629611545138 0.014756944444444444
0 0.37275897132025826 0.7478555514488692 0.010274410247802734 0.014591687991295333
0 0.5357250902387831 0.8313785129123263 0.012540128495958116 0.018162480107060185
0 0.5479048622979058 0.8597642404061776 0.009536107381184896 0.013711529013551311
0 0.33207190160832545 0.11778618732261117 0.039380321665089896 0.03311258278145697
