0 0.5537203682793511 0.6147490371892482 0.02171145545111762 0.02812755255051601
0 0.4385298358069526 0.5708502310293693 0.02146238750881619 0.030510042920524692
0 0.47264525625440806 0.6264871667932581 0.01874950197007921 0.026525332603925544
0 0.34616586897108287 0.6850662466920453 0.014944341447618272 0.0269211663140191
0 0.3860144482718574 0.6478434904122058 0.01606938574049208 0.021328396267361112
0 0.43814408779144287 0.6695680736023703 0.015884108013576932 0.020097756091459296
0 0.4059387710359362 0.6529258209982035 0.014693710539076064 0.022043440077039934
0 0.4485673109690349 0.695004051114306 0.016209019554985896 0.022233609799985534
0 0.3014375236299303 0.6014055087242597 0.01422964202033149 0.027154475082585842
0 0.45599632793002665 0.7130053249406226 0.017773999108208552 0.024086422390407987
0 0.4332799381679959 0.6939528194474585 0.012344784206814237 0.02254297703872492
0 0.39000703228844535 0.6697306220914111 0.010629786385430228 0.01873986514998071
0 0.48867344856262207 0.7566287664719569 0.015149593353271484 0.022516321252893517
0 0.5318906307220459 0.916123237138913 0.013208442264133029 0.02403004964192708
0 0.4845153490702311 0.7368707539122781 0.012689272562662758 0.018500999168113427
0 0.5351568857828777 0.7311485667287567 0.012648476494683158 0.016483919120129243
0 0.3371840053134494 0.7695879288661627 0.009513431125217013 0.02478097986291956
0 0.4126337899102105 0.7017885137487341 0.02222585678100586 0.0336049868736738
0 0.4776772922939725 0.8707401605299963 0.012098842196994357 0.01881615909529321
0 0.5404855675167508 0.8512113594714508 0.013360394371880423 0.022801340362172063
0 0.3457982407675849 0.5670926600326727 0.01531794336107042 0.021105919355227622
0 0.43929029835595024 0.7811967826183931 0.013338539335462783 0.020161381474247685
0 0.46654534339904785 0.8636848543897088 0.012522962358262803 0.016631514937789353
0 0.5027831925286188 0.7243064126850647 0.010170406765407987 0.015233263557339892
0 0.5151305463578967 0.7239461357210888 0.012173069847954642 0.019135651765046297
0 0.4395937522252401 0.7690775365005303 0.01161773999532064 0.015781826443142362
0 0.34243526723649764 0.4580437695538556 0.02045973141988118 0.028862894317250188
0 0.4131593571768866 0.7025521125322507 0.021622949176364474 0.03376746472017265
0 0.40057693587409127 0.7764210406644846 0.013315783606635202 0.019425710042317707
0 0.5818819204966228 0.8245165318618587 0.008213943905300565 0.015141145682629243
0 0.42531042628818083 0.8597056070963542 0.01279862721761068 0.019387139214409724
0 0.45383924908108175 0.8793347676595054 0.010442839728461373 0.02022156891999421
0 0.47537906964619947 0.7401855845510226 0.01023509767320421 0.014364642861448689
0 0.5522523721059164 0.7215630802107447 0.012253496381971572 0.0164615018868152
0 0.34231959448920357 0.4517955544554157 0.025853898790147566 0.040777889298804014
0 0.4946568012237549 0.848305172390408 0.011723041534423828 0.01798436671127508
0 0.37007376882765025 0.7615712719199098 0.008853011661105685 0.015029483371310763
0 0.43696063094668924 0.7472647678704909 0.009259621302286783 0.016313246738763502
0 0.4392028384738499 0.7273846614507982 0.009204546610514322 0.013651388662832754
0 0.5956258243984647 0.8531598220636816 0.010030746459960938 0.01645867618513696
