0 0.4869751930236816 0.6470764301441334 0.022549735175238714 0.030351191391179592
0 0.5155248906877306 0.6565195012975623 0.021576404571533203 0.03105808776101948
0 0.4974656105041504 0.6046241713158879 0.01893138885498047 0.0274552239312066
0 0.39617270893520784 0.7258650226357541 0.014233642154269747 0.021610778055073304
0 0.23592395252651638 0.68327244417167 0.02021116680569119 0.03626726880485629
0 0.4614429473876953 0.7747863486961083 0.021072599622938372 0.02489980061848958
0 0.49461377991570366 0.47579974892698684 0.012526353200276695 0.023571815019772378
0 0.4149130185445149 0.7260602315266926 0.013535128699408639 0.020554719147858797
0 0.5225201977623833 0.7293746147626712 0.010454654693603516 0.017645706365137924
0 0.4193706512451172 0.7479287135748216 0.009864860110812716 0.017599411952642748
0 0.5320369137658013 0.9150073204511477 0.011506133609347872 0.021607952353395063
0 0.46306930647956 0.7286580874596111 0.00910202662150065 0.017836299943335264
0 0.5516681936052111 0.7217176931875723 0.011275450388590492 0.015535990397135414
0 0.5409129725562202 0.8504143703131029 0.012374613020155165 0.01650859691478588
0 0.5448237790001763 0.7385443463737582 0.008390373653835721 0.01524423669885706
0 0.3533279895782471 0.7927392559286989 0.013048330942789711 0.02207259189935378
0 0.2175399131245083 0.8760269070849007 0.013998203807406955 0.0238162382149402
0 0.43398139211866593 0.7530476605450666 0.010085688696967233 0.01543426513671875
0 0.4722552564409044 0.8615657665111399 0.010050084855821397 0.018478958695023147
0 0.4083287053638034 0.7376308205686969 0.009541591008504232 0.019376213167920524
0 0.4761030409071181 0.8273490152241272 0.009711265563964844 0.016346590018566743
0 0.44525512059529615 0.8520380655924478 0.011510954962836373 0.017353575906635804
0 0.3163156244489882 0.8533008245774257 0.010234832763671875 0.0160647733711902
0 0.502574152416653 0.7249836391872829 0.009466012318929037 0.015311912254050925
0 0.33277573850419784 0.6344448136694638 0.012053039338853624 0.021476463035300927
0 0.42096286349826384 0.8612552218967013 0.009837574428982206 0.01843487774884259
0 0.5140110651652019 0.7242950392358096 0.0103859371609158 0.01760313245985243
0 0.4350968334409926 0.7381983392032576 0.008319987191094292 0.014726662341459298
0 0.5726036230723063 0.8587353553301023 0.012266000111897789 0.01286730354214892
0 0.5817602740393745 0.8245314609857255 0.008253044552273221 0.014326495888792439
0 0.4059657520718045 0.85237521889769 0.01216178470187717 0.017469335485387733
0 0.46116365326775444 0.8613621276101948 0.010587957170274522 0.016473652404031636
0 0.592779212527805 0.8532331961172598 0.009780142042371962 0.014144614890769675
0 0.5612261825137669 0.8609802811234085 0.00831143061319987 0.014060314790702159
0 0.598660151163737 0.8373625484513648 0.010547531975640189 0.014358614697868442
0 0.4060957829157512 0.8512166341145835 0.013141870498657227 0.019707950544945986
0 0.2823143330179754 0.5856196783349101 0.009046830652790945 0.024597918637653676
0 0.4540385305678402 0.7993947486536086 0.016390658502018027 0.017245500101896453
0 0.44738501152052024 0.8221864408183087 0.02348666866739954 0.022666499285363385
