0 0.45722124311659074 0.7120517919093002 0.009135670132107206 0.019046689257209683
0 0.410777555571662 0.5678909678518036 0.017404370837741427 0.031550560468508876
0 0.42672200997670484 0.7011963644145446 0.02481865882873535 0.03745260356385031
0 0.5148443157132512 0.5220049883337355 0.021723388848660433 0.039906669884946455
0 0.05792903692976104 0.8052136133236784 0.015930485155684276 0.02703355056722174
0 0.48520251183787794 0.7007792746185609 0.011162542615185131 0.019224378948374296
0 0.4082856166301181 0.735817255605114 0.008023077504664187 0.02232508523037012
0 0.5073531823398858 0.7147324528875423 0.011511372071909633 0.017363955179176854
0 0.2954392873797314 0.7776767904120583 0.011860201528634136 0.026666074025164334
0 0.3238688881027809 0.82108667836 0.01151137207190967 0.019224378948374296
0 0.4403779266487753 0.8831008039999173 0.008720736418113263 0.019224378948374154
0 0.40671588407485776 0.8558145887183538 0.008371906961388903 0.022945226486769457
0 0.48258629091244387 0.8325592916033847 0.010116054245011483 0.019844520204773487
0 0.4525869576341339 0.8896122871921085 0.008720736418113263 0.028526497794361914
0 0.40950651972865404 0.719383512310536 0.006278930221041534 0.01674381392277752
