0 0.5884203381008573 0.650285956300335 0.017032305399576824 0.024240140561704284
0 0.5386859840816921 0.7263961132661795 0.017773893144395616 0.030819457254292054
0 0.4212022092607286 0.7965999650366513 0.015417204962836373 0.026677072784047063
0 0.48915203412373864 0.7025561391571421 0.022345277998182513 0.02466215910734954
0 0.5148047341240777 0.8127999011381174 0.017381456163194444 0.024547623999324846
0 0.37198049492306173 0.7430032565269942 0.02002549171447754 0.025102827284071184
0 0.6275135146247016 0.23834509908417126 0.021763059828016497 0.03371017361864632
0 0.3538714382383558 0.6259059199580439 0.013406568103366427 0.02455760814525463
0 0.3940322134229872 0.7457657331301842 0.011209805806477867 0.020333184136284724
0 0.3574505647023518 0.7080325373896846 0.01588259802924262 0.023682488335503474
0 0.5832800600263808 0.6006478674617814 0.024631235334608294 0.03585193775318287
0 0.5229815906948513 0.7805992879985291 0.022021823459201388 0.030510325490692516
0 0.46022396617465544 0.7143675721721884 0.010108576880560983 0.013623555501302086
0 0.375966191291809 0.7967310304994938 0.011375983556111656 0.018207785523967977
0 0.3752243916193644 0.6552774405773775 0.01748506228129069 0.02988659894024884
0 0.3515345652898153 0.7533899707558713 0.016691340340508357 0.03087733704366802
0 0.24757250150044757 0.6824234150074147 0.01556481255425347 0.03222152333200714
0 0.40621292591094965 0.7545756587275753 0.00872333844502767 0.017693602008584105
0 0.4214628007676866 0.9658773916739004 0.014553917778862845 0.028256828402295528
0 0.3936303853988647 0.61873577259205 0.01913173993428548 0.02326894689489294
0 0.25789884726206463 0.6016236764413339 0.01770154635111491 0.026409102074893904
0 0.5500639544592962 0.669053089471511 0.020571337805853948 0.03186642682110822
0 0.49836460749308265 0.7313157776255668 0.012334505716959633 0.017865734335816938
0 0.41471121046278214 0.7033487955729167 0.016958607567681208 0.0227426599573206
0 0.4302089479234483 0.29782086831552007 0.01989163292778863 0.02820970982681086
0 0.31914036803775364 0.7059309453140069 0.013314326604207359 0.02557443689416956
0 0.481453604168362 0.45949241261423374 0.013507684071858726 0.026453041735990546
0 0.42597070005204946 0.8503236652892313 0.013320419523451064 0.02079707016179591
0 0.4349641799926757 0.9255203435450423 0.02628262837727864 0.032798296139564045
0 0.46793998612297905 0.5664005044065876 0.026686403486463763 0.027668894073109563
0 0.4688631426502535 0.8309598519591277 0.010861694424330253 0.02188430284013208
0 0.16103314042323422 0.7061944063563498 0.015611830489864715 0.024670546946946672
0 0.25181304364207724 0.7951111693109703 0.01908112615427914 0.03392200205205185
0 0.28130205678959946 0.627557037962957 0.01792469426614101 0.029810244227560574
0 0.3026960467201548 0.6198474920420363 0.01908112615427907 0.024670546946946745
0 0.33495653530254693 0.620294653440941 0.014933365155257122 0.029973779523096697
0 0.34145977496693314 0.6948009053983529 0.015415086611878195 0.018840661414517824
0 0.34531354661990266 0.7204927164181499 0.014933365155257122 0.02483541731913732
0 0.36779433213028356 0.5448804920448644 0.012524757872151113 0.024407220468807226
0 0.4564310801485838 0.3590430590016651 0.009152707675802674 0.024407220468807368
0 0.45616753215921635 0.8432889338001519 0.012174493308753611 0.014609391970504362
0 0.4341012630371003 0.8278679089423973 0.012478855641472535 0.015150480562004702
0 0.42299203789286266 0.8265151874636468 0.012174493308753753 0.02002027788550606
0 0.4395797850260395 0.8597921358409069 0.010652681645159418 0.018397012111005608
0 0.47625544611865983 0.8643913888686583 0.009130869981565155 0.021102455068506318
0 0.5232794265237208 0.8646619331644083 0.007000333652533399 0.016232657745004958
0 0.4500802855048394 0.8527579841514047 0.010957043977878342 0.018397012111005608
0 0.40792610242328 0.830032263308398 0.010043956979721784 0.021643543660006658
0 0.35588014352835806 0.840583490842651 0.010043956979721855 0.016773746336505014
