0 0.45983592669169104 0.6612375989372348 0.019099076588948567 0.030829912350501542
0 0.3701533741421169 0.6763242792200159 0.021549224853515625 0.024460639482663003
0 0.4332249694400364 0.6361777458661869 0.018309275309244793 0.028007648609302663
0 0.5429126421610515 0.8084083839699073 0.01564757029215495 0.024069892035590276
0 0.47059851222568094 0.7404379197108892 0.016043080223931208 0.019347861961082177
0 0.40188495318094897 0.7376154911370925 0.011404726240370009 0.020834510709032597
0 0.5187234613630506 0.6498407905484423 0.02391491995917426 0.03790104242018712
0 0.43145389027065706 0.7976534337173274 0.012333446078830294 0.022161884072386187
0 0.3983634685546991 0.8582764112263034 0.013345117665364583 0.019562433692698278
0 0.4139327724976245 0.8817929538568875 0.014047492279331095 0.01914621169923663
0 0.37986760372024647 0.8532817473047635 0.01474986689329768 0.030384205522701394
0 0.42493664144976717 0.82747598371014 0.009364994852887491 0.019562433692698136
0 0.41685933338915176 0.8247705407526396 0.010067369466854003 0.016648879738466748
0 0.491428104905268 0.7452454792931086 0.00936499485288742 0.016232657745004816
