0 0.48891451623704696 0.705664363908179 0.014579402075873483 0.023053675522038967
0 0.4265702035692003 0.7953734927707248 0.01181438234117296 0.024095182065610534
0 0.3532579872343275 0.5952586656735267 0.012030151155259874 0.023290704797815392
0 0.4367746247185601 0.7375636866063248 0.011263847351074219 0.021774715847439237
0 0.46344682905409074 0.6757363213433158 0.016211509704589844 0.02632734510633681
0 0.4527415964338515 0.767870585123698 0.010137399037679039 0.01976380524811921
0 0.4676103197368215 0.7290471398479761 0.011497274855688886 0.022649286202198197
0 0.4576667306724419 0.7365048316462608 0.008389903273070303 0.023201707816885745
0 0.3618043173486572 0.6450790544154371 0.008079166114808417 0.02043959974344695
0 0.469213108975413 0.8513985856489935 0.007457691798284784 0.022096864587510225
