0 0.29795176453060573 0.6404413529384283 0.019322845670912 0.03235706282250675
0 0.3667494853337606 0.5873518814275295 0.01832922299702962 0.03007220044548129
0 0.378913958867391 0.32764852782826365 0.016655762990315754 0.025562733779718846
0 0.3785905838012695 0.7369911288037712 0.009517033894856771 0.016511987756799767
0 0.47007033560011124 0.7994684290002892 0.019149939219156902 0.03704664442274305
0 0.4565532223026792 0.47630541475581295 0.015206372194062255 0.03347011022608413
0 0.4933935642561319 0.7997069010471484 0.013724408948335381 0.030672964760724567
0 0.5002557687302996 0.7118706837778013 0.01097952715866832 0.023701836406014108
0 0.46770931322424686 0.7150076915374208 0.00941102327885865 0.016033595215833286
0 0.45008552851820144 0.725137795945991 0.007839604492632617 0.016396558415963654
0 0.436712085560181 0.7120205492132201 0.00830075769808154 0.01393707465356897
