0 0.3975439071655274 0.6623266950065707 0.014408270517985024 0.021682127022448882
0 0.4326359033584595 0.6598217811113521 0.01831454700893826 0.025951903543354554
0 0.4750570721096463 0.634160053582839 0.0173336664835612 0.02693246912073206
0 0.3789349926842584 0.6651010866518372 0.010716385311550565 0.02001001805434992
0 0.408570819430881 0.6931593388686944 0.012403541141086154 0.01962350915979456
0 0.45930865075853133 0.6908176563404226 0.01167069541083442 0.01775586163556134
0 0.4574496216244168 0.7071528964572482 0.012086815304226346 0.014242289978780864
0 0.4918061362372504 0.9155006408691406 0.013655980428059898 0.022251553005642362
0 0.396437234348721 0.6971872824209707 0.009925656848483615 0.015964037106360917
0 0.5469262599945068 0.7290044478428217 0.010171307457817923 0.012694135124300733
0 0.47485404544406473 0.741048742223669 0.010240342881944444 0.019649741090374227
0 0.4989475674099393 0.707149953018 0.01098897722032335 0.01619932386610243
0 0.5168596373664008 0.7217016102355203 0.009993341233995225 0.015276449697989004
0 0.5055226220024956 0.7299614423586998 0.010175387064615883 0.01361762152777778
0 0.5467914475335015 0.7579478040153598 0.010881212022569444 0.014750068570360726
0 0.5384438832600912 0.7435312859806014 0.013731002807617188 0.018401864134235148
0 0.49420608414544004 0.8622695546091339 0.012343353695339628 0.017452287085262346
0 0.3885357512368096 0.7342020435097777 0.009928464889526367 0.01619517950364101
0 0.4885247283511691 0.7373367356665339 0.013605700598822702 0.020053204194999036
0 0.3965146409140693 0.7307537220142507 0.008554167217678495 0.013716144326292439
0 0.4439829587936401 0.7228478325737848 0.00864847501118978 0.01264812328197338
0 0.614364915423923 0.8371977158534674 0.010220156775580514 0.019038730197482638
0 0.5265110598670112 0.7426509150752315 0.009533405303955078 0.014019247926311729
0 0.19674758116404212 0.8817934577847706 0.013366831673516166 0.024495631088445217
0 0.4883054362403022 0.7207271199167511 0.011320696936713327 0.01282157426998939
0 0.42675243483649355 0.8397399054633246 0.011349254184299044 0.017577654049720292
0 0.4042002227571275 0.7412657090175299 0.009522199630737305 0.013402585630063657
0 0.5667909251319038 0.8406044759868103 0.012859185536702476 0.016175164116753474
0 0.640292273627387 0.8482050954559702 0.00910684797498915 0.013114458248939042
0 0.5060868263244628 0.727826695383331 0.012841330634223092 0.01659134287893036
0 0.4838230874803331 0.7346298311963494 0.0111491945054796 0.018191773214457946
0 0.4009625249438816 0.8629319932725694 0.009796063105265299 0.016672016661844136
0 0.380171815554301 0.7060185656135465 0.008393738004896376 0.01804907527970679
0 0.5374919308556451 0.7472514635250892 0.01190858417087131 0.019247502456476658
0 0.4472776121563381 0.8537723870924961 0.01237856017218696 0.02016514907648534
