0 0.35257673263549805 0.6696738725827064 0.018984529707166884 0.027081336504147378
0 0.3975484636094835 0.7154529241868006 0.012543466356065538 0.021183531961323304
0 0.3977060582902696 0.5734009683868032 0.016672982109917536 0.025194568398558062
0 0.6093385219573975 0.6942795176564913 0.017066160837809246 0.0275546415352527
0 0.3525220288170709 0.7616589864095051 0.017124599880642362 0.02553077980324074
0 0.529136127895779 0.640279722802433 0.01655875311957465 0.026747762421031062
0 0.4386630323198107 0.6721150669050805 0.01620075437757704 0.0222355877911603
0 0.3648106786939833 0.648607748526114 0.02041329277886285 0.023612881884162808
0 0.5503984557257758 0.735883076985677 0.014947679307725694 0.025811183599778166
0 0.4166664150026109 0.6738451734001254 0.018242703543768987 0.024528880178192516
0 0.42697572708129883 0.7801461160918812 0.019860691494411893 0.024154427610797648
0 0.4124279816945394 0.7025669239185475 0.014558209313286673 0.028746710883246526
0 0.4665910138024224 0.6384932906539352 0.013228681352403428 0.021082654411410107
0 0.39614346292283803 0.7519880930582683 0.01823637220594618 0.02545811217508198
0 0.48776168293423117 0.6857260715814284 0.014779673682318795 0.026522977852527007
0 0.43515668974982363 0.7155368946216725 0.012086921268039279 0.019751654730902776
0 0.45937252044677734 0.8132643523039641 0.01564502716064453 0.029463214638792437
0 0.4436997969945271 0.7605679358965085 0.010223150253295898 0.02004411485460069
0 0.43592737780676943 0.9588604679814091 0.012452416949801974 0.02771532977068866
0 0.41799419456058073 0.6735537258195288 0.01602821879916721 0.02514248129762249
0 0.5368504789140489 0.7817681394977335 0.014199521806504991 0.024300092532310958
0 0.5060951444837782 0.7371163309356313 0.013081020779079862 0.021263546413845487
0 0.568071100446913 0.6915663024525585 0.024946212768554688 0.025170644124348954
0 0.5087986522250706 0.7610723471935884 0.011785189310709633 0.018903426182122877
0 0.5057794253031412 0.738184870025258 0.012439833747016061 0.019349792857228973
0 0.4549095100826688 0.7239586865460431 0.016753143734402128 0.02826968534493152
0 0.2943369812435574 0.6352310651614342 0.016578780280219182 0.02607030044367284
0 0.3801956574122112 0.7626320638774353 0.012108935250176322 0.015234299647955247
0 0.4217653804355197 0.6115643065652729 0.02484639485677083 0.029022405176986885
0 0.4870793024698893 0.5593978740550853 0.015457471211751304 0.026868325692635996
0 0.5223771466149224 0.7047779883867428 0.012952539655897353 0.015131632486979164
0 0.2727661662631565 0.8197889445740499 0.01641549004448785 0.02869245741102431
0 0.2575470209121704 0.6282615897096233 0.014519294102986656 0.022914321334273725
0 0.4496762884987725 0.6837450427773557 0.015942811965942383 0.023767683241102434
0 0.41073530250125456 0.7320209550268855 0.010232263141208224 0.014636757933063271
0 0.5289595656924778 0.7410964965820312 0.008866680992974175 0.015769675925925927
0 0.42193520069122314 0.6114231392189308 0.022361463970608182 0.0254012213812934
0 0.6061404497239488 0.47733385807746215 0.0174491202056344 0.020072190563344278
0 0.3621547791698839 0.5702326864586424 0.0208705163243863 0.02493817615445792
0 0.38884166889614846 0.9221442305421799 0.010606327968130743 0.03041240994446099
0 0.13634263533226146 0.7195576192859459 0.019501957876885568 0.034061899137796274
0 0.04858382488627635 0.5121449834647221 0.028055448173765218 0.030412409944460917
0 0.4319512599924218 0.17760847407565186 0.020186237100635936 0.030412409944460917
0 0.4893325558404223 0.8093089102568191 0.014549326996812866 0.021267164400279343
0 0.49967874392704476 0.7797073165645381 0.011639461597450306 0.02644025844359078
0 0.4297709535669654 0.7437759657827471 0.022470627250633087 0.022991529081383105
0 0.4457752132634594 0.7144617662039835 0.01374103105254541 0.025290681989521602
0 0.4549089574336809 0.7022475163794986 0.018105829151589318 0.01753104092455473
0 0.3717353047685678 0.8131816441971711 0.018590806718149475 0.025003287876007717
0 0.45903126674944444 0.8325807468595897 0.008244618631527345 0.014944493902899012
0 0.4507866481179172 0.8318622615757966 0.012447757541717692 0.0112083704271744
0 0.4506249889290638 0.8409151761515912 0.011154484030889904 0.012070552767726212
0 0.436953177932278 0.8568197986527083 0.013028345527005386 0.016844729570269407
0 0.436953177932278 0.8373430800870841 0.00829076533536714 0.017897525168411477
0 0.42481312869120474 0.8520822184610699 0.012436148003050604 0.0221087075609789
0 0.40112522773301323 0.8536614118582828 0.012436148003050604 0.01895032076655326
0 0.38720858592007557 0.8405014668815096 0.010659555431186263 0.020003116364695046
0 0.39609154877939745 0.8331318976945167 0.00947516038327663 0.017897525168411477
0 0.4043823141147645 0.8273415219047365 0.010659555431186192 0.01895032076655312
0 0.3647050800097935 0.8410278646805807 0.013028345527005386 0.01473913837398598
0 0.39638764754137484 0.8736645282229779 0.012436148003050533 0.016844729570269692
0 0.3644089812478161 0.8583989920499212 0.013620543050960165 0.01368634277584377
0 0.341017179051602 0.8573461964517793 0.011843950479095824 0.02000311636469519
