0 0.4855937725594771 0.5996510779716304 0.030608447921606725 0.030371173131516827
0 0.428024976613897 0.6766862931541755 0.0208208628303953 0.03195300506544982
0 0.3895864606193211 0.6426769065746124 0.016905828793910515 0.030371173131516684
0 0.512020252305748 0.7377450058039956 0.011211233831751315 0.015501952952544968
0 0.5470776025415418 0.7467614478274146 0.012634882572291133 0.01771651766005135
0 0.49191121384562264 0.7396432041247154 0.01299079475742623 0.015501952952544968
0 0.490337194726705 0.7516907161188076 0.01175620355113047 0.015731120641895018
0 0.47485187284483954 0.7515783509713654 0.009354398524555378 0.019102075065158174
0 0.4809195908067133 0.7446117118299549 0.0073318258705974415 0.016405311526547593
0 0.46916338725558293 0.7296671472201547 0.010871328015023779 0.014382738872589585
0 0.4591769347766656 0.7598933718820813 0.01213543592374755 0.01820315388562136
0 0.41613406048462354 0.7407912968169231 0.012009025132875096 0.01685477211631593
0 0.39812052278531085 0.7341617531178389 0.009607220106300076 0.014382738872589585
0 0.3686668085120485 0.7621406748309235 0.009607220106300218 0.02000099624469499
0 0.4363597870242028 0.7492186828750812 0.009480809315427764 0.015731120641895018
0 0.42371870793696575 0.7446117118299547 0.008469522988448759 0.01236016621863172
0 0.44944330387949316 0.7671971064658183 0.00910157694281068 0.016180581231663355
