0 0.20069376627604163 0.21924845377604163 0.023305177688598633 0.03455206788616416
0 0.426520480049981 0.6577135486367308 0.01955890655517578 0.02877812326690297
0 0.42792349391513407 0.5675779978434244 0.012749830881754555 0.025405459933810763
0 0.48215328322516543 0.7134054442982616 0.008805116017659506 0.013635470543378665
0 0.41930246353149414 0.8253322177463107 0.009578280978732638 0.015331221215518904
0 0.44528163803948295 0.6969995851869936 0.014856073591444228 0.02308146158854167
0 0.4892946349249946 0.6960095299614799 0.008782068888346354 0.01364969324182581
0 0.49087818463643385 0.729142130157094 0.010524060991075303 0.013664057225356867
0 0.43540814187791615 0.776320916635019 0.01732847425672743 0.027993331720799576
0 0.36492842793882685 0.47185206224556625 0.016614634356753585 0.031345523321584995
0 0.317542960716321 0.710699461464398 0.014580189333477662 0.02531753806743396
0 0.5422295079642323 0.8560353949893174 0.013011021186465896 0.019766238246914158
0 0.5130138513000768 0.8646568393310565 0.00898943281974013 0.020186796507486518
0 0.4575395882414172 0.8678110262853511 0.013957277272754497 0.01724288868347813
0 0.4437005929794487 0.8751707958453724 0.008516304776595974 0.019345679986341367
0 0.4511523596589702 0.876853028887663 0.005440972496158452 0.019345679986341367
0 0.42915190565276407 0.844680321953856 0.013011021186466038 0.01892512172576872
0 0.41247414213193023 0.8425775306509928 0.013720713251182346 0.014719539120042242
0 0.4058503495279112 0.831432736745818 0.008989432819740201 0.011775631296033992
0 0.40312986327983197 0.853932603686454 0.012064765100177581 0.021448471289204605
0 0.3710754383568111 0.8631848854190523 0.01230132912174966 0.021448471289204605
0 0.35297829070654474 0.8455214384750014 0.012537893143321882 0.01640177216233269
0 0.33864139688047473 0.8367006594092655 0.011591637057033281 0.018084005204623423
0 0.3609966969190391 0.7856028307496898 0.013247585208038117 0.021869029549777395
0 0.542677865486419 0.7252527203575161 0.007096920647163287 0.015560655641187537
0 0.4577513817420318 0.7124256934100507 0.00946256086288436 0.011775631296033992
