0 0.4585556301317991 0.7126054268898676 0.008708911792012799 0.013224643832315763
0 0.42589829010968033 0.7863074975165574 0.009763525354452369 0.02067570075060516
0 0.46243971956127067 0.7568254797795834 0.01163008167221541 0.013273289370758761
0 0.49015090181729015 0.7415101458902461 0.008758456567964715 0.01429431163004793
0 0.49646847704664177 0.7406167514133682 0.009907106609664993 0.012507522676291955
0 0.43688225613343934 0.7586122687333392 0.009907106609664993 0.016336356148626264
0 0.44743922687167187 0.7494556506393709 0.013418572153505295 0.013403201509572398
0 0.45757232388449937 0.7469963476100916 0.012657725278821984 0.017584016659347126
0 0.3748129342882667 0.7762005710827836 0.010098513063978203 0.016723260599099347
0 0.3819304336048829 0.8362484886975252 0.011033277739183731 0.02309474623542428
