0 0.4764749473995632 0.6893371770411362 0.016978740692138672 0.024312431429639278
0 0.35150844520992697 0.5619034001856674 0.012565109464857314 0.020979987250434026
0 0.3813124232821994 0.7022196922773197 0.012531227535671659 0.02187516954210069
0 0.4024045864741008 0.713334024688344 0.015166521072387695 0.019145918481143904
0 0.42145886686113143 0.7256934319013431 0.01249300109015571 0.017152621422284915
0 0.35125531090630424 0.7538039360517337 0.015779283311631944 0.025791827543282214
0 0.4565473662482368 0.7059749085226177 0.008374320136176215 0.01647534782503858
0 0.4486579365200466 0.7020909109233338 0.009330961439344618 0.016049750057267553
0 0.5017338328891331 0.7472721617898823 0.010589493645562064 0.013226073465229552
0 0.5157862239413792 0.72350099351671 0.011486689249674477 0.017797399450231483
0 0.4309388664033678 0.6801011120831524 0.017386886808607314 0.02266688405731578
0 0.4814852078755696 0.7589205518180941 0.01024627685546875 0.01639415599681713
0 0.5208670298258463 0.7743469756326558 0.017308023240831163 0.022543024133752892
0 0.4129949808120728 0.7529772534782504 0.012593666712443032 0.018401157708815587
0 0.4310664203431871 0.6796652005042558 0.01656937599182129 0.02074992803879726
0 0.49416091707017684 0.8613755025981384 0.014606369866265189 0.019556116174768517
0 0.6147653261820475 0.8381909028983411 0.009903907775878906 0.017553070445119598
0 0.5105081929100884 0.8597954644097221 0.009770340389675565 0.017237156997492283
0 0.4724212487538655 0.870766109890408 0.01116800308227539 0.02212778727213542
0 0.49124140209621847 0.9142172542619116 0.012471304999457467 0.01941539623119213
0 0.5323374536302354 0.7489099149350767 0.012408256530761719 0.018110911051432293
0 0.5724231137169732 0.7241142178759163 0.011562930213080514 0.017568894374517748
0 0.40130433771345353 0.7310065516719112 0.012136909696790908 0.013399995403525272
0 0.5050015184614394 0.7252191378746504 0.009250799814860025 0.015233781602647569
0 0.44098938835991747 0.8613094282738958 0.011045561896430123 0.02063054214289159
0 0.4865504370795356 0.7279026596634476 0.011386129591200087 0.015129513210720487
0 0.4980834590064155 0.7226684240647303 0.008961942460801866 0.01167368005823206
0 0.6354176468319364 0.8318024152590904 0.011245886484781899 0.014535315242814428
0 0.48844353357950854 0.7409754623601467 0.01216210259331597 0.019465222770785107
0 0.40501974688635933 0.8464580582983701 0.011352724499172635 0.016993958273051696
0 0.49771844016181105 0.7227882338158877 0.008455170525444878 0.011595596501856674
0 0.12345784320052058 0.5271778743418177 0.019098450881848486 0.0236457010918123
