0 0.4955188963148329 0.6653747794068888 0.015365282694498696 0.025461597207151812
0 0.42600205209520126 0.7129620210624035 0.009508132934570312 0.017582457742573304
0 0.4218116336398654 0.7945127604920188 0.01207786136203342 0.020770508566020446
0 0.45093795988294816 0.7435457912492163 0.013694445292154946 0.01590243680977527
0 0.4625366263919406 0.714021094051408 0.010346253712972008 0.015551625946421682
0 0.5117506451076931 0.6707453315640673 0.007749663458930122 0.02033808201919367
0 0.37077691819932723 0.7349641352523993 0.009319941202799479 0.019546179123866705
0 0.43658037980397535 0.6893323968957971 0.015388833151923288 0.023400342022931134
0 0.499857489829944 0.8320645758994633 0.013991560339801338 0.023963864863833208
0 0.5237455196783852 0.7268055745355377 0.010920242216430438 0.019110423878753124
0 0.48373306968224605 0.7125485916418648 0.009384583154744774 0.015470343139943025
0 0.48262398258213984 0.7293839650588615 0.010237727077903429 0.016380363324645514
0 0.4126657156318241 0.7629002548422851 0.017916022386330964 0.02487388504853584
0 0.37888121627474275 0.8564806638358615 0.01347967398590619 0.023357184740698075
0 0.3501302660642973 0.834640179403001 0.01501533304759171 0.023357184740698214
0 0.30670524037552355 0.7864091096137669 0.0189397950941213 0.02639058535637332
0 0.2963821989053043 0.8454087515886474 0.012967787632011039 0.020020444063455614
0 0.4796678136183998 0.8395452021246619 0.019475639445202902 0.023862044725654098
