0 0.4741110271877713 0.6163244129698954 0.022024048699273005 0.026930962079836997
0 0.5679194397396511 0.6860032493685498 0.019658141665988497 0.026063848424840858
0 0.4743400944603814 0.6843124436743464 0.017356607649061415 0.023431424741391784
0 0.3471522463692559 0.5893195352436584 0.016643285751342773 0.026744041913821372
0 0.42880003982120085 0.6205510739926939 0.017470068401760526 0.026153752833236885
0 0.4494450489679972 0.17123420738879547 0.021126190821329757 0.03258659221507885
0 0.3603898684183756 0.7751624260419682 0.013568719228108726 0.02278904855987172
0 0.45567501915825737 0.6646956926510658 0.015255504184299044 0.022381629472897378
0 0.31461502446068657 0.7001916155403043 0.016712639066908095 0.025846081015504438
0 0.40377423498365617 0.6834450239016685 0.01539203855726454 0.02229365596064815
0 0.46245124604966903 0.7159024226812669 0.017739825778537326 0.029486620867693866
0 0.5730524592929416 0.5868793063693577 0.0165561040242513 0.02684557879412616
0 0.4423504670461019 0.7255477434323158 0.014521969689263236 0.021030849880642362
0 0.5616541968451606 0.5644718923686463 0.015768580966525607 0.02306841626579379
0 0.43637251853942877 0.6514520291928892 0.010657469431559242 0.019652331316912616
0 0.3926879167556762 0.704335789621612 0.014222701390584312 0.025766584608289934
0 0.48263557751973474 0.7315898942358698 0.01965634028116862 0.02339765760633681
0 0.5379997359381781 0.7510106593002509 0.012331114874945748 0.018388442051263502
0 0.3387624025344849 0.4484122947410301 0.018029345406426325 0.03069051106770833
0 0.4782615767584907 0.774370711526753 0.0120189454820421 0.023847650598596642
0 0.43455309338039827 0.764605110074267 0.011148982577853732 0.016226780267409337
0 0.4372122287750244 0.5741841587019556 0.013229317135281034 0.021123391610604746
0 0.3539149496290419 0.9300111370322145 0.013709916008843314 0.026596446096161266
0 0.4091070890426636 0.7515094898365163 0.011514478259616427 0.01734990249445409
0 0.5025906827714708 0.7256045400360485 0.008405738406711154 0.014256135917004243
0 0.4235503938462999 0.7554796948845004 0.009970082177056206 0.015331974735966435
0 0.4349281655417548 0.7856831256254219 0.01737909846835666 0.025084554413218562
0 0.5818497074974908 0.8242711667661314 0.007576995425754124 0.014250107753423997
0 0.38678824901580805 0.8147690855426554 0.014497836430867515 0.029392289526668596
0 0.21136945486068726 0.2891194496625735 0.012021210458543565 0.019642747478720583
0 0.30187265078226727 0.768741018978166 0.014288054572211373 0.0223282708062066
0 0.5149698257446289 0.724244741745937 0.01420243581136068 0.018305319326895254
0 0.42413087685902917 0.6997468030011212 0.013554705513848197 0.018561516279055747
0 0.5426304075453017 0.7286021385663822 0.011758380466037326 0.017628987630208332
0 0.5817334916856555 0.8633430857717255 0.00894323984781901 0.014784165370611497
0 0.5250938733418782 0.8537112577461902 0.009935908847384982 0.015677934811439042
0 0.43033554818895126 0.7368620177845895 0.009295463562011719 0.01354561323001061
0 0.44189325968424487 0.8593722213933497 0.011332405938042533 0.013543493953751928
0 0.5910785463121203 0.8520885985574606 0.009878794352213541 0.013294832206066743
0 0.38056460026801686 0.4798794425787078 0.016633035067693598 0.02553758919484274
0 0.3732982302124417 0.810820227411889 0.013986870397833187 0.02486554737392581
